   1.0e+02 *

   0.008870233273059
   0.001384994937408
   0.014631172252755
  -0.000067901845701
  -0.000465662297136
  -0.000098789347269
   0.000419454773186
   0.037748657666579
   0.008961431396439
   0.007212836758738
   0.438278027204165
   0.003724099283168
  -0.004303077971716
  -0.012746388344157
  -0.007947301073852
   0.023300758439892
   0.033366573241356
   0.000520777476582
  -0.001560732497602
  -0.004634039504834
  -0.001036392822092
   0.006217035328929
   0.002031413192946
   0.000013235082619
   0.000001922669578
   0.000006574740042
  -0.000000000145222
   0.000004007160265
  -0.000000000014950
   0.000005279347480
   0.000018894030477
   0.000029441670116
  -0.000835554922274
   0.013321261242504
   0.003568312793953
   0.001329328917023
   9.365846445656963
   0.000000417452142
  -0.000005688316274
  -0.000009246531645
   0.001427644363573
   0.000010860779802
   0.000001318324191
  -0.520723863820110
   0.711429112871834
   0.005765939082506
   0.000009033205155
  -0.000000000042535
   0.000007027011005
   0.000056582679058
   0.000028123849833


logL =

 -64.424263344123162

   1.0e+03 *

   0.000881233701294
   0.000139588563150
   0.001456494175456
  -0.000007022055958
  -0.000046660398443
  -0.000009925861726
   0.000041393842351
   0.003803995461262
   0.000898462700229
   0.000721685702785
   0.049241465300906
   0.000370488650470
  -0.000415878690420
  -0.001243182206889
  -0.000783847413818
   0.002332537723103
   0.003349507725877
   0.000051205590681
  -0.000155552314291
  -0.000458326479222
  -0.000101055849145
   0.000620694027835
   0.000205340916901
   0.000001322763934
   0.000000191423349
   0.000000655758562
  -0.000000000000155
   0.000000400700900
  -0.000000000000000
   0.000000527842383
   0.000001884660556
   0.000002942120051
  -0.000086935832022
   0.001315668581180
   0.000359676862518
   0.000128862736106
   1.042395619175034
   0.000000002556464
  -0.000000523389581
  -0.000000955976520
   0.000140704586324
   0.000001004790067
   0.000000123174400
  -0.054091058412671
   0.080861435406787
   0.000553360370655
   0.000000904116535
  -0.000000000000173
   0.000000703306832
   0.000005646749756
   0.000002810500322


logL =

 -64.428173095578586

   1.0e+03 *

   0.000881233701294
   0.000139588563150
   0.001456494175456
  -0.000007022055958
  -0.000046660398443
  -0.000009925861726
   0.000041393842351
   0.003803995461262
   0.000898462700229
   0.000721685702785
   0.049241465300906
   0.000370488650470
  -0.000415878690420
  -0.001243182206889
  -0.000783847413818
   0.002332537723103
   0.003349507725877
   0.000051205590681
  -0.000155552314291
  -0.000458326479222
  -0.000101055849145
   0.000620694027835
   0.000205340916901
   0.000001322763934
   0.000000191423349
   0.000000655758562
  -0.000000000000155
   0.000000400700900
  -0.000000000000000
   0.000000527842383
   0.000001884660556
   0.000002942120051
  -0.000086935832022
   0.001315668581180
   0.000359676862518
   0.000128862736106
   1.042395619175034
   0.000000002556464
  -0.000000523389581
  -0.000000955976520
   0.000140704586324
   0.000001004790067
   0.000000123174400
  -0.054091058412671
   0.080861435406787
   0.000553360370655
   0.000000904116535
  -0.000000000000173
   0.000000703306832
   0.000005646749756
   0.000002810500322


logL =

 -64.428173095578586

