   0.860400000000000
   0.131600000000000
   1.452800000000000
  -0.007358000000000
  -0.044381000000000
  -0.009482000000000
   0.047200000000000
   3.648900000000000
   0.877400000000000
   0.717600000000000
   0.320800000000000
  -0.427000000000000
  -1.243900000000000
  -0.694700000000000
   2.126100000000000
   3.077200000000000
   0.032900000000000
  -0.146800000000000
  -0.363000000000000
  -0.078800000000000
   0.598300000000000
   0.152400000000000
   0.001314000000000
   0.000187000000000
   0.000654000000000
                   0
   0.000395000000000
                   0
   0.000531000000000
   0.001900000000000
   0.002979000000000
   0.026900000000000
  -0.020900000000000
   0.107200000000000
  -0.221400000000000
  -0.000712000000000
  -0.000038000000000
  -0.000601000000000
   0.009136000000000
   0.006006000000000
   0.004707000000000
   0.004112000000000


logL =

 -59.922617547631866

   0.860400000000000
   0.131600000000000
   1.452800000000000
  -0.007358000000000
  -0.044381000000000
  -0.009482000000000
   0.047200000000000
   3.648900000000000
   0.877400000000000
   0.717600000000000
   0.320800000000000
  -0.427000000000000
  -1.243900000000000
  -0.694700000000000
   2.126100000000000
   3.077200000000000
   0.032900000000000
  -0.146800000000000
  -0.363000000000000
  -0.078800000000000
   0.598300000000000
   0.152400000000000
   0.001314000000000
   0.000187000000000
   0.000654000000000
                   0
   0.000395000000000
                   0
   0.000531000000000
   0.001900000000000
   0.002979000000000
   0.026900000000000
  -0.020900000000000
   0.107200000000000
  -0.221400000000000
  -0.000712000000000
  -0.000038000000000
  -0.000601000000000
   0.009136000000000
   0.006006000000000
   0.004707000000000
   0.004112000000000


logL =

 -59.922617547631866

