   1.0e+03 *

   0.000882506526132
   0.000138096601427
   0.001462950504427
  -0.000007202146888
  -0.000047181158272
  -0.000010857260020
   0.000040749289558
   0.003857098434397
   0.000957662984613
   0.000724902978725
   0.047248692754738
   0.000367614826070
  -0.000408007114114
  -0.001254054165063
  -0.000783347322133
   0.002327482785252
   0.003336321348438
   0.000050937132907
  -0.000153635180556
  -0.000460712814592
  -0.000100849187181
   0.000622656850413
   0.000208079734049
   0.000001356106166
   0.000000193338630
   0.000000657553338
  -0.000000000000165
   0.000000402142398
  -0.000000000000000
   0.000000522496980
   0.000001857367908
   0.000002774078646
  -0.000087145473899
   0.001052848075697
   0.000256216293363
   0.000144839132894
   1.047403631809690
   0.000000002707069
  -0.000000515928561
  -0.000001162720179
   0.000149010352835
   0.000001099252316
   0.000000123247740
  -0.053826385871404
   0.081333211377647
   0.000556622264117
   0.000000954101710
  -0.000000000000131
   0.000000803353341
   0.000368226357274


logL =

 -63.801831180194313

if system_dependent('IsDebugMode')==1, dbstep; end
if system_dependent('IsDebugMode')==1, dbstep; end
   1.0e+03 *

   0.000886763917943
   0.000142481091884
   0.001464156073154
  -0.000007374908791
  -0.000046774384763
  -0.000010755949455
   0.000041588730486
   0.003851078013373
   0.000915205640220
   0.000721785906678
   0.044087525197146
   0.000370210341674
  -0.000408221159837
  -0.001248198495830
  -0.000778367935428
   0.002340777180173
   0.003353259631715
   0.000052587595854
  -0.000151515821894
  -0.000460266496281
  -0.000100745515007
   0.000620678274149
   0.000210295366076
   0.000001309599719
   0.000000190976476
   0.000000645046004
  -0.000000000000163
   0.000000396604753
  -0.000000000000000
   0.000000537012047
   0.000001944513449
   0.000003013751504
  -0.000086625421842
   0.000947467426798
   0.000194055744714
   0.000169661782040
   1.048285028290562
   0.000000002745870
  -0.000000533568542
  -0.000001190018278
   0.000158498429058
   0.000001129899709
   0.000000122435793
  -0.053506319796672
   0.080691821349220
   0.000560853732491
   0.000000976344558
  -0.000000000000138
   0.000000799017356
   0.000355982699695

if system_dependent('IsDebugMode')==1, dbstep; end
if system_dependent('IsDebugMode')==1, dbstep; end

logL =

 -63.836190263169037

if system_dependent('IsDebugMode')==1, dbstep; end

exitflag =

     0

if system_dependent('IsDebugMode')==1, dbstep; end
-----
if system_dependent('IsDebugMode')==1, dbstep; end
   1.0e+03 *

   0.000886763917943
   0.000142481091884
   0.001464156073154
  -0.000007374908791
  -0.000046774384763
  -0.000010755949455
   0.000041588730486
   0.003851078013373
   0.000915205640220
   0.000721785906678
   0.044087525197146
   0.000370210341674
  -0.000408221159837
  -0.001248198495830
  -0.000778367935428
   0.002340777180173
   0.003353259631715
   0.000052587595854
  -0.000151515821894
  -0.000460266496281
  -0.000100745515007
   0.000620678274149
   0.000210295366076
   0.000001309599719
   0.000000190976476
   0.000000645046004
  -0.000000000000163
   0.000000396604753
  -0.000000000000000
   0.000000537012047
   0.000001944513449
   0.000003013751504
  -0.000086625421842
   0.000947467426798
   0.000194055744714
   0.000169661782040
   1.048285028290562
   0.000000002745870
  -0.000000533568542
  -0.000001190018278
   0.000158498429058
   0.000001129899709
   0.000000122435793
  -0.053506319796672
   0.080691821349220
   0.000560853732491
   0.000000976344558
  -0.000000000000138
   0.000000799017356
   0.000355982699695


logL =

 -63.836190263169037

   1.0e+03 *

   0.000897239524924
   0.000144562792548
   0.001469867126663
  -0.000006457356793
  -0.000047025338060
  -0.000010023571722
   0.000041613911352
   0.003752446038757
   0.000901843068007
   0.000718502732524
   0.046976962900476
   0.000371549048714
  -0.000413195657687
  -0.001236378508976
  -0.000774383077851
   0.002357315258442
   0.003345540868288
   0.000053161115891
  -0.000154352366231
  -0.000473793617514
  -0.000098896559559
   0.000618595213440
   0.000217935473847
   0.000001313751047
   0.000000188308958
   0.000000650416166
  -0.000000000000116
   0.000000404368395
  -0.000000000000000
   0.000000541238138
   0.000001874568217
   0.000002962428627
  -0.000087704544090
   0.001112381751494
   0.000183691199217
   0.000249433751298
   1.050117943448596
   0.000000001801764
  -0.000000750573336
  -0.000001352645118
   0.000157332104416
   0.000001113139609
   0.000000122026273
  -0.053194417184725
   0.080584638140935
   0.000550052468501
   0.000001019089533
  -0.000000000000130
   0.000000778245762
   0.000340233562648


logL =

 -63.849686546545492


exitflag =

     0

-----
   1.0e+03 *

   0.000896781076941
   0.000140589142230
   0.001454542564543
  -0.000006966567114
  -0.000046988463833
  -0.000009886718366
   0.000040579503135
   0.003828878662043
   0.000904505886138
   0.000724875299771
   0.061588804945750
   0.000380042282076
  -0.000413579818442
  -0.001247530821701
  -0.000778747149756
   0.002351906998083
   0.003348216184700
   0.000053387570695
  -0.000157510162180
  -0.000475528487521
  -0.000099857808165
   0.000618926766636
   0.000214705873536
   0.000001313186111
   0.000000193509156
   0.000000650743708
   0.000000000000185
   0.000000401795706
  -0.000000000000000
   0.000000538090034
   0.000001892728943
   0.000002940527565
  -0.000087888038171
   0.001391414963892
   0.000174831063958
   0.000298614627070
   1.060863800852566
   0.000000002941849
  -0.000001353718359
  -0.000001383047332
   0.000160149069306
   0.000001107994986
   0.000000120902631
  -0.053263807373815
   0.081571909161515
   0.000539406036599
   0.000001008309970
  -0.000000000000205
   0.000000771010043
   0.000342798824778


logL =

 -63.856863455156990


exitflag =

     0

-----
   1.0e+03 *

   0.000898366302943
   0.000144789558399
   0.001453835096061
  -0.000006908976054
  -0.000047470245237
  -0.000009997670406
   0.000037897152529
   0.003913971386870
   0.000902239432776
   0.000736361726348
   0.077514616641979
   0.000383371731517
  -0.000409618912498
  -0.001270166758103
  -0.000783670977907
   0.002375445846184
   0.003386157414129
   0.000054978230461
  -0.000156648070689
  -0.000490214983856
  -0.000098932130155
   0.000614993499815
   0.000222517313281
   0.000001320577049
   0.000000181984022
   0.000000654161288
   0.000000000000250
   0.000000402925568
  -0.000000000000000
   0.000000543551234
   0.000001893524231
   0.000002912771811
  -0.000088264805546
   0.001580844373616
   0.000156814812147
   0.000348823998462
   1.071042166089112
   0.000000003786354
  -0.000000703960474
  -0.000001269786327
   0.000164279421199
   0.000001139046173
   0.000000119572073
  -0.052370387415761
   0.083111040602057
   0.000524541645467
   0.000001007955744
   0.000000000000274
   0.000000767404984
   0.000338448197166


logL =

 -63.861439804002110


exitflag =

     0

-----
   1.0e+03 *

   0.000899036798800
   0.000138578057274
   0.001448677520989
  -0.000007081320969
  -0.000047409863894
  -0.000010204359727
   0.000037397124740
   0.003919495071419
   0.000902309723241
   0.000731256663629
   0.087157283584345
   0.000387366745469
  -0.000411791206000
  -0.001296036850554
  -0.000784740577101
   0.002371971167289
   0.003403655927518
   0.000054643620975
  -0.000154841578087
  -0.000489189168749
  -0.000099349558302
   0.000612832674656
   0.000220999917632
   0.000001313572293
   0.000000193058404
   0.000000650908381
   0.000000000000378
   0.000000402493914
  -0.000000000000000
   0.000000541293938
   0.000001885859420
   0.000002932480314
  -0.000088309792547
   0.001650452166458
   0.000160644034636
   0.000361855813126
   1.076139939438020
   0.000000003387626
  -0.000000777142263
  -0.000001266863117
   0.000160095827692
   0.000001117117456
   0.000000118949238
  -0.052320787136228
   0.083977302957587
   0.000517256926689
   0.000001010827114
   0.000000000000165
   0.000000764688777
   0.000341534424160


logL =

 -63.863862777177879


exitflag =

     0

-----
   1.0e+03 *

   0.000898668121329
   0.000142593490339
   0.001450706727734
  -0.000007060513935
  -0.000047442087991
  -0.000010085126007
   0.000036864693699
   0.003954748981451
   0.000904686352639
   0.000742554417509
   0.094576361927838
   0.000388876742703
  -0.000409321632537
  -0.001301644926381
  -0.000784449863126
   0.002376355373388
   0.003399788479338
   0.000055021512300
  -0.000154172129304
  -0.000487906894772
  -0.000099098871526
   0.000614012232128
   0.000222548141241
   0.000001313119577
   0.000000178440733
   0.000000651832915
   0.000000000000616
   0.000000401391448
  -0.000000000000000
   0.000000544958442
   0.000001879840777
   0.000002963959753
  -0.000088737591570
   0.001679068987381
   0.000155724338995
   0.000380553669533
   1.079756913148154
   0.000000004359025
  -0.000000613789511
  -0.000001275267167
   0.000160896169747
   0.000001119444972
   0.000000118457111
  -0.052070628816940
   0.084284732452139
   0.000510437056684
   0.000001019381579
   0.000000000000074
   0.000000768944638
   0.000339579734697


logL =

 -63.865000719722481


exitflag =

     0

-----
   1.0e+03 *

   0.000895317679700
   0.000146078738578
   0.001437537256729
  -0.000007459968426
  -0.000046831377378
  -0.000010282462205
   0.000034551242725
   0.003915671640535
   0.000902515979942
   0.000730927193436
   0.110263754513539
   0.000382360572887
  -0.000411668190782
  -0.001305712179833
  -0.000781421576134
   0.002381192311822
   0.003319126118663
   0.000056377226454
  -0.000152377509964
  -0.000484218792149
  -0.000098292748210
   0.000616430414789
   0.000210313149630
   0.000001309336089
   0.000000194606315
   0.000000649031309
   0.000000000002519
   0.000000401596886
  -0.000000000000000
   0.000000540760669
   0.000001877067018
   0.000002921268325
  -0.000089963332816
   0.001783225218556
   0.000149053630944
   0.000403071099791
   1.090133953288388
   0.000000004049892
  -0.000000473408088
  -0.000001328891902
   0.000166019453559
   0.000001130546837
   0.000000117047115
  -0.051157876101055
   0.084045395032499
   0.000489798652128
   0.000001015102063
  -0.000000000000204
   0.000000766475459
   0.000337258778586


logL =

 -63.866918011458708


exitflag =

     0

-----
   1.0e+03 *

   0.000893969404605
   0.000147088526268
   0.001438930424218
  -0.000007126807963
  -0.000047175493741
  -0.000010303837897
   0.000034477749206
   0.003989049885004
   0.000912736382788
   0.000746943043474
   0.116398490981903
   0.000383277016788
  -0.000409983972657
  -0.001291305391988
  -0.000782269993815
   0.002391044128302
   0.003339980435090
   0.000056942746249
  -0.000153432443977
  -0.000487822838646
  -0.000098844895602
   0.000616077794169
   0.000210160922869
   0.000001310510092
   0.000000180706054
   0.000000652574269
   0.000000000002474
   0.000000402415498
  -0.000000000000000
   0.000000543337155
   0.000001886954153
   0.000002958703286
  -0.000090307346502
   0.001820941971500
   0.000149859026154
   0.000409393879403
   1.094046762136496
   0.000000001907463
  -0.000000647869356
  -0.000001186118809
   0.000165042287406
   0.000001122156325
   0.000000116713121
  -0.051131867871099
   0.085254740925428
   0.000480866815353
   0.000001016554044
  -0.000000000000199
   0.000000767357770
   0.000338543016271


logL =

 -63.868377906172164


exitflag =

     0

-----
   1.0e+03 *

   0.000893621183675
   0.000144538192823
   0.001440276164595
  -0.000007444571164
  -0.000047394342354
  -0.000010304072783
   0.000034004178548
   0.003968169489278
   0.000907629174968
   0.000734452226456
   0.117634798598540
   0.000383559459802
  -0.000410781646590
  -0.001294616408586
  -0.000778772041856
   0.002388772893867
   0.003327065329361
   0.000056612148755
  -0.000152510372282
  -0.000488080509347
  -0.000098891024716
   0.000615804334767
   0.000210336705972
   0.000001314698940
   0.000000187029635
   0.000000651798104
   0.000000000002133
   0.000000400437181
  -0.000000000000000
   0.000000545476253
   0.000001878082165
   0.000002932418036
  -0.000090675311905
   0.001853398049769
   0.000148649725035
   0.000420508488915
   1.104202692809146
   0.000000001008358
  -0.000000433812775
  -0.000001341105672
   0.000165230752453
   0.000001121684724
   0.000000116046011
  -0.050836655244131
   0.085959010603640
   0.000476198474806
   0.000001016148815
  -0.000000000000347
   0.000000763391652
   0.000337325529673


logL =

 -63.869235176346955


exitflag =

     0

-----
   1.0e+03 *

   0.000891863541799
   0.000145415702009
   0.001441733663193
  -0.000007163470010
  -0.000047357387980
  -0.000010286268916
   0.000034155131762
   0.003984729051775
   0.000911890162551
   0.000741938379115
   0.119535618713331
   0.000382801637658
  -0.000408706026307
  -0.001280550752000
  -0.000777795130421
   0.002392977548786
   0.003337400239954
   0.000056952894552
  -0.000153474750860
  -0.000489720115754
  -0.000098745351654
   0.000615761056752
   0.000207417108864
   0.000001313394138
   0.000000184586017
   0.000000653101277
   0.000000000002038
   0.000000400417181
  -0.000000000000000
   0.000000543621576
   0.000001886543818
   0.000002949181758
  -0.000090929798260
   0.001867454654100
   0.000145939097034
   0.000418297992572
   1.108842198429130
   0.000000001489659
  -0.000000559046738
  -0.000001187267887
   0.000166659273253
   0.000001127268643
   0.000000115782451
  -0.050882180640570
   0.087106756868088
   0.000470902433232
   0.000001011370943
  -0.000000000000199
   0.000000761640990
   0.000338085293383


logL =

 -63.870047066123576


exitflag =

     0

-----
   1.0e+03 *

   0.000893454893846
   0.000145745085833
   0.001440902589223
  -0.000007416594137
  -0.000047514470064
  -0.000010297910383
   0.000033792957027
   0.003981363979704
   0.000908075245210
   0.000735214327541
   0.119354654738308
   0.000387774559411
  -0.000406116011009
  -0.001287190984815
  -0.000775906350204
   0.002393120688382
   0.003314033757227
   0.000056918355594
  -0.000154790822260
  -0.000491451551551
  -0.000098427448076
   0.000616194071919
   0.000207052367686
   0.000001312047068
   0.000000189330865
   0.000000652375230
   0.000000000001062
   0.000000401049729
  -0.000000000000000
   0.000000543581404
   0.000001882882511
   0.000002939198261
  -0.000091311862295
   0.001887418222481
   0.000143042405759
   0.000423276951242
   1.114121981163079
   0.000000000835864
  -0.000000476634043
  -0.000001290255591
   0.000168694487816
   0.000001129900614
   0.000000115330663
  -0.050754109532902
   0.087596560025868
   0.000464288606040
   0.000001010452834
  -0.000000000000233
   0.000000761003242
   0.000336730241646


logL =

 -63.870681781564137


exitflag =

     0

-----
   1.0e+03 *

   0.000890993165159
   0.000144598756244
   0.001440470841034
  -0.000007214208694
  -0.000047643796583
  -0.000010218334304
   0.000034013272078
   0.004012544882434
   0.000908778904128
   0.000743982997258
   0.122664378547771
   0.000388343639837
  -0.000404567567408
  -0.001284722096658
  -0.000775428511976
   0.002398442628605
   0.003318841006517
   0.000056674841148
  -0.000154302308351
  -0.000491691006297
  -0.000098442980174
   0.000615147141085
   0.000204646442122
   0.000001315237855
   0.000000180021584
   0.000000651242438
   0.000000000002133
   0.000000400897380
  -0.000000000000000
   0.000000542945743
   0.000001881138161
   0.000002943971339
  -0.000091225319789
   0.001908531582194
   0.000143734764755
   0.000425663976678
   1.121490902367701
   0.000000000250054
  -0.000000525398408
  -0.000001244800932
   0.000168201882825
   0.000001132099561
   0.000000114622088
  -0.050955324972620
   0.088864963774465
   0.000461040030754
   0.000001009643971
  -0.000000000000387
   0.000000762389655
   0.000337797092112


logL =

 -63.871283661961300


exitflag =

     0

-----
   1.0e+03 *

   0.000893562887013
   0.000145075967670
   0.001437526603253
  -0.000007340052871
  -0.000047873129008
  -0.000010320400333
   0.000033575640759
   0.004013191713330
   0.000908348272146
   0.000738681094151
   0.122506856427752
   0.000390208627901
  -0.000404617486842
  -0.001282372562820
  -0.000775536123233
   0.002403697215738
   0.003290868286234
   0.000057196697059
  -0.000153522487862
  -0.000492661853551
  -0.000098697348422
   0.000613989500347
   0.000203055112871
   0.000001313648530
   0.000000184049565
   0.000000652174002
   0.000000000002438
   0.000000400655614
  -0.000000000000000
   0.000000543756327
   0.000001886282385
   0.000002939534109
  -0.000091370486752
   0.001943207144032
   0.000141058903881
   0.000433261707320
   1.126737752806423
   0.000000000316720
  -0.000000502136922
  -0.000001280216708
   0.000168905467324
   0.000001132004273
   0.000000114584129
  -0.050619456737922
   0.089585413218767
   0.000460043725547
   0.000001010416091
  -0.000000000000295
   0.000000758969728
   0.000337161573374


logL =

 -63.871760136492341


exitflag =

     0

-----
   1.0e+03 *

   0.000889045201319
   0.000147654670142
   0.001435809766556
  -0.000007091029195
  -0.000047929603828
  -0.000010313057743
   0.000033473899553
   0.003999429873967
   0.000908832735689
   0.000738313375528
   0.128692411674668
   0.000390723288737
  -0.000405054498575
  -0.001276136618485
  -0.000771949437821
   0.002413474533502
   0.003297929846816
   0.000057019445882
  -0.000154677887084
  -0.000488970835207
  -0.000098050875346
   0.000615243438347
   0.000199565323498
   0.000001313222049
   0.000000184967030
   0.000000651649737
   0.000000000004601
   0.000000400530913
   0.000000000000000
   0.000000545550734
   0.000001884202308
   0.000002941990945
  -0.000091905203346
   0.001914630546270
   0.000142059421301
   0.000426316618614
   1.134776753696264
  -0.000000000329630
  -0.000000591836915
  -0.000001224307752
   0.000168929184099
   0.000001126605580
   0.000000114092116
  -0.050702997728486
   0.090999231939097
   0.000451199070368
   0.000001011470674
  -0.000000000001587
   0.000000762651214
   0.000336926890834


logL =

 -63.872476792951176


exitflag =

     0

-----
   1.0e+03 *

   0.000891554280285
   0.000146605264414
   0.001434880413016
  -0.000007293120608
  -0.000047978859082
  -0.000010330046000
   0.000033162715070
   0.004002597308859
   0.000907280350953
   0.000734694209126
   0.127322047869798
   0.000390565065580
  -0.000404455459125
  -0.001279136997906
  -0.000771437569161
   0.002414123400648
   0.003285073527828
   0.000056879817942
  -0.000154625317846
  -0.000490057022181
  -0.000097838302387
   0.000615086642769
   0.000200681235834
   0.000001311914157
   0.000000188956254
   0.000000650885852
   0.000000000004948
   0.000000400676149
   0.000000000000000
   0.000000544494227
   0.000001886735160
   0.000002942437566
  -0.000092115874066
   0.001931719165247
   0.000141447663698
   0.000427930555098
   1.137039618136006
  -0.000000000260889
  -0.000000573640868
  -0.000001290898523
   0.000169640123178
   0.000001129154967
   0.000000113971913
  -0.050815082796649
   0.091261884328749
   0.000449702228142
   0.000001009533195
  -0.000000000002216
   0.000000757317330
   0.000337115746035


logL =

 -63.872892768711949


exitflag =

     0

-----
   1.0e+03 *

   0.000889463498541
   0.000146694909506
   0.001432652619796
  -0.000007199976015
  -0.000047996836536
  -0.000010356149597
   0.000033170971471
   0.004010879350989
   0.000910741074814
   0.000736336331886
   0.129703154887949
   0.000392713112340
  -0.000405744550549
  -0.001275191488151
  -0.000771484624255
   0.002412310782849
   0.003292987364569
   0.000056866551628
  -0.000155205417418
  -0.000487803774284
  -0.000097998744949
   0.000614900254073
   0.000197879289441
   0.000001313695200
   0.000000189543990
   0.000000650878498
   0.000000000018396
   0.000000399952078
   0.000000000000000
   0.000000543744830
   0.000001886832412
   0.000002936931954
  -0.000092537670383
   0.001922253269577
   0.000141678849553
   0.000426306805036
   1.141169950094271
   0.000000000292420
  -0.000000602823821
  -0.000001261330205
   0.000170582842682
   0.000001127116312
   0.000000113570359
  -0.050788160179394
   0.091616170213132
   0.000443811090606
   0.000001015213087
  -0.000000000001015
   0.000000760484898
   0.000336713712207


logL =

 -63.873206233215690


exitflag =

     0

-----
   1.0e+03 *

   0.000890628130602
   0.000148848815549
   0.001433866411459
  -0.000007287149208
  -0.000048081567910
  -0.000010361489826
   0.000033065199583
   0.004010942034146
   0.000911747291182
   0.000734709742269
   0.130038969675876
   0.000392375965240
  -0.000405262816763
  -0.001285936327331
  -0.000771444528805
   0.002414667731975
   0.003284687938797
   0.000057026941054
  -0.000153528111091
  -0.000486245248375
  -0.000097756973275
   0.000614315540191
   0.000199419546472
   0.000001312678010
   0.000000189769800
   0.000000651502365
   0.000000000015685
   0.000000401140634
   0.000000000000000
   0.000000544130900
   0.000001887913623
   0.000002931092780
  -0.000092783629502
   0.001935185590279
   0.000141055617046
   0.000430089285601
   1.145011561518259
   0.000000000239981
  -0.000000560624706
  -0.000001266983187
   0.000170946652917
   0.000001128247945
   0.000000113382791
  -0.050696586028218
   0.092248796039496
   0.000440551594569
   0.000001011142987
  -0.000000000000449
   0.000000757653513
   0.000336107308340


logL =

 -63.873581248411767


exitflag =

     0

-----
   1.0e+03 *

   0.000891646344157
   0.000147718656623
   0.001433725136985
  -0.000007268428610
  -0.000048212470789
  -0.000010357291770
   0.000033310286581
   0.004033826366132
   0.000909447941928
   0.000737945961466
   0.128618650102979
   0.000394699122897
  -0.000404054163565
  -0.001291727232046
  -0.000769602205438
   0.002416780202085
   0.003256157827919
   0.000056963494048
  -0.000156192314137
  -0.000490811989398
  -0.000098251341412
   0.000612921303069
   0.000197170364573
   0.000001312643071
   0.000000186885663
   0.000000650434316
   0.000000000012677
   0.000000401245403
   0.000000000000000
   0.000000544041966
   0.000001884165751
   0.000002939850994
  -0.000093564066081
   0.001961932618646
   0.000139835798645
   0.000431174943182
   1.149837124914942
   0.000000000342562
  -0.000000618750573
  -0.000001279505756
   0.000171383512037
   0.000001121956778
   0.000000113368545
  -0.050925594592001
   0.092655487191598
   0.000436464538978
   0.000001006023877
  -0.000000000000385
   0.000000754442987
   0.000337150774828


logL =

 -63.873938275114305


exitflag =

     0

-----
   1.0e+03 *

   0.000890791218742
   0.000147668649730
   0.001433469087314
  -0.000007319079069
  -0.000048254438969
  -0.000010353485649
   0.000032880670083
   0.004035763823953
   0.000909753218510
   0.000736988176790
   0.129098343141964
   0.000396750886983
  -0.000405393512510
  -0.001278917427927
  -0.000768543134171
   0.002408587626639
   0.003263373311235
   0.000057153884151
  -0.000155685521387
  -0.000489437831126
  -0.000098008441426
   0.000613673919110
   0.000197062701006
   0.000001313894092
   0.000000186374688
   0.000000650779473
   0.000000000010167
   0.000000401313361
   0.000000000000000
   0.000000545193689
   0.000001890194672
   0.000002925096119
  -0.000093967169511
   0.001960340889104
   0.000137593970995
   0.000433466895875
   1.152502020863179
   0.000000000596510
  -0.000000551349457
  -0.000001285038733
   0.000173162638115
   0.000001126497483
   0.000000113198441
  -0.050892916903934
   0.092902350969205
   0.000432989526720
   0.000001011085473
  -0.000000000000371
   0.000000758375989
   0.000335809955149


logL =

 -63.874299605989194


exitflag =

     0

-----
   1.0e+03 *

   0.000890770062834
   0.000145191687693
   0.001433287875434
  -0.000007112190205
  -0.000048425538603
  -0.000010274360641
   0.000032622240601
   0.004029702358375
   0.000904045773641
   0.000737262717172
   0.134186229640484
   0.000397805879963
  -0.000395856385121
  -0.001262094147102
  -0.000767988693928
   0.002430929618552
   0.003244419883868
   0.000056744299361
  -0.000153635056065
  -0.000490081243586
  -0.000097899108536
   0.000613518622290
   0.000192405675685
   0.000001313004218
   0.000000189621418
   0.000000652918627
  -0.000000000067130
   0.000000401234991
   0.000000000000000
   0.000000543249346
   0.000001893931980
   0.000002953057863
  -0.000094523111602
   0.001986994910288
   0.000135026503734
   0.000438877981287
   1.161445950018915
   0.000000002009574
  -0.000000527495496
  -0.000001362074778
   0.000174560538161
   0.000001125327543
   0.000000113021501
  -0.050670023881881
   0.093940356006375
   0.000427118852721
   0.000001007119580
  -0.000000000002247
   0.000000756605524
   0.000335812036854


logL =

 -63.874814766633598


exitflag =

     0

-----
   1.0e+03 *

   0.000892299205864
   0.000146689478346
   0.001432811842893
  -0.000007225869041
  -0.000048621932702
  -0.000010318587805
   0.000032445824875
   0.004021968013376
   0.000905053509887
   0.000731888835651
   0.131261898105954
   0.000403690999573
  -0.000397292310048
  -0.001255811645628
  -0.000768141592544
   0.002420556586774
   0.003243232715001
   0.000056821906560
  -0.000157227613417
  -0.000491365687864
  -0.000098027182535
   0.000613994421090
   0.000194072883412
   0.000001313541534
   0.000000187920476
   0.000000650849843
  -0.000000000046349
   0.000000400205195
   0.000000000000000
   0.000000544620314
   0.000001890658601
   0.000002933551241
  -0.000094864021304
   0.001995085551968
   0.000135487385897
   0.000438924890966
   1.168501382573847
   0.000000002418950
  -0.000000526788187
  -0.000001326548308
   0.000173447841532
   0.000001121986597
   0.000000112874107
  -0.050827569481711
   0.095053375946837
   0.000427429474721
   0.000001009453943
  -0.000000000001948
   0.000000757281523
   0.000335994864380


logL =

 -63.875354630115325


exitflag =

     0

-----
   1.0e+03 *

   0.000890830690192
   0.000147600732188
   0.001434036011677
  -0.000007142427085
  -0.000048437496698
  -0.000010308222024
   0.000032630149544
   0.004071492205968
   0.000910681081668
   0.000744390053951
   0.133809153608370
   0.000405731405769
  -0.000396107738690
  -0.001263048086636
  -0.000767806788540
   0.002417385809246
   0.003245989356472
   0.000056840785353
  -0.000156767982485
  -0.000488070873458
  -0.000098414792980
   0.000613328710017
   0.000192378599275
   0.000001312694531
   0.000000181566441
   0.000000652430826
  -0.000000000019551
   0.000000401298194
  -0.000000000000000
   0.000000543888674
   0.000001896161295
   0.000002945462538
  -0.000095341857496
   0.002006497557070
   0.000131639227035
   0.000439817379942
   1.178924088425410
   0.000000001216948
  -0.000000633343060
  -0.000001188460514
   0.000173157731258
   0.000001117131065
   0.000000112821764
  -0.050714521245274
   0.096773413100778
   0.000425773693391
   0.000001007609448
  -0.000000000004689
   0.000000756896094
   0.000335668082730


logL =

 -63.875856440620140


exitflag =

     0

-----
   1.0e+03 *

   0.000890473710133
   0.000146691098814
   0.001433302873581
  -0.000007280521387
  -0.000048598154310
  -0.000010399317781
   0.000032484382568
   0.004042452717810
   0.000908207740972
   0.000734342868290
   0.132882468800057
   0.000404614353082
  -0.000396600188555
  -0.001260485903418
  -0.000767092389789
   0.002416243372598
   0.003243344468572
   0.000057038515694
  -0.000154542011339
  -0.000487999660115
  -0.000098388833076
   0.000612546018930
   0.000193072387340
   0.000001312951497
   0.000000188768562
   0.000000651414941
  -0.000000000041454
   0.000000401755902
  -0.000000000000000
   0.000000545641680
   0.000001893394901
   0.000002941152902
  -0.000095736102225
   0.002008704742402
   0.000135011644551
   0.000441109339667
   1.185626827076639
   0.000000000931641
  -0.000000531564359
  -0.000001313589906
   0.000173218572221
   0.000001114715392
   0.000000112761179
  -0.050810773355068
   0.097316624287136
   0.000426492554023
   0.000001006330920
  -0.000000000005510
   0.000000754388977
   0.000335882086249


logL =

 -63.876335985970641


exitflag =

     0

-----
   1.0e+03 *

   0.000889760179738
   0.000147211393899
   0.001433398630800
  -0.000007203384979
  -0.000048581472811
  -0.000010426951208
   0.000032329512094
   0.004057090226778
   0.000911982565840
   0.000737441025890
   0.134050899680386
   0.000402797236655
  -0.000396308557429
  -0.001253431261865
  -0.000767720993490
   0.002419384981376
   0.003245201572750
   0.000057059740592
  -0.000156006650556
  -0.000489043784734
  -0.000098930894499
   0.000612807210593
   0.000193618070946
   0.000001312504824
   0.000000187807241
   0.000000650752335
  -0.000000000048796
   0.000000401173979
  -0.000000000000000
   0.000000544763085
   0.000001885473193
   0.000002940278931
  -0.000096073651072
   0.002014840627815
   0.000137054892591
   0.000441721914084
   1.189073753465654
   0.000000000474226
  -0.000000534070794
  -0.000001336770342
   0.000172641569772
   0.000001110946263
   0.000000112906588
  -0.050703805803269
   0.097779858236454
   0.000425158402471
   0.000001005899790
  -0.000000000004260
   0.000000755818083
   0.000335891072034


logL =

 -63.876565350473392


exitflag =

     0

-----
   1.0e+03 *

   0.000889841570771
   0.000148665661121
   0.001432869268642
  -0.000007278229852
  -0.000048635462670
  -0.000010360211069
   0.000031604927430
   0.004044602811841
   0.000908239213778
   0.000733959957678
   0.138395709930395
   0.000403786946999
  -0.000394298892415
  -0.001245922497939
  -0.000768911479910
   0.002422290890539
   0.003254052171462
   0.000056972937788
  -0.000155770570477
  -0.000486437072478
  -0.000098481572338
   0.000613295053930
   0.000192810855112
   0.000001315630532
   0.000000189332098
   0.000000651675110
  -0.000000000030335
   0.000000401317266
  -0.000000000000000
   0.000000543030591
   0.000001888533297
   0.000002935445785
  -0.000096455643566
   0.001996709774670
   0.000140128141824
   0.000439407012444
   1.193203924842231
   0.000000001266872
  -0.000000587712453
  -0.000001360239354
   0.000172796992669
   0.000001104223304
   0.000000112617994
  -0.050791645416120
   0.097933894158185
   0.000423246419158
   0.000001009517140
  -0.000000000007903
   0.000000755778098
   0.000336188927194


logL =

 -63.876813471459606


exitflag =

     0

-----
   1.0e+03 *

   0.000889042715146
   0.000149249970062
   0.001435095696677
  -0.000007213489493
  -0.000048476085893
  -0.000010409290953
   0.000031836093793
   0.004022965560848
   0.000910386732735
   0.000731608986523
   0.138360457907624
   0.000401741021238
  -0.000389456253883
  -0.001237822694526
  -0.000768232331302
   0.002431587696183
   0.003260363731874
   0.000056811954962
  -0.000155347015436
  -0.000484955530250
  -0.000098307012381
   0.000614884181228
   0.000191850129971
   0.000001313542530
   0.000000191818882
   0.000000651124498
  -0.000000000027271
   0.000000400789018
  -0.000000000000000
   0.000000543953308
   0.000001891862582
   0.000002937966007
  -0.000096751185171
   0.001995575292764
   0.000134219186287
   0.000438038757181
   1.195848734835878
   0.000000001717396
  -0.000000642553159
  -0.000001213748070
   0.000172964543994
   0.000001103123525
   0.000000112454065
  -0.050808119981260
   0.098010249020483
   0.000421713179731
   0.000001008703159
  -0.000000000012786
   0.000000754689980
   0.000335360624811


logL =

 -63.877097435355452


exitflag =

     0

-----
   1.0e+03 *

   0.000891007353324
   0.000148259414095
   0.001434223904854
  -0.000007302408012
  -0.000048635597333
  -0.000010307432648
   0.000031720286586
   0.004056875474703
   0.000910620916396
   0.000736063762021
   0.136290937961285
   0.000401674155459
  -0.000391419035555
  -0.001224450401002
  -0.000769126045560
   0.002428395980585
   0.003256600198760
   0.000056748004513
  -0.000154295920135
  -0.000483151343300
  -0.000098256217550
   0.000615313205715
   0.000192117006817
   0.000001313220457
   0.000000188068341
   0.000000651512815
  -0.000000000025235
   0.000000401331827
  -0.000000000000000
   0.000000545156417
   0.000001881405838
   0.000002931371329
  -0.000097191656324
   0.001983025693582
   0.000136376846532
   0.000435548356891
   1.205521161738201
   0.000000001657176
  -0.000000641936291
  -0.000001260415253
   0.000172591877137
   0.000001101721755
   0.000000112097670
  -0.050347435388592
   0.098109540975399
   0.000421425728360
   0.000001009091792
  -0.000000000003466
   0.000000755897499
   0.000335127021428


logL =

 -63.877443846368067


exitflag =

     0

-----
   1.0e+03 *

   0.000890465292681
   0.000148446728495
   0.001434221670236
  -0.000007186231077
  -0.000048628736762
  -0.000010364311583
   0.000031863559838
   0.004049261630248
   0.000910491580811
   0.000735078651699
   0.137377173327566
   0.000401482197019
  -0.000390743147632
  -0.001227026632030
  -0.000768297076762
   0.002433542399188
   0.003257262222500
   0.000056395425490
  -0.000156083283683
  -0.000483168711138
  -0.000098423266065
   0.000614519693679
   0.000190880060827
   0.000001310135163
   0.000000190159683
   0.000000652316234
  -0.000000000027716
   0.000000400306783
  -0.000000000000000
   0.000000544941884
   0.000001891546831
   0.000002933654005
  -0.000097387315102
   0.001995235928345
   0.000135469011351
   0.000437129397820
   1.209692308017197
   0.000000002068526
  -0.000000661191806
  -0.000001274758889
   0.000173106068663
   0.000001098216351
   0.000000111935719
  -0.050456731043644
   0.098252807653456
   0.000421261256837
   0.000001009186779
  -0.000000000002920
   0.000000755726354
   0.000334797779432


logL =

 -63.877747487379033


exitflag =

     0

-----
   1.0e+03 *

   0.000892438186034
   0.000148905599358
   0.001433662366769
  -0.000007281107049
  -0.000048731278348
  -0.000010407022034
   0.000031075593484
   0.004060185557926
   0.000908537962199
   0.000734800930201
   0.141793810214455
   0.000402714731038
  -0.000392337539230
  -0.001233707683799
  -0.000768644406608
   0.002429939402535
   0.003243907031869
   0.000056518777126
  -0.000155910049378
  -0.000483324503623
  -0.000098422778018
   0.000613603062979
   0.000191074018155
   0.000001315045162
   0.000000189300263
   0.000000650597639
  -0.000000000029166
   0.000000400567249
  -0.000000000000000
   0.000000544708395
   0.000001888310868
   0.000002935245595
  -0.000097832773747
   0.002015721476614
   0.000136426923550
   0.000439685388437
   1.216426207291776
   0.000000003142786
  -0.000000621189741
  -0.000001364041904
   0.000173472095570
   0.000001095447968
   0.000000111900758
  -0.050858200745035
   0.099099426472256
   0.000422155795002
   0.000001005199761
  -0.000000000002825
   0.000000753650272
   0.000335582951595


logL =

 -63.878028154211087


exitflag =

     0

-----
   1.0e+03 *

   0.000889649612668
   0.000147937952291
   0.001433719337214
  -0.000007177991659
  -0.000048606830509
  -0.000010345011976
   0.000031275581040
   0.004034947548927
   0.000906162727640
   0.000734236812013
   0.143846597726885
   0.000402065700842
  -0.000390889866697
  -0.001232104154470
  -0.000767794533467
   0.002432422022309
   0.003246996887124
   0.000056226508817
  -0.000154583362315
  -0.000481468664779
  -0.000098501543374
   0.000614965106371
   0.000191701445627
   0.000001311119804
   0.000000189805928
   0.000000651408645
  -0.000000000019264
   0.000000400795879
  -0.000000000000000
   0.000000544313698
   0.000001887068336
   0.000002945603075
  -0.000098274185180
   0.001999748567413
   0.000133062333567
   0.000442147664786
   1.219057501383943
   0.000000003731684
  -0.000000588730471
  -0.000001252655583
   0.000173244853025
   0.000001091748475
   0.000000111672208
  -0.051075179809506
   0.099630693142792
   0.000419133187134
   0.000001013830046
  -0.000000000003142
   0.000000757974502
   0.000334744737963


logL =

 -63.878354471392207


exitflag =

     0

-----
   1.0e+03 *

   0.000889385293613
   0.000153327585550
   0.001427151675291
  -0.000007293294140
  -0.000048059886640
  -0.000010552193234
   0.000030517538663
   0.004024447797791
   0.000916808406793
   0.000735916988152
   0.146787335517348
   0.000406709578107
  -0.000382677369526
  -0.001248642539370
  -0.000764905411311
   0.002415853868342
   0.003215753363745
   0.000056576843851
  -0.000154531465633
  -0.000477387302843
  -0.000097074292044
   0.000613380321807
   0.000191996201432
   0.000001313531231
   0.000000186293140
   0.000000652227791
   0.000000000048220
   0.000000400769942
   0.000000000000000
   0.000000545179873
   0.000001891835705
   0.000002906393655
  -0.000100484016015
   0.002040126692675
   0.000139400979580
   0.000447908355253
   1.236376817714953
   0.000000006914495
  -0.000000736269790
  -0.000001357255265
   0.000175479212350
   0.000001068850784
   0.000000111716534
  -0.052228436424659
   0.101202168672597
   0.000414858565788
   0.000001014887281
  -0.000000000022431
   0.000000747367270
   0.000334589723247


logL =

 -63.879032956362281


exitflag =

     0

-----
   1.0e+03 *

   0.000885517261599
   0.000151888997800
   0.001428756012122
  -0.000007188877041
  -0.000048016272511
  -0.000010542353367
   0.000030790738827
   0.003996412699900
   0.000915021567298
   0.000731716217568
   0.147265834066579
   0.000402664076391
  -0.000379771432280
  -0.001223128910559
  -0.000763657152506
   0.002420451941311
   0.003241734813594
   0.000056398299432
  -0.000153111513665
  -0.000475799950990
  -0.000096879425576
   0.000614650088025
   0.000190414014852
   0.000001312230868
   0.000000194633530
   0.000000650169543
   0.000000000079764
   0.000000400264085
   0.000000000000000
   0.000000544972055
   0.000001882820381
   0.000002940998840
  -0.000100797568566
   0.002009746018023
   0.000136711790286
   0.000448215492371
   1.242003052986574
   0.000000005476296
  -0.000000535955676
  -0.000001314268531
   0.000174162419585
   0.000001071722027
   0.000000111504636
  -0.052282598959465
   0.101832579545367
   0.000415149345299
   0.000001012345018
  -0.000000000027497
   0.000000756504694
   0.000334268129141


logL =

 -63.879736433169526


exitflag =

     0

-----
   1.0e+03 *

   0.000888154422914
   0.000150688149732
   0.001426711785749
  -0.000007359246214
  -0.000048018958647
  -0.000010466578406
   0.000030328360129
   0.004018724495980
   0.000911808957566
   0.000735590022755
   0.148269143645382
   0.000401228794630
  -0.000378642340811
  -0.001220298945698
  -0.000764436672043
   0.002417981257891
   0.003233977129740
   0.000056143155357
  -0.000152380823804
  -0.000475277245101
  -0.000096679427712
   0.000614902318338
   0.000193908136951
   0.000001311425832
   0.000000188240860
   0.000000651883633
   0.000000000172421
   0.000000401552614
  -0.000000000000000
   0.000000544347854
   0.000001887915792
   0.000002937232500
  -0.000101459204154
   0.001996994347473
   0.000133484636284
   0.000442911650195
   1.248029324189276
  -0.000000005145464
  -0.000000630255509
  -0.000001212899709
   0.000174802479763
   0.000001066625047
   0.000000111337611
  -0.052548312111736
   0.102367646719060
   0.000414604533317
   0.000001011656809
  -0.000000000097465
   0.000000755688612
   0.000334286576477


logL =

 -63.880103567833238


exitflag =

     0

-----
   1.0e+03 *

   0.000885821551899
   0.000151028991094
   0.001425904139668
  -0.000007236954088
  -0.000047792734943
  -0.000010408793980
   0.000030498450137
   0.004007694477537
   0.000912227062889
   0.000736816381989
   0.148886205962520
   0.000398643333977
  -0.000375692581397
  -0.001210451885274
  -0.000763483154845
   0.002423933426578
   0.003246882252251
   0.000056108224524
  -0.000153012585674
  -0.000475685899923
  -0.000096514791225
   0.000615694665432
   0.000194242718211
   0.000001313532449
   0.000000190865311
   0.000000651071706
   0.000000000360481
   0.000000400895668
  -0.000000000000000
   0.000000543518927
   0.000001879464950
   0.000002937523611
  -0.000101807677445
   0.001998137650252
   0.000133636269344
   0.000442550125169
   1.253763302925633
  -0.000000003047844
  -0.000000675680464
  -0.000001187337247
   0.000174141066325
   0.000001059308101
   0.000000111185147
  -0.052678422620626
   0.102507236921933
   0.000415315232646
   0.000001009478948
  -0.000000000103084
   0.000000756538349
   0.000334957519678


logL =

 -63.880413609885544


exitflag =

     0

-----
   1.0e+03 *

   0.000886369590353
   0.000150647412478
   0.001427958004556
  -0.000007356109275
  -0.000047835184411
  -0.000010457085140
   0.000030360012114
   0.004020170169293
   0.000913607887887
   0.000737666702786
   0.148345922417682
   0.000399189298669
  -0.000375086845190
  -0.001207139332969
  -0.000764084418434
   0.002415074003194
   0.003244214892774
   0.000056470670594
  -0.000151484415159
  -0.000476099314115
  -0.000096746697748
   0.000615658546916
   0.000195327272806
   0.000001311122319
   0.000000188658589
   0.000000651659128
   0.000000000343447
   0.000000401652773
  -0.000000000000000
   0.000000544062577
   0.000001888823614
   0.000002932247573
  -0.000102146526415
   0.002006575581255
   0.000135452001036
   0.000445786283228
   1.258736782711501
  -0.000000002300882
  -0.000000600129515
  -0.000001236755772
   0.000174312786988
   0.000001058304492
   0.000000111006209
  -0.052688827722494
   0.102475511053942
   0.000415803264297
   0.000001008604515
  -0.000000000118414
   0.000000755017071
   0.000334701358568


logL =

 -63.880647853013969


exitflag =

     0

-----
   1.0e+03 *

   0.000885998899660
   0.000150404379758
   0.001426657692624
  -0.000007363537528
  -0.000047771536986
  -0.000010401930952
   0.000030597492551
   0.004028082713436
   0.000914693878425
   0.000739439616440
   0.148669059189842
   0.000398131181037
  -0.000374127672528
  -0.001204751463033
  -0.000763879125948
   0.002418521691263
   0.003244987633172
   0.000056465439280
  -0.000152453375884
  -0.000476732691731
  -0.000096871893148
   0.000615634082867
   0.000194032437001
   0.000001313436467
   0.000000189751662
   0.000000651322079
   0.000000000604893
   0.000000400604956
  -0.000000000000000
   0.000000544338648
   0.000001884039388
   0.000002937114984
  -0.000102347567063
   0.002006139821691
   0.000134480861161
   0.000445131389051
   1.260805336420794
  -0.000000002168315
  -0.000000649736213
  -0.000001233216844
   0.000174790203449
   0.000001057838464
   0.000000110923172
  -0.052749455435213
   0.102665571734888
   0.000414342719217
   0.000001009449423
  -0.000000000107081
   0.000000756178421
   0.000334160525855


logL =

 -63.880815642802830


exitflag =

     0

-----
   1.0e+03 *

   0.000883105641994
   0.000153129454227
   0.001423763750645
  -0.000007300325809
  -0.000047714324908
  -0.000010463063330
   0.000030249310461
   0.004020796605774
   0.000916436770299
   0.000740150180732
   0.149412978624058
   0.000394974961816
  -0.000376094347850
  -0.001196323592683
  -0.000761376594227
   0.002419660335324
   0.003244811948508
   0.000056975754849
  -0.000151609899770
  -0.000476226096021
  -0.000096075261061
   0.000616819357064
   0.000195379701878
   0.000001311986768
   0.000000187706639
   0.000000650856393
  -0.000000002224396
   0.000000401399364
   0.000000000000000
   0.000000544586342
   0.000001886663197
   0.000002946057107
  -0.000103359130343
   0.002032572907107
   0.000135568070393
   0.000454691019921
   1.273033366081952
  -0.000000012136162
  -0.000000610129041
  -0.000001223290385
   0.000174491617062
   0.000001049137628
   0.000000110472630
  -0.052050584321841
   0.102384253866008
   0.000409852310260
   0.000001011285897
  -0.000000000127303
   0.000000753344417
   0.000335043341591


logL =

 -63.881184732772020


exitflag =

     0

-----
   1.0e+03 *

   0.000883414275397
   0.000152492997203
   0.001422724692877
  -0.000007392578973
  -0.000047698061808
  -0.000010491041628
   0.000030671971187
   0.004018860772498
   0.000917800011204
   0.000737257363452
   0.148177332279322
   0.000393099375048
  -0.000374389519443
  -0.001202693388997
  -0.000761550334337
   0.002423576127806
   0.003239233900120
   0.000056600776837
  -0.000152233099731
  -0.000475494212168
  -0.000096232346669
   0.000616061286203
   0.000194229683399
   0.000001312735779
   0.000000190200550
   0.000000651182358
  -0.000000002094195
   0.000000400038851
   0.000000000000000
   0.000000544979008
   0.000001885392785
   0.000002939973704
  -0.000103599350746
   0.002049047270862
   0.000133797527245
   0.000454284048072
   1.275950381298149
  -0.000000009400799
  -0.000000605251239
  -0.000001210817225
   0.000175257636689
   0.000001049324666
   0.000000110434393
  -0.052133645509166
   0.102383076464795
   0.000410171023015
   0.000001008746841
  -0.000000000099569
   0.000000755055321
   0.000334200870403


logL =

 -63.881491195886049


exitflag =

     0

-----
   1.0e+03 *

   0.000882765714067
   0.000150920996178
   0.001419511354939
  -0.000007307795653
  -0.000047559720266
  -0.000010410034358
   0.000030558639696
   0.004020204653498
   0.000918308254498
   0.000741836581579
   0.149768794101677
   0.000392387349449
  -0.000377829029394
  -0.001192834243244
  -0.000759712898363
   0.002416591960179
   0.003235934703028
   0.000056697878644
  -0.000149246098868
  -0.000471728433138
  -0.000095970948547
   0.000617489176544
   0.000196221778188
   0.000001314539365
   0.000000187264678
   0.000000651067509
  -0.000000000689197
   0.000000401258025
   0.000000000000000
   0.000000545389125
   0.000001885933201
   0.000002944490137
  -0.000104399031956
   0.001969394467968
   0.000134758248189
   0.000440015546143
   1.284278238802035
  -0.000000005012915
  -0.000000729766753
  -0.000001188239550
   0.000175144031323
   0.000001042364767
   0.000000110497238
  -0.052581378154925
   0.103649461719320
   0.000410522046505
   0.000001013969733
  -0.000000000213160
   0.000000757345364
   0.000334036413828


logL =

 -63.881833756568561


exitflag =

     0

-----
   1.0e+03 *

   0.000883533110750
   0.000151611438480
   0.001419326578860
  -0.000007376555720
  -0.000047616375733
  -0.000010437770922
   0.000030348149707
   0.004036193977045
   0.000916150570331
   0.000742932137418
   0.150670063434545
   0.000390337943183
  -0.000376453183700
  -0.001195752712387
  -0.000759655916121
   0.002421771028873
   0.003238162242705
   0.000056323772445
  -0.000151436806551
  -0.000472683492390
  -0.000095838010879
   0.000617260869250
   0.000197822133493
   0.000001314574282
   0.000000187009692
   0.000000651027771
  -0.000000000496412
   0.000000400696743
   0.000000000000000
   0.000000544099290
   0.000001882963791
   0.000002938944907
  -0.000104532567466
   0.002000475970695
   0.000135578247929
   0.000442928048275
   1.285881951896628
  -0.000000007399135
  -0.000000689931322
  -0.000001285023304
   0.000175960771281
   0.000001043918591
   0.000000110631853
  -0.052740842746756
   0.103937129898177
   0.000410615612674
   0.000001007739587
  -0.000000000185187
   0.000000755709272
   0.000333740831344


logL =

 -63.882058769695696


exitflag =

     0

-----
   1.0e+03 *

   0.000883172449751
   0.000150431157946
   0.001421547997561
  -0.000007340224009
  -0.000047716198929
  -0.000010464362396
   0.000030128282636
   0.004024973107468
   0.000916971127443
   0.000740425346549
   0.151146828144063
   0.000391368010377
  -0.000374954919582
  -0.001178890464215
  -0.000758227593425
   0.002422040809204
   0.003242390020254
   0.000056395678524
  -0.000151917821945
  -0.000474538991747
  -0.000095588125813
   0.000618743884479
   0.000195966506765
   0.000001311615873
   0.000000183228934
   0.000000651794668
  -0.000000000988696
   0.000000401306992
  -0.000000000000000
   0.000000546017660
   0.000001885470916
   0.000002938164926
  -0.000105221604716
   0.001987112074335
   0.000134301044378
   0.000443033325315
   1.290767799897116
  -0.000000008408140
  -0.000000695081573
  -0.000001186368156
   0.000175086076659
   0.000001034090503
   0.000000110388037
  -0.053152352918153
   0.104090140794592
   0.000410406757294
   0.000001010594040
  -0.000000000307754
   0.000000755878263
   0.000334078520257


logL =

 -63.882291255532124


exitflag =

     0

-----
   1.0e+03 *

   0.000883883826271
   0.000148974557332
   0.001422036403505
  -0.000007406398342
  -0.000047510983548
  -0.000010281316933
   0.000030344645357
   0.004022914122541
   0.000910370104418
   0.000742812867510
   0.152031383488971
   0.000392306547607
  -0.000373326829214
  -0.001194395363735
  -0.000758812467727
   0.002422647376438
   0.003234681579831
   0.000056149279287
  -0.000152114362517
  -0.000476381912182
  -0.000095646930703
   0.000619077863816
   0.000196631000233
   0.000001312982223
   0.000000185332745
   0.000000651408666
  -0.000000000649106
   0.000000400758062
  -0.000000000000000
   0.000000543641825
   0.000001892361377
   0.000002946444957
  -0.000105594118505
   0.002009264663551
   0.000133191931813
   0.000448064922193
   1.296983056975274
  -0.000000008505024
  -0.000000657668814
  -0.000001275985037
   0.000175460674706
   0.000001033394191
   0.000000110319912
  -0.053052666167373
   0.104446232736426
   0.000409036125138
   0.000001010772773
  -0.000000000479086
   0.000000754825098
   0.000334356143687


logL =

 -63.882588646203075


exitflag =

     0

-----
   1.0e+03 *

   0.000883284248301
   0.000149850021050
   0.001422159394458
  -0.000007431200560
  -0.000047557213758
  -0.000010398020113
   0.000030002451562
   0.004015758701570
   0.000914442837241
   0.000739225513367
   0.152262099913066
   0.000392968976183
  -0.000374868215963
  -0.001193598016269
  -0.000757253397776
   0.002421602317527
   0.003220592182154
   0.000056394695917
  -0.000151277078232
  -0.000474879382470
  -0.000095776851140
   0.000619630439123
   0.000196024820040
   0.000001311368484
   0.000000187496347
   0.000000651085358
   0.000000000609708
   0.000000400778474
  -0.000000000000000
   0.000000544768839
   0.000001884130603
   0.000002946891533
  -0.000105935201768
   0.002012284080422
   0.000134396144142
   0.000447406118713
   1.300153778637208
  -0.000000012803029
  -0.000000621445657
  -0.000001293469378
   0.000176430240811
   0.000001033717992
   0.000000110242752
  -0.053330290008745
   0.104747568904240
   0.000408730692782
   0.000001005127111
  -0.000000000785528
   0.000000754147263
   0.000334219400195


logL =

 -63.882782883220777


exitflag =

     0

-----
   1.0e+03 *

   0.000882231599761
   0.000151015645837
   0.001418424602326
  -0.000007320076763
  -0.000047565168413
  -0.000010268422376
   0.000029929170135
   0.004018404518908
   0.000912199791889
   0.000742128474317
   0.156644045035421
   0.000395327604752
  -0.000377367539654
  -0.001195931639889
  -0.000757432066571
   0.002425434870766
   0.003213060732771
   0.000056413707584
  -0.000151551908222
  -0.000472429998160
  -0.000095682624483
   0.000619694980896
   0.000192765027113
   0.000001314203396
   0.000000185570839
   0.000000652496900
   0.000000000324922
   0.000000400410026
  -0.000000000000001
   0.000000545194217
   0.000001876930646
   0.000002940370426
  -0.000106414692399
   0.002001572898718
   0.000134920214319
   0.000446161405435
   1.310400762848470
  -0.000000027278556
  -0.000000656301942
  -0.000001297794178
   0.000175694336698
   0.000001027652176
   0.000000110139084
  -0.053014002287672
   0.104649309271097
   0.000411982855279
   0.000001010462066
   0.000000001617427
   0.000000756531773
   0.000333499067021


logL =

 -63.883090430176274


exitflag =

     0

-----
   1.0e+03 *

   0.000882034363737
   0.000152593024328
   0.001419346658717
  -0.000007496732277
  -0.000047676466762
  -0.000010453409244
   0.000030078404202
   0.004022996064927
   0.000918794997625
   0.000736633039588
   0.153339352632915
   0.000393408558294
  -0.000376067087493
  -0.001201800104493
  -0.000755015816497
   0.002427350366012
   0.003206859030444
   0.000056420999185
  -0.000153443459557
  -0.000473695651964
  -0.000095651672046
   0.000618669150749
   0.000192748571013
   0.000001312255939
   0.000000192589361
   0.000000651336366
   0.000000000663301
   0.000000400313123
  -0.000000000000001
   0.000000543863290
   0.000001885572712
   0.000002945560972
  -0.000107267761999
   0.002003147949620
   0.000133790946136
   0.000444826296933
   1.317600334400046
  -0.000000028911283
  -0.000000705622343
  -0.000001165892266
   0.000175825750224
   0.000001017120793
   0.000000109769334
  -0.053761801748547
   0.105512701773316
   0.000410641745264
   0.000001012654295
   0.000000000405709
   0.000000754754288
   0.000333561543758


logL =

 -63.883515192151364


exitflag =

     0

-----
   1.0e+03 *

   0.000882829100495
   0.000154772464548
   0.001420907746561
  -0.000007474348494
  -0.000047884537211
  -0.000010366518662
   0.000030168377281
   0.004071840701873
   0.000919815650276
   0.000744519920763
   0.152608630065157
   0.000396798448324
  -0.000379833321807
  -0.001206560368486
  -0.000755159696907
   0.002423167501572
   0.003216687623296
   0.000056286625506
  -0.000154846329076
  -0.000470909260937
  -0.000095694922534
   0.000617498678736
   0.000192662785482
   0.000001312614602
   0.000000184442315
   0.000000649941875
   0.000000000287544
   0.000000401342269
  -0.000000000000002
   0.000000545106662
   0.000001878687904
   0.000002944285017
  -0.000107583268408
   0.002033546866058
   0.000134104355893
   0.000446074634921
   1.325844516219163
  -0.000000006854245
  -0.000000748849207
  -0.000001194019826
   0.000176310668779
   0.000001017616293
   0.000000109816550
  -0.053986911231968
   0.106627803945635
   0.000412411083335
   0.000001006204319
   0.000000000221421
   0.000000752421848
   0.000334027318957


logL =

 -63.883832934586948


exitflag =

     0

-----
   1.0e+03 *

   0.000879156352972
   0.000153783551297
   0.001424281907689
  -0.000007583902107
  -0.000047925688003
  -0.000010496334306
   0.000030077044263
   0.004053757350367
   0.000915376197481
   0.000737979218191
   0.153945324953955
   0.000394522770878
  -0.000380402991974
  -0.001211555362349
  -0.000753820981750
   0.002422228700912
   0.003219120561909
   0.000055970680712
  -0.000154748172771
  -0.000470632158130
  -0.000096154293981
   0.000617492040719
   0.000190361625178
   0.000001312722167
   0.000000189909118
   0.000000650930832
   0.000000000372741
   0.000000401033301
  -0.000000000000001
   0.000000544210227
   0.000001885730493
   0.000002932902466
  -0.000107899470734
   0.002036258798931
   0.000130838358401
   0.000450771490617
   1.330128322043657
  -0.000000005091234
  -0.000000603092667
  -0.000001200495613
   0.000175599526319
   0.000001016448233
   0.000000109872557
  -0.054064535246987
   0.107268042446760
   0.000413236628596
   0.000001010418339
   0.000000000250012
   0.000000757900636
   0.000333336588282


logL =

 -63.884139535875356


exitflag =

     0

-----
   1.0e+03 *

   0.000879651667168
   0.000153276607498
   0.001422971556920
  -0.000007616694391
  -0.000048096617086
  -0.000010467043726
   0.000029771848833
   0.004083898184246
   0.000920378764059
   0.000741016978118
   0.156983753327514
   0.000396116732817
  -0.000382210185812
  -0.001212968474511
  -0.000754185477513
   0.002420575169638
   0.003217836674746
   0.000056085136988
  -0.000153272921906
  -0.000468958395818
  -0.000096179365069
   0.000617069271784
   0.000190293657649
   0.000001313355638
   0.000000186932097
   0.000000651419209
   0.000000000640988
   0.000000400358786
  -0.000000000000001
   0.000000544872104
   0.000001894463244
   0.000002934300364
  -0.000108282240976
   0.002072697721595
   0.000131315824586
   0.000454841705475
   1.334476711396450
  -0.000000005587766
  -0.000000693252909
  -0.000001135175773
   0.000175153132592
   0.000001010640572
   0.000000109941979
  -0.054309755300619
   0.107805039697662
   0.000414647691492
   0.000001005135844
   0.000000000113258
   0.000000753716891
   0.000334426506366


logL =

 -63.884349927358379


exitflag =

     0

-----
   1.0e+03 *

   0.000880417445838
   0.000151352504367
   0.001421060515180
  -0.000007441901853
  -0.000047862796484
  -0.000010434811522
   0.000029743617178
   0.004026257984551
   0.000917672287937
   0.000734554513199
   0.157674515527063
   0.000392973093496
  -0.000379352000897
  -0.001197652571868
  -0.000754485814740
   0.002428709010215
   0.003214918086798
   0.000055989910891
  -0.000152853552307
  -0.000470455668477
  -0.000096020314330
   0.000617762163199
   0.000189653386291
   0.000001312030510
   0.000000193919356
   0.000000650519867
   0.000000000427958
   0.000000400192327
  -0.000000000000004
   0.000000544203853
   0.000001870911563
   0.000002938413458
  -0.000108810199477
   0.002023080701997
   0.000130570689559
   0.000446286043384
   1.343386498234642
   0.000000011221929
  -0.000000682971738
  -0.000001124098413
   0.000175470784527
   0.000001009896076
   0.000000109739071
  -0.054553713546029
   0.108840904894553
   0.000414352680867
   0.000001009177376
   0.000000000205806
   0.000000756445435
   0.000334142012483


logL =

 -63.884660811846295


exitflag =

     0

-----
   1.0e+03 *

   0.000881351463356
   0.000152310155524
   0.001422438499445
  -0.000007458408504
  -0.000048004362648
  -0.000010493790651
   0.000029652338081
   0.004043380313207
   0.000916715958106
   0.000737220556750
   0.157296418067465
   0.000394719888538
  -0.000379020572159
  -0.001199128031177
  -0.000754614648401
   0.002427317261621
   0.003210411560652
   0.000056090293125
  -0.000152645280340
  -0.000470557615642
  -0.000095950873222
   0.000617825002823
   0.000190395756268
   0.000001311760327
   0.000000189272021
   0.000000650888615
   0.000000000434584
   0.000000400995034
  -0.000000000000004
   0.000000544830818
   0.000001888104111
   0.000002933876495
  -0.000108908576658
   0.002043776853056
   0.000130894908795
   0.000450841121597
   1.344741861352695
   0.000000011519090
  -0.000000661651278
  -0.000001168008522
   0.000175601534134
   0.000001007166068
   0.000000109744832
  -0.054609129206137
   0.108895934835264
   0.000414339756858
   0.000001007847583
   0.000000000206737
   0.000000753413355
   0.000333590926533


logL =

 -63.884872521264867


exitflag =

     0

-----
   1.0e+03 *

   0.000881310448406
   0.000152747176425
   0.001423423664093
  -0.000007519606816
  -0.000048186189550
  -0.000010421675569
   0.000029810802135
   0.004079905478130
   0.000915838298573
   0.000741624273245
   0.159015047430920
   0.000392826209488
  -0.000380549017469
  -0.001205155553790
  -0.000753546675637
   0.002430624405419
   0.003213554141780
   0.000055486745117
  -0.000154230576014
  -0.000468433310158
  -0.000095967348400
   0.000616821017052
   0.000189403511303
   0.000001310697504
   0.000000186121422
   0.000000652111128
   0.000000000925526
   0.000000400668110
  -0.000000000000006
   0.000000544821477
   0.000001890046869
   0.000002941448268
  -0.000109175005094
   0.002073013694017
   0.000130235230285
   0.000457633989536
   1.349516514371773
   0.000000001584728
  -0.000000597214396
  -0.000001187108345
   0.000174726719924
   0.000001001889957
   0.000000109692680
  -0.054977476037658
   0.109449375148916
   0.000416499727376
   0.000001008280694
   0.000000000112843
   0.000000756097459
   0.000333525275379


logL =

 -63.885027199627181


exitflag =

     0

-----
   1.0e+03 *

   0.000881072859031
   0.000151593912408
   0.001423239410671
  -0.000007556617435
  -0.000048203383259
  -0.000010415229971
   0.000029663276279
   0.004065931215036
   0.000915902011548
   0.000737571406996
   0.157944715836225
   0.000392846122893
  -0.000380482594268
  -0.001197476190746
  -0.000752529334788
   0.002429688420361
   0.003216338249256
   0.000055624862916
  -0.000153213991166
  -0.000469463593440
  -0.000095666786070
   0.000617568423148
   0.000190106023073
   0.000001311898915
   0.000000188037567
   0.000000650791527
   0.000000000803616
   0.000000401005579
  -0.000000000000005
   0.000000545336002
   0.000001888353394
   0.000002934225322
  -0.000109421417172
   0.002060873836969
   0.000129000901003
   0.000454896756945
   1.351614787489828
   0.000000002770519
  -0.000000628628263
  -0.000001174561807
   0.000174947949512
   0.000001001351068
   0.000000109621801
  -0.054987452467376
   0.109360111151626
   0.000416119013400
   0.000001010538814
   0.000000000067215
   0.000000753977110
   0.000333112866955


logL =

 -63.885183433126564


exitflag =

     0

-----
   1.0e+03 *

   0.000880602924625
   0.000152580636837
   0.001423638302267
  -0.000007505749421
  -0.000048233039225
  -0.000010449252698
   0.000029704462210
   0.004094687325886
   0.000918003137912
   0.000743116907302
   0.159381032004366
   0.000391629787845
  -0.000384441868402
  -0.001207374207063
  -0.000751753884859
   0.002428569726080
   0.003214035556679
   0.000055658206818
  -0.000154604385833
  -0.000469735091496
  -0.000095564859446
   0.000617007662056
   0.000187965788772
   0.000001314394505
   0.000000186460369
   0.000000651271979
  -0.000000000307846
   0.000000401247673
  -0.000000000000011
   0.000000544449350
   0.000001886784076
   0.000002927048063
  -0.000109860790610
   0.002085582860705
   0.000132138544499
   0.000457858880076
   1.357081595102708
  -0.000000001411056
  -0.000000606163051
  -0.000001265933158
   0.000175049807705
   0.000000997259962
   0.000000109868217
  -0.055677415001523
   0.110329889413508
   0.000419413116032
   0.000001006267249
   0.000000000010909
   0.000000752083579
   0.000333531494597


logL =

 -63.885366558234246


exitflag =

     0

-----
   1.0e+03 *

   0.000880893070343
   0.000149664406316
   0.001422288885796
  -0.000007569321300
  -0.000048199262194
  -0.000010382745627
   0.000029521512749
   0.004050646456804
   0.000910844791219
   0.000734826558786
   0.159023327821952
   0.000387989035296
  -0.000384173813487
  -0.001196093462009
  -0.000750268220480
   0.002426555285755
   0.003208598267364
   0.000055473445584
  -0.000153311467851
  -0.000471237491315
  -0.000095229352373
   0.000617353646856
   0.000189812753109
   0.000001312970317
   0.000000189536773
   0.000000650960939
  -0.000000000251045
   0.000000401578785
  -0.000000000000013
   0.000000543668382
   0.000001888494915
   0.000002937450090
  -0.000110340444014
   0.002070475184808
   0.000127474544994
   0.000456615305539
   1.362054674312686
  -0.000000001561392
  -0.000000576221351
  -0.000001197545528
   0.000175723559927
   0.000000994924993
   0.000000109414141
  -0.056155232488841
   0.110581277060881
   0.000418460256228
   0.000001008247833
   0.000000000013140
   0.000000754093922
   0.000333275145456


logL =

 -63.885655157162688


exitflag =

     0

-----
   1.0e+03 *

   0.000880708735110
   0.000150320573513
   0.001422926797457
  -0.000007474893256
  -0.000048187008643
  -0.000010386427998
   0.000029563782358
   0.004068938077642
   0.000913678327640
   0.000739995236425
   0.159612287806780
   0.000388359051079
  -0.000383958834201
  -0.001193656670906
  -0.000749812217004
   0.002427089212769
   0.003210360992731
   0.000055541280703
  -0.000153646169765
  -0.000471120704564
  -0.000095223307859
   0.000617306336939
   0.000189274732356
   0.000001312064461
   0.000000187802768
   0.000000650971669
  -0.000000000495040
   0.000000400939933
  -0.000000000000005
   0.000000545321212
   0.000001885906675
   0.000002938687379
  -0.000110490623205
   0.002060180464813
   0.000127990074422
   0.000455444216509
   1.362635399963777
  -0.000000001369154
  -0.000000635837442
  -0.000001173169104
   0.000175388701159
   0.000000991553114
   0.000000109438055
  -0.056228177021510
   0.110784985213776
   0.000417719810974
   0.000001008424210
   0.000000000012574
   0.000000755035994
   0.000333263940449


logL =

 -63.885788307689268


exitflag =

     0

-----
   1.0e+03 *

   0.000881399004778
   0.000150674115922
   0.001422197320480
  -0.000007632768656
  -0.000048542530507
  -0.000010401215445
   0.000029721375185
   0.004129414301058
   0.000915083320307
   0.000744630077338
   0.157569530492930
   0.000392702723694
  -0.000388452218663
  -0.001211941268957
  -0.000747624764627
   0.002419690893455
   0.003199508371290
   0.000054589384116
  -0.000156918741568
  -0.000467460430843
  -0.000095687384970
   0.000615150564548
   0.000189811837240
   0.000001311763640
   0.000000184002272
   0.000000650355602
  -0.000000000174249
   0.000000400783497
  -0.000000000000013
   0.000000544560892
   0.000001889565702
   0.000002935577546
  -0.000111213370606
   0.002116230081696
   0.000126482057958
   0.000463896665408
   1.369556765728919
   0.000000000651273
  -0.000000559086315
  -0.000001221790601
   0.000175496885657
   0.000000988343546
   0.000000109667402
  -0.056910260947273
   0.112118581716613
   0.000419485182332
   0.000001006238045
   0.000000000008726
   0.000000753039679
   0.000333411034626


logL =

 -63.885998194775894


exitflag =

     0

-----
   1.0e+03 *

   0.000880019336776
   0.000150649499600
   0.001421962388490
  -0.000007487377048
  -0.000048534599777
  -0.000010358590367
   0.000029623481526
   0.004091398109408
   0.000913937232579
   0.000739544684564
   0.159185488416602
   0.000391531262719
  -0.000390760703925
  -0.001204321077966
  -0.000747074192126
   0.002423093314518
   0.003203431200652
   0.000054713426597
  -0.000155122942379
  -0.000465770289459
  -0.000095549773819
   0.000616213017542
   0.000189812902321
   0.000001311142136
   0.000000187697965
   0.000000650874425
  -0.000000000010296
   0.000000401202534
  -0.000000000000004
   0.000000545735920
   0.000001885749265
   0.000002931636798
  -0.000111466118329
   0.002099339198507
   0.000123576855988
   0.000461220368434
   1.372066301233087
   0.000000001384444
  -0.000000647439807
  -0.000001075840574
   0.000175290914140
   0.000000984114117
   0.000000109476217
  -0.056721330132255
   0.111926245532120
   0.000418331232291
   0.000001009473820
   0.000000000004016
   0.000000752972880
   0.000333214730660


logL =

 -63.886224383847875


exitflag =

     0

-----
   1.0e+03 *

   0.000879811650807
   0.000150282940194
   0.001421605904881
  -0.000007473778950
  -0.000048548260052
  -0.000010338411107
   0.000029483777818
   0.004088483828047
   0.000909913762079
   0.000739155915286
   0.160640510176107
   0.000393316283906
  -0.000388691068876
  -0.001208937117741
  -0.000746682037923
   0.002425244453476
   0.003197741464170
   0.000054677238303
  -0.000156628532633
  -0.000469053353403
  -0.000095675725505
   0.000615542618994
   0.000189970489063
   0.000001312386979
   0.000000187624296
   0.000000651239328
  -0.000000000010188
   0.000000400349575
  -0.000000000000003
   0.000000544968310
   0.000001883208420
   0.000002933104603
  -0.000111839891328
   0.002091078732793
   0.000124548272919
   0.000461874993872
   1.375882385919595
   0.000000000343761
  -0.000000543661469
  -0.000001203064905
   0.000175481719424
   0.000000982895696
   0.000000109526991
  -0.056976856336438
   0.112346864908997
   0.000418378915484
   0.000001010923351
   0.000000000007984
   0.000000755738075
   0.000332586542191


logL =

 -63.886380675062512


exitflag =

     0

-----
   1.0e+03 *

   0.000878559791843
   0.000149985833731
   0.001421489571874
  -0.000007546619169
  -0.000048775545705
  -0.000010460124924
   0.000029371404404
   0.004075257383050
   0.000910774942128
   0.000731567092105
   0.158261636997011
   0.000393244768431
  -0.000389707257815
  -0.001201474518265
  -0.000744750299528
   0.002427455516273
   0.003191149835083
   0.000054822903349
  -0.000155361532950
  -0.000468480683974
  -0.000095708363368
   0.000615749567781
   0.000189272749635
   0.000001312346232
   0.000000192900191
   0.000000650323479
  -0.000000000021797
   0.000000400678775
  -0.000000000000002
   0.000000545674642
   0.000001890554992
   0.000002927370837
  -0.000112385557711
   0.002092294501911
   0.000122957285258
   0.000458661842073
   1.380975990760854
   0.000000000193605
  -0.000000572272481
  -0.000001103220950
   0.000175535203438
   0.000000979007623
   0.000000109599305
  -0.057253920855878
   0.113003688631144
   0.000419514761180
   0.000001011385117
   0.000000000006517
   0.000000754654568
   0.000332727536649


logL =

 -63.886606642670039


exitflag =

     0

-----
   1.0e+03 *

   0.000877851933154
   0.000150122068529
   0.001422720890909
  -0.000007566050333
  -0.000048858335202
  -0.000010414601360
   0.000029545007235
   0.004110400215455
   0.000911655270943
   0.000737838769234
   0.160133205941589
   0.000395690676240
  -0.000387876995621
  -0.001208746459959
  -0.000744920246724
   0.002428039443089
   0.003193767007605
   0.000054790079301
  -0.000157110522148
  -0.000470303033240
  -0.000095906286890
   0.000615085169328
   0.000187279451488
   0.000001312538365
   0.000000187809328
   0.000000651481485
  -0.000000000011393
   0.000000399989604
  -0.000000000000002
   0.000000544785128
   0.000001889529078
   0.000002946605876
  -0.000112780241469
   0.002106998947760
   0.000124798336204
   0.000460212704023
   1.386059327197826
   0.000000000348044
  -0.000000584344996
  -0.000001147161820
   0.000174914231390
   0.000000973538566
   0.000000109694156
  -0.057608998194898
   0.113628372788690
   0.000420827374268
   0.000001008559538
   0.000000000006573
   0.000000754719043
   0.000333474129278


logL =

 -63.886843287759874


exitflag =

     0

-----
   1.0e+03 *

   0.000878473694607
   0.000149737650435
   0.001422351808672
  -0.000007625253430
  -0.000048888989705
  -0.000010403210336
   0.000029390971358
   0.004113021022511
   0.000912525217780
   0.000736775423371
   0.160366922999090
   0.000397195005599
  -0.000387736251476
  -0.001208317084294
  -0.000744439711105
   0.002427742125520
   0.003195016881108
   0.000054899006130
  -0.000156243204370
  -0.000470225198255
  -0.000095683501025
   0.000615559977424
   0.000188340978941
   0.000001310842744
   0.000000188416030
   0.000000650831608
  -0.000000000010844
   0.000000400718144
  -0.000000000000002
   0.000000545445368
   0.000001888370303
   0.000002930001044
  -0.000112947680385
   0.002096643812548
   0.000124886291976
   0.000459324389513
   1.387942518687652
   0.000000000466333
  -0.000000563523294
  -0.000001156730668
   0.000175463329957
   0.000000974173586
   0.000000109687579
  -0.057757556118997
   0.113917957076529
   0.000421403585365
   0.000001008901689
   0.000000000007706
   0.000000754069084
   0.000332985460493


logL =

 -63.886963728741492


exitflag =

     0

-----
   1.0e+03 *

   0.000877264365550
   0.000148658281153
   0.001421494809272
  -0.000007544029125
  -0.000048767689606
  -0.000010351412430
   0.000029468939102
   0.004096915385080
   0.000910386185947
   0.000735872562503
   0.160509745719128
   0.000395171209791
  -0.000388101871651
  -0.001201405079833
  -0.000744147530633
   0.002429887582969
   0.003202353036135
   0.000055039764148
  -0.000155914251152
  -0.000471594611219
  -0.000095549878755
   0.000615934435341
   0.000187649037851
   0.000001312378488
   0.000000190698638
   0.000000650915397
  -0.000000000040282
   0.000000400504365
   0.000000000000001
   0.000000544646851
   0.000001885562585
   0.000002932809842
  -0.000113174679036
   0.002091867192865
   0.000124296092973
   0.000456455619810
   1.390822538030629
   0.000000000125607
  -0.000000614997096
  -0.000001122025197
   0.000175592952006
   0.000000972449469
   0.000000109465244
  -0.057770282223483
   0.113715622985058
   0.000420226230830
   0.000001006632960
   0.000000000001364
   0.000000753406858
   0.000333496452894


logL =

 -63.887087390175587


exitflag =

     0

-----
   1.0e+03 *

   0.000878015040275
   0.000150528788232
   0.001420370889179
  -0.000007563778152
  -0.000048891019795
  -0.000010354469613
   0.000029197202438
   0.004126809240559
   0.000911940587765
   0.000741001706207
   0.162574883655270
   0.000397893255599
  -0.000387606753892
  -0.001205744172259
  -0.000742603706853
   0.002427159192725
   0.003194384548356
   0.000055357372205
  -0.000157509947041
  -0.000473947214612
  -0.000095263339862
   0.000615460321050
   0.000189721145170
   0.000001312390121
   0.000000184213208
   0.000000651257643
  -0.000000000039832
   0.000000401385704
   0.000000000000000
   0.000000545826854
   0.000001888358708
   0.000002934339440
  -0.000113691333623
   0.002098065167483
   0.000124714943973
   0.000458637211170
   1.397103162816764
   0.000000000183631
  -0.000000595059270
  -0.000001156813318
   0.000175774935261
   0.000000968421585
   0.000000109499122
  -0.058203668638432
   0.114437804128548
   0.000421954956125
   0.000001008002072
   0.000000000001667
   0.000000751946258
   0.000333215670292


logL =

 -63.887300607996607


exitflag =

     0

-----
   1.0e+03 *

   0.000877705979091
   0.000148788179166
   0.001418923607534
  -0.000007594889182
  -0.000048751395225
  -0.000010332343840
   0.000029257463648
   0.004100779382276
   0.000910067324653
   0.000736556382996
   0.162942787577371
   0.000398235227924
  -0.000385090724861
  -0.001208953666687
  -0.000743984374668
   0.002429058426599
   0.003200662175086
   0.000055014564955
  -0.000155922384586
  -0.000472512606231
  -0.000095163576163
   0.000615020050230
   0.000189021344628
   0.000001312353248
   0.000000189962669
   0.000000650639356
  -0.000000000041930
   0.000000400268843
   0.000000000000000
   0.000000544839926
   0.000001890869330
   0.000002938690083
  -0.000113901204632
   0.002093902138677
   0.000124960590608
   0.000459418119655
   1.400537229454356
   0.000000000136714
  -0.000000546009559
  -0.000001174330917
   0.000175138389135
   0.000000966105250
   0.000000109443068
  -0.058371795602930
   0.114747173373470
   0.000422698497956
   0.000001010723509
   0.000000000001043
   0.000000754717297
   0.000333235272517


logL =

 -63.887495735045029


exitflag =

     0

-----
   1.0e+03 *

   0.000877731091269
   0.000150277825953
   0.001420115408433
  -0.000007587737187
  -0.000048839808868
  -0.000010421984424
   0.000029091287585
   0.004110190526164
   0.000912864496270
   0.000737449297593
   0.163408096153757
   0.000397437041393
  -0.000384753933090
  -0.001208948960686
  -0.000743250090082
   0.002430398089686
   0.003202782895185
   0.000055027459916
  -0.000156272316315
  -0.000472104093134
  -0.000095016782527
   0.000614925067420
   0.000190087518794
   0.000001311589921
   0.000000186923927
   0.000000651197273
  -0.000000000042931
   0.000000400328788
   0.000000000000000
   0.000000545267121
   0.000001887664250
   0.000002932453457
  -0.000114078492425
   0.002094066815697
   0.000124277766672
   0.000458179253882
   1.402562953702505
   0.000000000115941
  -0.000000573176003
  -0.000001125608036
   0.000175272397903
   0.000000964836931
   0.000000109485861
  -0.058510127272329
   0.115300424854090
   0.000422705043920
   0.000001008314336
   0.000000000001139
   0.000000754628508
   0.000333050208301


logL =

 -63.887606197839887


exitflag =

     0

-----
   1.0e+03 *

   0.000876821722316
   0.000149237319616
   0.001419297732571
  -0.000007496596712
  -0.000048714063694
  -0.000010338173672
   0.000029141811241
   0.004092332936826
   0.000909934937132
   0.000736756307801
   0.164116027848872
   0.000398544368011
  -0.000383917323929
  -0.001205078779697
  -0.000743189942460
   0.002433158523564
   0.003208365983050
   0.000054853019810
  -0.000155872990590
  -0.000471438749955
  -0.000094861309649
   0.000615769577931
   0.000189408482548
   0.000001313158463
   0.000000189586668
   0.000000651485454
   0.000000000015065
   0.000000400491813
   0.000000000000000
   0.000000544981697
   0.000001884466679
   0.000002933258545
  -0.000114327276162
   0.002090047981396
   0.000124788805804
   0.000458988484405
   1.406275427874490
   0.000000000166028
  -0.000000564844954
  -0.000001179370743
   0.000175147500196
   0.000000962601282
   0.000000109418451
  -0.058524267206761
   0.115277625197229
   0.000422671595510
   0.000001010241541
  -0.000000000000201
   0.000000754670979
   0.000332981233348


logL =

 -63.887738326403209


exitflag =

     0

-----
   1.0e+03 *

   0.000878620014592
   0.000148547242453
   0.001419442445071
  -0.000007603194336
  -0.000048867654588
  -0.000010361277326
   0.000028754215248
   0.004113594850558
   0.000909183053017
   0.000737592675540
   0.165434682450325
   0.000394584543279
  -0.000387398286317
  -0.001202951540521
  -0.000742773060762
   0.002432806207403
   0.003202101172767
   0.000055115729164
  -0.000155309331883
  -0.000473573606389
  -0.000094539623827
   0.000615287368337
   0.000188661096335
   0.000001312216471
   0.000000188846664
   0.000000651046489
   0.000000000032982
   0.000000401146307
  -0.000000000000000
   0.000000545898919
   0.000001890030079
   0.000002949140344
  -0.000114685880745
   0.002086811503478
   0.000124507559619
   0.000455760369140
   1.411391226710628
   0.000000000071290
  -0.000000618989564
  -0.000001159111052
   0.000175154878001
   0.000000959678472
   0.000000109398688
  -0.058629163376331
   0.115839263699479
   0.000423197407972
   0.000001009891660
  -0.000000000000244
   0.000000752617347
   0.000333042836895


logL =

 -63.887931145694708


exitflag =

     0

-----
   1.0e+03 *

   0.000878766623285
   0.000147324863207
   0.001420928709239
  -0.000007505668844
  -0.000048747539377
  -0.000010291687243
   0.000028824762758
   0.004080709496056
   0.000903137048842
   0.000733131882096
   0.167456693749370
   0.000393924747353
  -0.000386374276733
  -0.001205243819356
  -0.000742522393379
   0.002439745851426
   0.003217853387389
   0.000054332633331
  -0.000155930821241
  -0.000472071887193
  -0.000094217738491
   0.000615663157396
   0.000188366218378
   0.000001310472626
   0.000000194741685
   0.000000650743155
   0.000000000051774
   0.000000399960780
  -0.000000000000000
   0.000000545789202
   0.000001882320584
   0.000002934665235
  -0.000115250342947
   0.002078964686173
   0.000119196043238
   0.000454668227024
   1.416591485938393
   0.000000000000092
  -0.000000626195516
  -0.000001070734401
   0.000175487450227
   0.000000957056851
   0.000000109115265
  -0.058755625931499
   0.116119378043835
   0.000420155554815
   0.000001009374416
  -0.000000000000261
   0.000000755020670
   0.000332512774872


logL =

 -63.888162780924404


exitflag =

     0

-----
   1.0e+03 *

   0.000879836157045
   0.000147983884436
   0.001420024399847
  -0.000007592882626
  -0.000049024167233
  -0.000010309898976
   0.000028696001404
   0.004119948872133
   0.000908713754984
   0.000736868798345
   0.166673325600498
   0.000395932982863
  -0.000389529688717
  -0.001207571629351
  -0.000741605032611
   0.002434482274408
   0.003211714617503
   0.000054306686571
  -0.000157302139964
  -0.000471529992471
  -0.000094216788963
   0.000615268096306
   0.000189243591624
   0.000001312482497
   0.000000187323013
   0.000000650302411
   0.000000000060525
   0.000000401298962
  -0.000000000000000
   0.000000544936646
   0.000001885166391
   0.000002937508823
  -0.000115575009236
   0.002097088586174
   0.000121677631880
   0.000457747197332
   1.421909260507677
   0.000000000000117
  -0.000000610305458
  -0.000001117631797
   0.000175303301641
   0.000000954765627
   0.000000109140331
  -0.058912647579184
   0.116754979536938
   0.000421446651990
   0.000001010407303
  -0.000000000000204
   0.000000752824375
   0.000332724518147


logL =

 -63.888396679646270


exitflag =

     0

-----
   1.0e+03 *

   0.000878905145237
   0.000146701880156
   0.001419880424833
  -0.000007450964103
  -0.000048946892208
  -0.000010302341383
   0.000028891643868
   0.004092133336501
   0.000904684333548
   0.000734642681047
   0.166834637159157
   0.000393592650329
  -0.000389228089778
  -0.001202558404090
  -0.000741431288022
   0.002439767797042
   0.003213957007684
   0.000054074729545
  -0.000156807766553
  -0.000471751163506
  -0.000094172735548
   0.000615766464204
   0.000188682263600
   0.000001311473874
   0.000000191844671
   0.000000650545568
   0.000000000109079
   0.000000400497819
  -0.000000000000000
   0.000000544134817
   0.000001886669286
   0.000002935581496
  -0.000115859776728
   0.002087639744306
   0.000120646149636
   0.000455978472422
   1.424580053171288
   0.000000000000017
  -0.000000631686825
  -0.000001119437458
   0.000175366241471
   0.000000951686230
   0.000000109019851
  -0.058897201369046
   0.116613037637162
   0.000419918131049
   0.000001010059912
  -0.000000000000102
   0.000000755491781
   0.000332562213489


logL =

 -63.888547530818229


exitflag =

     0

-----
   1.0e+03 *

   0.000880674179929
   0.000147886934575
   0.001421276461325
  -0.000007546136102
  -0.000048883314948
  -0.000010331400311
   0.000028699996473
   0.004117435816585
   0.000909455101780
   0.000738833242386
   0.166999041079739
   0.000396496951023
  -0.000387499175645
  -0.001204039204216
  -0.000740854784673
   0.002434348930003
   0.003220009660505
   0.000054138646032
  -0.000157106543561
  -0.000470170363848
  -0.000093886779453
   0.000616070512433
   0.000190127470269
   0.000001311106451
   0.000000188025654
   0.000000650853709
   0.000000000087971
   0.000000400507674
  -0.000000000000000
   0.000000546740532
   0.000001884709259
   0.000002919510566
  -0.000116584996842
   0.002087209515822
   0.000121585733063
   0.000458949354682
   1.432125733574228
   0.000000000000018
  -0.000000613523649
  -0.000001151484313
   0.000174964479894
   0.000000946369019
   0.000000109202474
  -0.059065232311169
   0.117514373152150
   0.000420797462871
   0.000001010686196
  -0.000000000000168
   0.000000752834821
   0.000331664287813


logL =

 -63.888778122206311


exitflag =

     0

-----
   1.0e+03 *

   0.000878536208542
   0.000146267013590
   0.001419573196403
  -0.000007502973636
  -0.000048838190244
  -0.000010283718666
   0.000028687268992
   0.004091720520192
   0.000903642721732
   0.000735351476781
   0.168385647242183
   0.000392123538259
  -0.000385695166001
  -0.001194543687620
  -0.000740252172516
   0.002446465570554
   0.003219322490065
   0.000053678041502
  -0.000156598190723
  -0.000469826416422
  -0.000093569845507
   0.000617770683690
   0.000188709994069
   0.000001312689698
   0.000000191305531
   0.000000651681990
   0.000000000060102
   0.000000400156435
  -0.000000000000000
   0.000000544655434
   0.000001886393859
   0.000002941312018
  -0.000116991124214
   0.002076542734613
   0.000119875783016
   0.000454043616591
   1.437139065149108
   0.000000000000014
  -0.000000623513377
  -0.000001127858545
   0.000175769366964
   0.000000945327866
   0.000000109079398
  -0.058893366661195
   0.117290606636317
   0.000420005833825
   0.000001008899364
  -0.000000000000161
   0.000000755871502
   0.000332547606062


logL =

 -63.889029047195166


exitflag =

     0

-----
   1.0e+03 *

   0.000879435966941
   0.000146942999725
   0.001420282894395
  -0.000007584517515
  -0.000048931375870
  -0.000010297326342
   0.000028390609985
   0.004114014958068
   0.000905060617563
   0.000737539407681
   0.170048511692129
   0.000394145451654
  -0.000387287735727
  -0.001197603096206
  -0.000739517349811
   0.002441617543749
   0.003216950215782
   0.000053825144394
  -0.000156477211235
  -0.000468946658635
  -0.000093552384393
   0.000617601808844
   0.000189224952963
   0.000001312079426
   0.000000189110309
   0.000000650977639
   0.000000000037845
   0.000000400803638
  -0.000000000000000
   0.000000545118746
   0.000001889034587
   0.000002935607831
  -0.000117121645625
   0.002086316826463
   0.000120178887783
   0.000456664790682
   1.439265635008374
   0.000000000000011
  -0.000000607329349
  -0.000001128877451
   0.000175335262693
   0.000000944458351
   0.000000109104702
  -0.059042876260121
   0.117678166366639
   0.000420979010514
   0.000001010051314
  -0.000000000000080
   0.000000753811242
   0.000332527126206


logL =

 -63.889140732289562


exitflag =

     0

-----
   1.0e+03 *

   0.000879421666430
   0.000146477945334
   0.001420054938024
  -0.000007539753710
  -0.000048942399839
  -0.000010239425670
   0.000028438544007
   0.004120747050985
   0.000902764717237
   0.000739787553338
   0.170111226670320
   0.000393780711978
  -0.000387458678490
  -0.001195880975608
  -0.000740022048768
   0.002443769728378
   0.003217143784743
   0.000053615789544
  -0.000156947792716
  -0.000469089599869
  -0.000093500315862
   0.000617487280280
   0.000187974508652
   0.000001312796846
   0.000000187065757
   0.000000651257817
  -0.000000000005732
   0.000000400353788
  -0.000000000000000
   0.000000544881631
   0.000001889300069
   0.000002936924714
  -0.000117223115662
   0.002087635172152
   0.000119611618687
   0.000456387519808
   1.441203680494824
   0.000000000000013
  -0.000000621042568
  -0.000001113973498
   0.000175162159235
   0.000000942607587
   0.000000109090725
  -0.059147045289345
   0.117903678133178
   0.000421598767157
   0.000001011275672
  -0.000000000000110
   0.000000756121258
   0.000332797747382


logL =

 -63.889219503146109


exitflag =

     0

-----
   1.0e+03 *

   0.000878802409485
   0.000146698872862
   0.001421288471098
  -0.000007542017822
  -0.000049110234371
  -0.000010254469345
   0.000028486823208
   0.004118227494938
   0.000903009183560
   0.000736713488327
   0.169229596465222
   0.000396209550140
  -0.000385228361355
  -0.001198775459194
  -0.000738556985096
   0.002449246475509
   0.003224490297044
   0.000053423299261
  -0.000157033177797
  -0.000469156203041
  -0.000093308245270
   0.000617578732580
   0.000189915340483
   0.000001311712691
   0.000000187881604
   0.000000651280869
  -0.000000000027096
   0.000000401317982
   0.000000000000000
   0.000000544650944
   0.000001883330595
   0.000002940249719
  -0.000117727454592
   0.002100935900602
   0.000120376545215
   0.000454325350665
   1.448669625753633
   0.000000000000001
  -0.000000708006729
  -0.000001129204930
   0.000175801573297
   0.000000938919930
   0.000000109150020
  -0.059084126828100
   0.118496269489607
   0.000421233208346
   0.000001004493194
  -0.000000000000057
   0.000000753454264
   0.000332985988359


logL =

 -63.889408201001181


exitflag =

     0

-----
   1.0e+03 *

   0.000878724855034
   0.000146546304398
   0.001418523751863
  -0.000007615075970
  -0.000049131059427
  -0.000010211224630
   0.000028352127448
   0.004122310037409
   0.000902855768331
   0.000736264548922
   0.169686895206956
   0.000397699409979
  -0.000385451049814
  -0.001195357488289
  -0.000738619900493
   0.002450137052712
   0.003222677008326
   0.000053420272534
  -0.000157073515274
  -0.000468219425252
  -0.000093314529226
   0.000617767695236
   0.000189429781864
   0.000001312045807
   0.000000189253348
   0.000000650450410
  -0.000000000030235
   0.000000400516861
   0.000000000000000
   0.000000545470333
   0.000001889809665
   0.000002925144896
  -0.000117999303376
   0.002097604139036
   0.000119130632067
   0.000457438391512
   1.450662193261738
   0.000000000000001
  -0.000000611170792
  -0.000001107014179
   0.000175169861277
   0.000000937596039
   0.000000109170929
  -0.059221599456860
   0.118676341418584
   0.000422568974048
   0.000001011536840
  -0.000000000000064
   0.000000755310590
   0.000332574011074


logL =

 -63.889576318643002


exitflag =

     0

-----
   1.0e+03 *

   0.000877180300299
   0.000147191433055
   0.001418710547479
  -0.000007551766017
  -0.000049126291012
  -0.000010280445647
   0.000028326346038
   0.004132455063709
   0.000904815626532
   0.000738482667712
   0.170831418756467
   0.000398152498616
  -0.000385740860275
  -0.001200779322261
  -0.000736454870742
   0.002449840003363
   0.003217323172815
   0.000053391303191
  -0.000157271215634
  -0.000467454861388
  -0.000093479049881
   0.000617294445878
   0.000189945578160
   0.000001311308221
   0.000000189216717
   0.000000650929654
  -0.000000000149759
   0.000000400981944
   0.000000000000000
   0.000000544957849
   0.000001882757621
   0.000002939645554
  -0.000118396251092
   0.002110412803961
   0.000119227033360
   0.000459321352984
   1.455773750604848
  -0.000000000000000
  -0.000000590130562
  -0.000001123866787
   0.000175166038822
   0.000000935709048
   0.000000109284260
  -0.059549600286976
   0.119538140307807
   0.000423443277194
   0.000001007605702
   0.000000000000010
   0.000000753445699
   0.000332685196158


logL =

 -63.889747815265451


exitflag =

     0

-----
   1.0e+03 *

   0.000877181510050
   0.000146642769246
   0.001417101749144
  -0.000007632792828
  -0.000049148522422
  -0.000010264386760
   0.000028269322672
   0.004123647153540
   0.000902882672943
   0.000735568551443
   0.170492640502552
   0.000397872000154
  -0.000386227030040
  -0.001199435431544
  -0.000736899885232
   0.002447485945580
   0.003220578247107
   0.000053330750647
  -0.000157858790559
  -0.000468326556458
  -0.000093350791882
   0.000617262282915
   0.000190319164997
   0.000001313087382
   0.000000190580748
   0.000000650960731
  -0.000000000142555
   0.000000400357886
   0.000000000000000
   0.000000544734617
   0.000001885584411
   0.000002932003663
  -0.000118691835572
   0.002104961948327
   0.000118404083295
   0.000458518227699
   1.457563829270010
  -0.000000000000000
  -0.000000587014978
  -0.000001087801477
   0.000174575294717
   0.000000932186207
   0.000000109333549
  -0.059611823371184
   0.119700852355020
   0.000423603468611
   0.000001011472422
   0.000000000000011
   0.000000755192818
   0.000332732949263


logL =

 -63.889871808043473


exitflag =

     0

-----
   1.0e+03 *

   0.000877588227859
   0.000146730767947
   0.001418234879433
  -0.000007551089417
  -0.000049204691706
  -0.000010268001704
   0.000028214599318
   0.004138223966267
   0.000905512693161
   0.000739221998830
   0.171900166611060
   0.000398944559442
  -0.000386625278642
  -0.001201255205265
  -0.000736475361764
   0.002448860495565
   0.003221286215330
   0.000053357046989
  -0.000156904478125
  -0.000467495813094
  -0.000093348843126
   0.000617294636451
   0.000190891419959
   0.000001310312797
   0.000000186197404
   0.000000650920364
  -0.000000000056045
   0.000000400302367
  -0.000000000000000
   0.000000546348733
   0.000001884009411
   0.000002936073167
  -0.000119108480847
   0.002115079599733
   0.000116661551006
   0.000461341961995
   1.461050323507382
  -0.000000000000000
  -0.000000621764044
  -0.000001035743376
   0.000174057112173
   0.000000927425560
   0.000000109435604
  -0.059845468224918
   0.120280680290703
   0.000424027541829
   0.000001010146862
   0.000000000000004
   0.000000754695498
   0.000332497253804


logL =

 -63.890003170679208


exitflag =

     0

-----
