   1.0e+02 *

   0.008604000000000
   0.001316000000000
   0.014528000000000
  -0.000073580000000
  -0.000443810000000
  -0.000094820000000
   0.000472000000000
   0.036489000000000
   0.008774000000000
   0.007176000000000
                   0
   0.003208000000000
  -0.004270000000000
  -0.012439000000000
  -0.006947000000000
   0.021261000000000
   0.030772000000000
   0.000329000000000
  -0.001468000000000
  -0.003630000000000
  -0.000788000000000
   0.005983000000000
   0.001524000000000
   0.000013140000000
   0.000001870000000
   0.000006540000000
                   0
   0.000003950000000
                   0
   0.000005310000000
   0.000019000000000
   0.000029790000000
  -0.000919009366576
  -0.000209000000000
   0.001072000000000
  -0.002214000000000
   7.979090053987640
  -0.000007120000000
  -0.000000380000000
  -0.000006010000000
   0.022793200222464
   0.000036363924829
   0.000001680994280
  -0.370030945004907
   0.877002844654973
   0.003105365125189
   0.000060060000000
   0.000047070000000
   0.000041120000000
   0.001832092492556
   0.001832092492556


logL =

 -60.648301031988062

   1.0e+02 *

   0.008604000000000
   0.001316000000000
   0.014528000000000
  -0.000073580000000
  -0.000443810000000
  -0.000094820000000
   0.000472000000000
   0.036489000000000
   0.008774000000000
   0.007176000000000
                   0
   0.003208000000000
  -0.004270000000000
  -0.012439000000000
  -0.006947000000000
   0.021261000000000
   0.030772000000000
   0.000329000000000
  -0.001468000000000
  -0.003630000000000
  -0.000788000000000
   0.005983000000000
   0.001524000000000
   0.000013140000000
   0.000001870000000
   0.000006540000000
                   0
   0.000003950000000
                   0
   0.000005310000000
   0.000019000000000
   0.000029790000000
  -0.000919009366576
  -0.000209000000000
   0.001072000000000
  -0.002214000000000
   7.979090053987640
  -0.000007120000000
  -0.000000380000000
  -0.000006010000000
   0.022793200222464
   0.000036363924829
   0.000001680994280
  -0.370030945004907
   0.877002844654973
   0.003105365125189
   0.000060060000000
   0.000047070000000
   0.000041120000000
   0.001832092492556
   0.001832092492556


logL =

 -60.648301031988062

   1.0e+02 *

   0.008126942076802
   0.001824758182563
   0.011712136534523
  -0.000064844695712
  -0.000456980086754
  -0.000090918316340
   0.000495923392795
   0.036879966906352
   0.008879664327556
   0.007189721962708
   0.000009175317383
   0.006213807695773
  -0.004862411662704
  -0.018514739864856
  -0.005901851192028
   0.025036177193305
   0.028002253743639
   0.000292467845572
  -0.001639165655447
  -0.002198742215764
  -0.000659742453403
   0.005977190515072
   0.001709633143134
   0.000017515880207
   0.000002115997838
   0.000006402155564
  -0.000002396360937
   0.000005339691853
   0.000001364264681
   0.000006903964254
   0.000025131083871
   0.000030044664296
  -0.000966306498453
  -0.000257863028724
   0.000918471211639
  -0.002534280833584
   7.228349258372318
  -0.000006421566267
  -0.000000427002316
  -0.000003895857161
   0.005620852716321
   0.000040972103119
   0.000001543220350
  -0.688993347896161
   0.902553732201059
   0.003215854281828
  -0.000000678970094
   0.000016138367606
   0.000013183478666
   0.001177114622283
   0.001663493910654


logL =

 -62.896165317433947


exitflag =

     0

-----
   1.0e+02 *

   0.008459606220533
   0.002045648319389
   0.011997856968469
  -0.000060227217031
  -0.000476789425405
  -0.000110430851163
   0.000520822494592
   0.043109187844502
   0.009361586303786
   0.008253205792906
   0.000009784526552
   0.006016154863036
  -0.004689115867804
  -0.018626264708207
  -0.006042492488893
   0.024343678435562
   0.026507625708859
   0.000417860010131
  -0.001453256098587
  -0.002637688640034
  -0.000640469109745
   0.006042993818845
   0.002061004476809
   0.000013672573575
   0.000002342356653
   0.000007249757528
  -0.000002495378781
   0.000005077638522
   0.000001300712054
   0.000008019571592
   0.000029601730405
   0.000035949080009
  -0.000956895039501
  -0.000255320497817
   0.000947153760861
  -0.002488155954609
   7.322090775634528
  -0.000009704918629
  -0.000000383064180
  -0.000002155370657
   0.005675187525369
   0.000039317724422
   0.000001522098263
  -0.692150022725081
   0.920278775254951
   0.003216028406432
  -0.000000657006503
   0.000007087030348
   0.000015286679923
   0.001005244798738
   0.000064720199830


logL =

 -63.851757108368346


exitflag =

     0

-----
