   0.840065568878275
   0.118383167748938
   1.421093530616919
  -0.003895570743427
  -0.037610007911130
  -0.007754897156187
   0.049253336057609
   2.728114410581577
   0.790107488129807
   0.706179188064631
   0.360860611707511
  -0.582590645174040
  -1.298701186567462
  -0.573669055405797
   2.045180124650427
   1.645417211756156
   0.036171093451494
  -0.157724843765856
  -0.314067667583136
  -0.085381645634067
   0.724410063459740
   0.039885705461330
   0.001282901838909
  -0.000131686068893
   0.000660834457707
  -0.000000090081014
   0.000487975867190
  -0.000000518848088
   0.000751924780910
   0.001827151344851
   0.003068830773092
   0.024118234359847
  -0.345353747499539
   0.072835522111081
  -0.149902946376185
  -0.000273551128292
  -0.003007724483513
  -0.001033720963968
   0.009989249083852
   0.006246888496312
   0.004718305308132
   0.003875255317433
   0.005881180407742
   0.003216340682476


logL =

 -61.918540394722015


exitflag =

     0

-----
   0.839083331153659
   0.118345426180937
   1.420129605910803
  -0.003867699581585
  -0.037661679087325
  -0.007700007575647
   0.049085868645659
   2.692988312949565
   0.786873984632761
   0.695389435906910
   0.362123815314087
  -0.585336200852210
  -1.299381915420642
  -0.574140967879625
   2.048173573776113
   1.641006045965754
   0.036173442139679
  -0.157592243249868
  -0.313999278375306
  -0.085088607694240
   0.725014680929033
   0.037215285798041
   0.001281892305515
  -0.000143286895194
   0.000659807564693
  -0.000000170325456
   0.000488058820748
  -0.000000338688392
   0.000751857867292
   0.001835144208895
   0.003064064234673
   0.024130485245226
  -0.345162587915483
   0.072837282101581
  -0.149600884704511
  -0.000269258145447
  -0.003014690577159
  -0.001035600090555
   0.009963255634271
   0.006244493210818
   0.004712760367089
   0.003869123647099
   0.005879150218191
   0.003223531994655


logL =

 -61.918755415892093


exitflag =

     0

-----
   0.841831893475456
   0.117744743418781
   1.421336466780106
  -0.003819334091115
  -0.037633037479998
  -0.007717703171304
   0.049285260885533
   2.716456879370483
   0.788992694442193
   0.703746669577268
   0.365026319977494
  -0.587094629750183
  -1.305984340228584
  -0.573977072356715
   2.049902515081273
   1.635533924485917
   0.036155946183675
  -0.157501837016167
  -0.313776473204937
  -0.085006256971776
   0.726058205297238
   0.036234792505895
   0.001281853752530
  -0.000134406834248
   0.000659048799647
  -0.000000174204045
   0.000488039241262
  -0.000000338000344
   0.000751191400871
   0.001834147315476
   0.003075046341137
   0.024132728590962
  -0.345068423433725
   0.072805340049752
  -0.149462672662890
  -0.000271720761004
  -0.003019849594353
  -0.001036239429458
   0.009973158817117
   0.006235124568451
   0.004711642959835
   0.003877347486077
   0.005876342557672
   0.003215575006095


logL =

 -61.918936933046204


exitflag =

     0

-----
   0.839687810936245
   0.117577952067350
   1.418245906556215
  -0.003764895396815
  -0.037698057641847
  -0.007659487572663
   0.049157832631738
   2.675871890733888
   0.783554363993484
   0.693618621424594
   0.365200208329117
  -0.587714926298052
  -1.301611458826551
  -0.572545771448381
   2.052907392231826
   1.621067063501794
   0.036170909044090
  -0.157147179759521
  -0.314213526215876
  -0.084452768446771
   0.727122766913369
   0.034937790919278
   0.001282798574669
  -0.000139517245779
   0.000660982429167
  -0.000000420588791
   0.000488208582262
  -0.000000329855839
   0.000752260708531
   0.001838308127614
   0.003075888125612
   0.024141399865712
  -0.346131233519794
   0.072805974863266
  -0.149203407265345
  -0.000227128962969
  -0.003023890984269
  -0.001037064093509
   0.009977066267111
   0.006223857165611
   0.004700067046772
   0.003876803522478
   0.005877505829815
   0.003223815587713


logL =

 -61.919213921019548


exitflag =

     0

-----
   0.841590041843764
   0.116944687945055
   1.418015018536586
  -0.003731214814719
  -0.037611315634340
  -0.007640251628963
   0.049352922279916
   2.701766677427944
   0.785452349434010
   0.702864665168060
   0.363843572187497
  -0.588074415537524
  -1.301095513394021
  -0.572354532497643
   2.055252847136591
   1.615335822705424
   0.036199413222484
  -0.157065108299150
  -0.314159434413337
  -0.084539814479474
   0.727140668538157
   0.034115856402836
   0.001282036563525
  -0.000133611836928
   0.000660534947825
  -0.000000452968673
   0.000488435902435
  -0.000000334384272
   0.000751079422264
   0.001833884462377
   0.003070185846015
   0.024158492191530
  -0.346047060663156
   0.072841831270537
  -0.149151290053100
  -0.000225826149061
  -0.003023875275142
  -0.001037885467184
   0.009975786909546
   0.006235256841990
   0.004721966074426
   0.003876071722997
   0.005882226444531
   0.003219277896984


logL =

 -61.919418495392797


exitflag =

     0

-----
   0.839729580979145
   0.116839301287925
   1.416846417590890
  -0.003649829218791
  -0.037624860733608
  -0.007656856759614
   0.049142986657662
   2.668920585565706
   0.783086663278386
   0.694543968600712
   0.369789391456607
  -0.585506615084460
  -1.295959920998061
  -0.572632886414564
   2.056365466450722
   1.614956280605875
   0.036254316977181
  -0.156824148570068
  -0.314025640942133
  -0.084465267579984
   0.728384272544928
   0.032902184482711
   0.001282770620952
  -0.000141451597305
   0.000659850950985
  -0.000000621690760
   0.000487877772119
  -0.000000060260283
   0.000751518637290
   0.001838736035682
   0.003061552185058
   0.024150163285769
  -0.345858245376270
   0.072827283287010
  -0.148767094706514
  -0.000222448493797
  -0.003026204484844
  -0.001038040864138
   0.009993655922270
   0.006230501453225
   0.004707870875739
   0.003869682396187
   0.005880023790528
   0.003216257190995


logL =

 -61.919561131906534


exitflag =

     0

-----
   0.844309537697725
   0.116200929469979
   1.412223410292082
  -0.003555957511575
  -0.037683760062459
  -0.007702418197482
   0.049481298710252
   2.704297390269193
   0.787156955789455
   0.707715556330724
   0.371478426733172
  -0.587648132590529
  -1.309126501452478
  -0.572950391926901
   2.070827346525429
   1.594579393066349
   0.036609573006910
  -0.155288212872614
  -0.314953014767659
  -0.083124607533929
   0.729839070335127
   0.030387268984775
   0.001280993988341
  -0.000125712634346
   0.000661445294001
  -0.000000809148357
   0.000486870796563
  -0.000000055005427
   0.000750962312517
   0.001825783900847
   0.003074120383985
   0.024178407845381
  -0.346575694660526
   0.072603746045132
  -0.147536017959359
  -0.000145159797931
  -0.003042491686711
  -0.001039179946843
   0.010017142718670
   0.006255203943601
   0.004725862355595
   0.003881608057855
   0.005844684732106
   0.003205430224141


logL =

 -61.920162373437144


exitflag =

     0

-----
   0.844447669554439
   0.116126097893426
   1.411016622550423
  -0.003518238575303
  -0.037671249548966
  -0.007654963086202
   0.049339028353427
   2.667265989707808
   0.783247372917886
   0.696649941214523
   0.372733954347089
  -0.588919517114339
  -1.304126226988705
  -0.572893856848059
   2.070364321871001
   1.589990116327100
   0.036708960949512
  -0.155264738770267
  -0.314890453963548
  -0.083135494861054
   0.729400289814672
   0.029144082567431
   0.001281267609104
  -0.000138819283558
   0.000660183025432
  -0.000000851207751
   0.000487847527167
  -0.000000054792205
   0.000751581440419
   0.001833772825151
   0.003074314674995
   0.024189401062424
  -0.346208678119482
   0.072656863186845
  -0.147544209271898
  -0.000144183792465
  -0.003042885946231
  -0.001039628378904
   0.010000683718725
   0.006222136445768
   0.004710819184056
   0.003882600151006
   0.005910458257349
   0.003217992161914


logL =

 -61.920452726350270


exitflag =

     0

-----
   0.844487067433553
   0.116105289755703
   1.408254151627924
  -0.003443331309100
  -0.037565489178025
  -0.007493651714269
   0.049715106663053
   2.678354855785416
   0.780997619800865
   0.703882113834901
   0.369380795817829
  -0.587471437681588
  -1.296340683182687
  -0.574124105973724
   2.088845986316628
   1.586133324293128
   0.036900543363968
  -0.154732792693254
  -0.315197829657148
  -0.082691827275255
   0.731575245008117
   0.025454658644803
   0.001280919541255
  -0.000132829292790
   0.000660238099337
  -0.000001561629286
   0.000486820149277
  -0.000000072462631
   0.000751757869141
   0.001827608002969
   0.003088005977977
   0.024201393539281
  -0.347009564341537
   0.072585339963782
  -0.146791985403706
  -0.000137755873441
  -0.003044603881972
  -0.001042475531714
   0.010013857315834
   0.006219441838149
   0.004702207221040
   0.003876972069423
   0.005888152684878
   0.003222348378375


logL =

 -61.920737439110091


exitflag =

     0

-----
   0.846065150909293
   0.116119937112278
   1.408316236329060
  -0.003407318496576
  -0.037643624975727
  -0.007558880563591
   0.049307670594489
   2.653410086678613
   0.781097656795415
   0.696802225529533
   0.371772625556511
  -0.587111911732911
  -1.289552776143555
  -0.573369949325842
   2.088955722407175
   1.585538528323025
   0.036940095399257
  -0.154910997194160
  -0.315467006812053
  -0.081887254467232
   0.733695506437805
   0.026237342799844
   0.001282172517533
  -0.000134051489235
   0.000660084005528
  -0.000000102881133
   0.000487929198835
  -0.000000143435024
   0.000752116624219
   0.001829770528162
   0.003081603226278
   0.024172934844203
  -0.346476620287604
   0.072513726113354
  -0.146254442926216
  -0.000134581693524
  -0.003052371687127
  -0.001044840121810
   0.009968343239958
   0.006221060985114
   0.004701419658626
   0.003866425420127
   0.005886253252901
   0.003222112557066


logL =

 -61.921061052831462


exitflag =

     0

-----
   0.847120241433080
   0.115715108209767
   1.403727919205734
  -0.003366862594929
  -0.037504035367350
  -0.007527443891675
   0.049481300157141
   2.665814146575275
   0.781316882491805
   0.702799319883528
   0.370083721992665
  -0.585441567869156
  -1.285359613120481
  -0.574085836446731
   2.095039290886685
   1.580903923033123
   0.036968658384787
  -0.154680069442717
  -0.315025579345732
  -0.081423098658108
   0.733911297631973
   0.024891052592261
   0.001281457011179
  -0.000131489129280
   0.000660571645784
  -0.000000126799155
   0.000487368686244
  -0.000000166762525
   0.000751267485797
   0.001830656992067
   0.003078005527672
   0.024173377518862
  -0.346463999357852
   0.072616028547986
  -0.146074834513628
  -0.000129557872001
  -0.003056611237649
  -0.001048200213796
   0.010020642421444
   0.006213854394692
   0.004701140096417
   0.003876227352062
   0.005880728008048
   0.003221599541273


logL =

 -61.921225530290180


exitflag =

     0

-----
   0.848358987670025
   0.115634563778885
   1.405338226837306
  -0.003327086978394
  -0.037591364215514
  -0.007546656198309
   0.049339361325082
   2.641670143484986
   0.780529029135554
   0.695313333022586
   0.376856050767303
  -0.586254227726223
  -1.291271663820671
  -0.573423137861698
   2.096415114153673
   1.578496882267926
   0.037005263623559
  -0.154523207653839
  -0.315290934299453
  -0.080907710958332
   0.735064473903484
   0.024028543551530
   0.001282041241638
  -0.000139240884390
   0.000659720520372
  -0.000000170975778
   0.000488140535306
  -0.000000292715306
   0.000752750889435
   0.001828725226669
   0.003067017072005
   0.024190915965376
  -0.345867937412349
   0.072662502052557
  -0.145890652553391
  -0.000116702093492
  -0.003060410829084
  -0.001048723787032
   0.010002588057567
   0.006214746282306
   0.004709736811214
   0.003876554448144
   0.005896826338987
   0.003229387446284


logL =

 -61.921387430281392


exitflag =

     0

-----
   0.848230883034270
   0.115482403399171
   1.403917120341485
  -0.003319315371999
  -0.037494351745145
  -0.007520159135106
   0.049514318613543
   2.657892722959986
   0.779917188870009
   0.701680952969276
   0.373001694005784
  -0.589192861682557
  -1.293968031635271
  -0.573597217708745
   2.099228570954416
   1.576529018947046
   0.037051144893142
  -0.154480694537761
  -0.315215879260522
  -0.080880372416874
   0.735510334247562
   0.023018805535493
   0.001280730752649
  -0.000133045460166
   0.000660443959092
  -0.000000186172737
   0.000488040289593
  -0.000000321112595
   0.000751441927420
   0.001832002402261
   0.003080095885276
   0.024209241137620
  -0.345934947304232
   0.072675114057916
  -0.145654208267161
  -0.000113031637272
  -0.003062015633266
  -0.001049676063884
   0.010012598170677
   0.006219681433818
   0.004706930812202
   0.003871764382420
   0.005893430691908
   0.003226579585547


logL =

 -61.921502579121281


exitflag =

     0

-----
   0.845972132731805
   0.115359322070347
   1.403978319221158
  -0.003307972164933
  -0.037521797077921
  -0.007524253814468
   0.049382653740993
   2.629698801757757
   0.778259720105272
   0.693727280640044
   0.369939434753543
  -0.588646466656139
  -1.286566857894658
  -0.573281285472736
   2.101076451093105
   1.575756238406233
   0.037054071246225
  -0.154286679083080
  -0.315383836849624
  -0.080574487934255
   0.736981934375315
   0.021423719972825
   0.001281992153409
  -0.000138768550105
   0.000660835432688
  -0.000000386639852
   0.000488045908892
  -0.000000165651201
   0.000751240263559
   0.001834860430752
   0.003088252441794
   0.024205760595765
  -0.345545351179021
   0.072676794604943
  -0.145414903293815
  -0.000102239403911
  -0.003062488980937
  -0.001051243819389
   0.009992634975045
   0.006216100356570
   0.004709863443309
   0.003873137965635
   0.005916932994042
   0.003220047577592


logL =

 -61.921615379555334


exitflag =

     0

-----
   0.850309719002104
   0.115119785653748
   1.405604019733572
  -0.003295942866838
  -0.037460023209855
  -0.007513924711852
   0.049436715284797
   2.654105870195343
   0.778667746124191
   0.702496702987607
   0.368994550842871
  -0.588276295407125
  -1.286273277619386
  -0.574009331481182
   2.104721689104576
   1.569855439706270
   0.037089992860215
  -0.154147933668726
  -0.315754217121949
  -0.080186550159253
   0.736939842495156
   0.019382283062375
   0.001281774806334
  -0.000131711724776
   0.000660686200879
  -0.000000174342923
   0.000488231107366
  -0.000000323784104
   0.000751559375847
   0.001828176398467
   0.003087543170611
   0.024202111721466
  -0.345001548312196
   0.072719238265991
  -0.145163953524604
  -0.000102640809380
  -0.003066077385389
  -0.001052699795259
   0.010016193143420
   0.006212487002278
   0.004708826114721
   0.003876134692107
   0.005904368970876
   0.003219037426390


logL =

 -61.921766580026109


exitflag =

     0

-----
   0.849475541644953
   0.115057164166584
   1.404659333366233
  -0.003287241241883
  -0.037469894937624
  -0.007495023662373
   0.049496502951190
   2.632584003532115
   0.777763573788919
   0.696003686089965
   0.370581603882954
  -0.590544753860185
  -1.292836705518014
  -0.574062636220595
   2.105669851767718
   1.568629577927351
   0.037099844320433
  -0.154171877126329
  -0.315851305495997
  -0.080145381119257
   0.737314188292650
   0.019186296225829
   0.001281627697711
  -0.000137142622380
   0.000660479684747
  -0.000000080430607
   0.000487605726247
  -0.000000411066420
   0.000751749343415
   0.001830146581862
   0.003079224210854
   0.024209324231168
  -0.344969385341163
   0.072686802341167
  -0.145067021794372
  -0.000102067865180
  -0.003067222336644
  -0.001052802079336
   0.010017135895882
   0.006212830759834
   0.004705311552604
   0.003875354208040
   0.005906921989089
   0.003221600810016


logL =

 -61.921845984187982


exitflag =

     0

-----
   0.850830089662175
   0.114582719833756
   1.405876970352692
  -0.003238590924869
  -0.037424866230118
  -0.007481006845415
   0.049650842840710
   2.643760098538633
   0.778521779874552
   0.701172470298043
   0.373332177960376
  -0.591659877042676
  -1.296756490613002
  -0.573907744455806
   2.107126781479487
   1.566076662010724
   0.037176472984698
  -0.154095753043139
  -0.316087466864257
  -0.080220736128840
   0.738584361596475
   0.019060526948987
   0.001283497679029
  -0.000131828020633
   0.000660648944737
  -0.000000133614041
   0.000487279521693
   0.000000313539706
   0.000750634653672
   0.001834811705452
   0.003087414842478
   0.024221633841101
  -0.344321529800304
   0.072660989800515
  -0.144916763613371
  -0.000108835551183
  -0.003067540506159
  -0.001054236149637
   0.010019481468574
   0.006218119650279
   0.004705666043825
   0.003867387993498
   0.005895525686631
   0.003217100664812


logL =

 -61.921936294352236


exitflag =

     0

-----
   0.849852643334112
   0.114592781174402
   1.404494698122112
  -0.003229447732930
  -0.037436552149197
  -0.007499563203289
   0.049537698589756
   2.622365790409089
   0.776881100341231
   0.694867795212909
   0.372690829006737
  -0.591673641926273
  -1.293387290154771
  -0.574177924907034
   2.108875538170452
   1.565032097784346
   0.037205848605436
  -0.154086343166516
  -0.316302905996934
  -0.080247996678896
   0.739045583425211
   0.018667137791732
   0.001281153850230
  -0.000138241617419
   0.000660130882323
  -0.000000154029282
   0.000487525239689
   0.000000292197737
   0.000751679654036
   0.001831070930293
   0.003081755995049
   0.024215690211776
  -0.344246706404992
   0.072665660043879
  -0.144698430288078
  -0.000107018630471
  -0.003066761232313
  -0.001054625670874
   0.009997459701906
   0.006210110204245
   0.004706699230151
   0.003869704126801
   0.005913346093761
   0.003217477146974


logL =

 -61.922023451394502


exitflag =

     0

-----
   0.852011559864900
   0.114649846926520
   1.408688432490907
  -0.003146582467316
  -0.037469230337002
  -0.007497075804563
   0.049612537291490
   2.639693012202547
   0.778696707470570
   0.702014372507092
   0.367286720915583
  -0.591298210603010
  -1.284584480821552
  -0.575809455407683
   2.112418048472748
   1.564160058332199
   0.037398678344973
  -0.153407028998765
  -0.316913808775991
  -0.079867131361284
   0.740097456172790
   0.015321945082921
   0.001278878341480
  -0.000130603755701
   0.000659341219677
  -0.000000070022190
   0.000488243561433
   0.000000613345711
   0.000751703461440
   0.001822269903908
   0.003080518868175
   0.024217804332096
  -0.343333636443524
   0.072827493185965
  -0.144294543996160
  -0.000087301280425
  -0.003078746483808
  -0.001054246217487
   0.009994029767363
   0.006204681565751
   0.004708016470003
   0.003878391244440
   0.005920370257266
   0.003214707624417


logL =

 -61.922209871671519


exitflag =

     0

-----
   0.852580717933006
   0.114289902326535
   1.405937359761798
  -0.003143945152754
  -0.037414966636125
  -0.007491675404164
   0.049521513339291
   2.610412037447456
   0.777489309732566
   0.693971577502763
   0.366629845369105
  -0.592138937818198
  -1.282689168479185
  -0.576762363682753
   2.114844956529243
   1.561748614417449
   0.037418620236961
  -0.153385653576191
  -0.316867513903051
  -0.079739411638342
   0.740346344568099
   0.014669865838751
   0.001281177411805
  -0.000138482574714
   0.000660570048934
  -0.000000067231212
   0.000487707825029
   0.000000650244186
   0.000751128325360
   0.001830248616889
   0.003085011179884
   0.024211113100332
  -0.343607125284622
   0.072782750671876
  -0.144181520793015
  -0.000082848983545
  -0.003081243454114
  -0.001055479100743
   0.010029546405620
   0.006205489183716
   0.004693799195203
   0.003880089035175
   0.005925637478859
   0.003222771796765


logL =

 -61.922363068387952


exitflag =

     0

-----
   0.854738807745072
   0.114038285765477
   1.408516102673157
  -0.003125591579181
  -0.037406926845862
  -0.007415653516356
   0.049676207650848
   2.627062174833052
   0.777237255388363
   0.700589391915773
   0.367179360844713
  -0.592796733424516
  -1.285202727884010
  -0.576890222090740
   2.121346154266727
   1.553361055546964
   0.037406073316565
  -0.153143148028812
  -0.317086650147754
  -0.079590274961688
   0.741513252383212
   0.012099671267850
   0.001280622484405
  -0.000128080287883
   0.000660862746020
  -0.000000024830728
   0.000488190469283
   0.000000445923689
   0.000752443914671
   0.001839368318914
   0.003081781134972
   0.024231441906121
  -0.343366395824683
   0.072705765222403
  -0.143966381081149
  -0.000084725944760
  -0.003082489455078
  -0.001057049097003
   0.009992973151543
   0.006207686536915
   0.004703101149065
   0.003875496165611
   0.005922077509284
   0.003212794145818


logL =

 -61.922486757471056


exitflag =

     0

-----
   0.853921131362377
   0.113870764027052
   1.407173370093466
  -0.003107808336583
  -0.037393005146716
  -0.007426656722766
   0.049405291479093
   2.600177537684496
   0.774846611144740
   0.692431278010218
   0.366235495198035
  -0.593155994742145
  -1.276564035370339
  -0.577044036243096
   2.120207577031870
   1.552824430542170
   0.037449598548565
  -0.153236872246512
  -0.316911214675467
  -0.079197203886657
   0.742474778055630
   0.010132278280074
   0.001280017620461
  -0.000139128371122
   0.000660782761401
  -0.000000024101646
   0.000487849595750
   0.000000497805493
   0.000751433547854
   0.001833192147337
   0.003092805204054
   0.024222144942371
  -0.343171446323467
   0.072663763942355
  -0.143799445147305
  -0.000078587548115
  -0.003082231892770
  -0.001057950278887
   0.010018674444175
   0.006203697216378
   0.004700845983856
   0.003876490312191
   0.005910590572810
   0.003218919057346


logL =

 -61.922620913724323


exitflag =

     0

-----
   0.854665769224696
   0.113832913737945
   1.409470774640872
  -0.003094073796973
  -0.037335542175196
  -0.007414880237188
   0.049685525570008
   2.617861818826643
   0.776930508159369
   0.699782260330631
   0.369977268761804
  -0.592214312025660
  -1.283829102388815
  -0.577873926352312
   2.123453628194159
   1.553133514492610
   0.037506339345884
  -0.152830090169395
  -0.316559257574410
  -0.079279359969539
   0.743805578768586
   0.008420293007669
   0.001279511812462
  -0.000130915677494
   0.000661079973563
  -0.000000040402847
   0.000487193314140
  -0.000000383456173
   0.000751064268592
   0.001827472553337
   0.003096000171932
   0.024239460837738
  -0.342775405733490
   0.072647856728291
  -0.143656201143432
  -0.000075928092234
  -0.003079060683590
  -0.001061648647600
   0.009974486343583
   0.006214990272649
   0.004704625964703
   0.003874459593097
   0.005904027770853
   0.003212913983954


logL =

 -61.922746056443266


exitflag =

     0

-----
   0.855913379861245
   0.113803907491666
   1.408332854319188
  -0.003084666949503
  -0.037264868379575
  -0.007443543162287
   0.049523189513532
   2.593322755790998
   0.775025098863937
   0.693433594911400
   0.371844787895022
  -0.594652880973089
  -1.287016703249643
  -0.578657352885687
   2.124505028921333
   1.549361026837211
   0.037576825000931
  -0.153072396252863
  -0.316485805389970
  -0.078796140007271
   0.746307553365304
   0.007669314234667
   0.001282344797202
  -0.000138554281199
   0.000661260844430
  -0.000000031301518
   0.000487599893255
  -0.000000538612233
   0.000751162261497
   0.001830799894143
   0.003087981262928
   0.024235197316314
  -0.342478380295358
   0.072640474629491
  -0.143590056289832
  -0.000067597908457
  -0.003082639943041
  -0.001064036345426
   0.010034764537710
   0.006208184140145
   0.004704249131231
   0.003875110767476
   0.005884803230195
   0.003235224522482


logL =

 -61.922894340352620


exitflag =

     0

-----
   0.857675444377783
   0.113675889410854
   1.408412406871466
  -0.003078522777032
  -0.037188761163318
  -0.007426283394708
   0.049728801116621
   2.609321458370098
   0.776627106286702
   0.699359305029775
   0.367982995058928
  -0.598067517747111
  -1.288206790213490
  -0.579564043532953
   2.127787209038123
   1.547197616424895
   0.037636919767946
  -0.153096322198516
  -0.316074006127362
  -0.078738992316718
   0.746684403328949
   0.004743441385686
   0.001280825225609
  -0.000133585379067
   0.000660934082204
  -0.000000025546082
   0.000488066496175
  -0.000000804189650
   0.000751585646151
   0.001827737875593
   0.003087503009805
   0.024252319123729
  -0.342052739064526
   0.072689953843479
  -0.143541920300139
  -0.000067357386629
  -0.003081182635244
  -0.001064392387574
   0.010016524566971
   0.006196204150234
   0.004700881310440
   0.003869617815282
   0.005917770790870
   0.003223929842348


logL =

 -61.922999864871727


exitflag =

     0

-----
   0.856361590343325
   0.113717100278711
   1.410277363263738
  -0.003057444210120
  -0.037191762693078
  -0.007388349815722
   0.049646029074164
   2.582811476659686
   0.773770703230399
   0.692628243476658
   0.368511127474316
  -0.597810992062415
  -1.287050426114008
  -0.579456573854808
   2.129299257372520
   1.546020403097126
   0.037596516971705
  -0.152852470806115
  -0.316135673033006
  -0.078785590386512
   0.748071954707265
   0.004522142561980
   0.001280397611680
  -0.000138208921468
   0.000660984266527
  -0.000000027898710
   0.000487655791850
  -0.000000894125333
   0.000751621173600
   0.001831262437832
   0.003087345266448
   0.024254566706346
  -0.342034555264493
   0.072657359193441
  -0.143430067581970
  -0.000060401750622
  -0.003087128745744
  -0.001063239736534
   0.010003303012366
   0.006203750998361
   0.004699978567232
   0.003873922450691
   0.005920205526255
   0.003218284568022


logL =

 -61.923092561158043


exitflag =

     0

-----
   0.856891546277549
   0.113611395896309
   1.410616395727505
  -0.003033801631520
  -0.037123070565209
  -0.007409207591578
   0.049755622637144
   2.602017395294967
   0.774478185134319
   0.700107295770075
   0.368083179940213
  -0.599117049800470
  -1.291258336172463
  -0.579301395426466
   2.129912625590538
   1.544778895653354
   0.037688554989451
  -0.152757001978284
  -0.316291325921668
  -0.078525683315306
   0.749136896997546
   0.003866071969597
   0.001279243791803
  -0.000130745873061
   0.000661115536174
  -0.000000140258832
   0.000487953934171
   0.000001030731252
   0.000751486825100
   0.001831361995793
   0.003092822671634
   0.024254341766371
  -0.341999495724094
   0.072618782749697
  -0.143036535324092
  -0.000049339229259
  -0.003088859136312
  -0.001063659433282
   0.010027246173191
   0.006203456401487
   0.004701866462031
   0.003874708298978
   0.005910089617967
   0.003219216307322


logL =

 -61.923204991607101


exitflag =

     0

-----
   0.857358358240076
   0.113576371924535
   1.410462299873710
  -0.003030598468540
  -0.037097355069181
  -0.007408043214774
   0.049717582057817
   2.577174099220116
   0.773792913840929
   0.693012385203625
   0.369750840275377
  -0.599044049594739
  -1.291814928611058
  -0.579506636449270
   2.131661823521227
   1.542739125356417
   0.037711392078269
  -0.152727041717630
  -0.316230229099691
  -0.078469550632614
   0.749513272157081
   0.002856387622023
   0.001280706812571
  -0.000138499240191
   0.000660972309734
  -0.000000158802807
   0.000488019056215
   0.000000539375938
   0.000751033330214
   0.001829693125321
   0.003091332602051
   0.024255863695684
  -0.341993106470181
   0.072598481713467
  -0.142968992070713
  -0.000050067432632
  -0.003088990272265
  -0.001063789738369
   0.010014985185403
   0.006196892605816
   0.004702119348095
   0.003871603151216
   0.005917563644645
   0.003218503167050


logL =

 -61.923280412648097


exitflag =

     0

-----
   0.856821123336736
   0.113552773357799
   1.410807720067464
  -0.003023171486604
  -0.037108530727798
  -0.007378154519731
   0.049775933769087
   2.587225600337365
   0.771949823882847
   0.696540981608476
   0.371248244412431
  -0.598834350371922
  -1.292795694585301
  -0.579462338379127
   2.134049089436056
   1.541770727204374
   0.037738488956373
  -0.152734817453983
  -0.316259979533372
  -0.078322065224456
   0.750821808556399
   0.002251955738466
   0.001280302894388
  -0.000134538046637
   0.000660979717780
  -0.000000119801481
   0.000488251069613
   0.000000408234941
   0.000751793005548
   0.001831943970797
   0.003080764865216
   0.024263578792206
  -0.341323548647665
   0.072591175149931
  -0.142777413472438
  -0.000044951907637
  -0.003090831414939
  -0.001064658657214
   0.010019942420808
   0.006196541038219
   0.004700761969356
   0.003869036457874
   0.005912573318937
   0.003220116799655


logL =

 -61.923361162372409


exitflag =

     0

-----
   0.858267834159721
   0.113389805206090
   1.409997618573163
  -0.003031689643780
  -0.037129137253015
  -0.007377260756354
   0.049777641499077
   2.582147155743853
   0.773281619430542
   0.694205254631767
   0.372605127117140
  -0.600466067778682
  -1.293966387614476
  -0.579538496280722
   2.135966071926994
   1.540104093248073
   0.037770309686764
  -0.152726817695235
  -0.316163788402365
  -0.078270286297841
   0.751019411749146
   0.001909794780836
   0.001280165370037
  -0.000136666290684
   0.000661017533901
  -0.000000124362632
   0.000487917033658
   0.000000393108638
   0.000751332026822
   0.001827780141509
   0.003088497786768
   0.024264151108437
  -0.341102964659524
   0.072588384999739
  -0.142746859546145
  -0.000040934506609
  -0.003095305544044
  -0.001064753697936
   0.010025611624163
   0.006195068454340
   0.004699506090762
   0.003876932780567
   0.005922953333092
   0.003216821346605


logL =

 -61.923417612916055


exitflag =

     0

-----
   0.858656183972648
   0.113174535727124
   1.409233655656829
  -0.003021979771116
  -0.036943056756514
  -0.007410524600925
   0.050033818407863
   2.580436152355004
   0.773665337028440
   0.697464931272120
   0.373352645452765
  -0.596490479174373
  -1.300289138591011
  -0.579963113720269
   2.140746645683129
   1.538251973460613
   0.037803509449256
  -0.152289365209235
  -0.316409055018849
  -0.077812913976560
   0.752419663444734
   0.001664500476894
   0.001278821434834
  -0.000133791254678
   0.000661343170174
  -0.000000217917121
   0.000488058953992
   0.000000430754403
   0.000749398497832
   0.001826097358370
   0.003089387820892
   0.024258489923381
  -0.341160650936553
   0.072604626808147
  -0.142289451291094
  -0.000043946151677
  -0.003106401164787
  -0.001068658698324
   0.010035287199026
   0.006196338805783
   0.004697568049909
   0.003876686511263
   0.005913160201951
   0.003218642750954


logL =

 -61.923517018131221


exitflag =

     0

-----
   0.859856468745063
   0.113030650173465
   1.410304142326907
  -0.002994435344662
  -0.037005821045347
  -0.007361409984625
   0.049998857184747
   2.557240226113698
   0.772478907682927
   0.690441711595163
   0.376880586453391
  -0.599414843312949
  -1.305495664087412
  -0.581001168190590
   2.142758085174056
   1.538007542464105
   0.037799531773529
  -0.152255607374575
  -0.316685449853104
  -0.077509202695795
   0.752995475189257
  -0.000351363138206
   0.001280682071873
  -0.000138823964970
   0.000661081228972
  -0.000000252338442
   0.000487249463932
   0.000000374816818
   0.000751733593228
   0.001830626144988
   0.003088364476693
   0.024271287366311
  -0.340728432998023
   0.072560508372583
  -0.142207973352133
  -0.000039924280564
  -0.003103305963233
  -0.001068317153706
   0.010021165805446
   0.006192315808271
   0.004694941271847
   0.003874528081446
   0.005923132604473
   0.003220346090086


logL =

 -61.923632000869816


exitflag =

     0

-----
   0.860423348769902
   0.113029311918409
   1.410568252861042
  -0.002981758955303
  -0.036997459748975
  -0.007361101305492
   0.050065065697851
   2.579267531838617
   0.773105117676115
   0.697763032384015
   0.373376231346820
  -0.603060345912619
  -1.307714637151335
  -0.580906485754469
   2.141830885844128
   1.537788642985088
   0.037830168791127
  -0.152210820273575
  -0.316627312414867
  -0.077228530206640
   0.753683237849262
  -0.000467677833861
   0.001281893552778
  -0.000131365345010
   0.000660868261480
  -0.000000238611318
   0.000487839259995
   0.000000379557689
   0.000751116610430
   0.001830973873838
   0.003084362943134
   0.024284991098528
  -0.340232347844165
   0.072559055900115
  -0.142096635704849
  -0.000029656115372
  -0.003103859564520
  -0.001068603073302
   0.010051938917857
   0.006190496847363
   0.004694084807233
   0.003873852398801
   0.005907487227185
   0.003216680226768


logL =

 -61.923722638905545


exitflag =

     0

-----
   0.859535945429489
   0.112962123059345
   1.409864074551649
  -0.002965232417572
  -0.036968097741975
  -0.007354222077210
   0.050041319065174
   2.557096244994545
   0.772588863708454
   0.692000892388619
   0.374755299944153
  -0.602276224241829
  -1.305836452751508
  -0.580952913904065
   2.142490770328497
   1.538730513616908
   0.037857875119532
  -0.152276798126348
  -0.316607325413807
  -0.077165517321240
   0.754437013972678
  -0.000853859243303
   0.001280652240752
  -0.000136746290907
   0.000660833508889
  -0.000000167523575
   0.000487525417494
   0.000000624250021
   0.000750844336598
   0.001831597122000
   0.003090806469295
   0.024284299903957
  -0.340100536564761
   0.072582586376746
  -0.141822098428075
  -0.000019461758806
  -0.003105853806745
  -0.001068189699818
   0.010033559726942
   0.006197622776703
   0.004699129820786
   0.003875258012244
   0.005913533521654
   0.003219870726374


logL =

 -61.923786775874554


exitflag =

     0

-----
   0.860710852118167
   0.112622657807576
   1.409982673482281
  -0.002946188184014
  -0.036922111769231
  -0.007343759483785
   0.050203459715069
   2.578300510829395
   0.773201496407273
   0.699381600306879
   0.373753642490131
  -0.603053829736818
  -1.306275436104541
  -0.580989764928843
   2.146126451991252
   1.536547716522043
   0.037897845765884
  -0.152105424664017
  -0.316682304964983
  -0.077076025225293
   0.755113247145702
  -0.001967349303443
   0.001280168876826
  -0.000130655286581
   0.000660884116590
  -0.000000069702034
   0.000488027040848
   0.000000648167718
   0.000750677609160
   0.001829357237848
   0.003090083450211
   0.024289224139613
  -0.340311294151560
   0.072586134083202
  -0.141775200756920
  -0.000019229388073
  -0.003105122884750
  -0.001069975513920
   0.010032938064865
   0.006191072279423
   0.004695282091324
   0.003876372322669
   0.005916876781718
   0.003221961451384


logL =

 -61.923865942072403


exitflag =

     0

-----
   0.860223349991245
   0.112621563956339
   1.410241636596848
  -0.002938145328025
  -0.036913893418514
  -0.007358559255502
   0.050055063381943
   2.554912248959833
   0.771594081473443
   0.692534780215730
   0.372592706546760
  -0.603534159503311
  -1.303993407001395
  -0.581132286853882
   2.146485964844043
   1.534694344976306
   0.037911891582167
  -0.152094348871900
  -0.316772779761464
  -0.077086651274393
   0.755538753525615
  -0.002793627536678
   0.001280885543226
  -0.000137290131740
   0.000661350119254
  -0.000000124951657
   0.000487862800327
   0.000000434020155
   0.000751324860697
   0.001829512221581
   0.003094278679881
   0.024286134986325
  -0.340236134098912
   0.072614752437110
  -0.141710452397707
  -0.000018963220583
  -0.003104109406180
  -0.001070879542612
   0.010029513771995
   0.006190542748249
   0.004697474587281
   0.003876347845142
   0.005921936120559
   0.003217644649351


logL =

 -61.923922453372072


exitflag =

     0

-----
   0.864077865403672
   0.112599526727198
   1.412562290814720
  -0.002874506351646
  -0.036865423248691
  -0.007282899945888
   0.050046034590391
   2.569845373874184
   0.773689244765929
   0.700417056403424
   0.366472540398218
  -0.603009926738713
  -1.284570756209475
  -0.582798839203654
   2.155816805950673
   1.525347195557240
   0.038054139825994
  -0.151543147691418
  -0.316085785178693
  -0.077094952094619
   0.758942063860729
  -0.005238355573247
   0.001278381689894
  -0.000127705890013
   0.000660728179629
  -0.000000619628918
   0.000488690847815
   0.000000673945699
   0.000751413443522
   0.001830879712378
   0.003096409720742
   0.024270009871455
  -0.339358404030461
   0.072633378149841
  -0.141608878043349
  -0.000006531665384
  -0.003113146225542
  -0.001074454805976
   0.010021168421917
   0.006183624900299
   0.004682367382827
   0.003888381815081
   0.005931921812422
   0.003221761716941


logL =

 -61.924114467457251


exitflag =

     0

-----
   0.862840297846487
   0.112582051874100
   1.409147862727602
  -0.002864765589829
  -0.036860071186912
  -0.007286761701399
   0.049976238389203
   2.549801243197386
   0.771268157000077
   0.694251446433361
   0.367014084447820
  -0.603742446601589
  -1.284579962521510
  -0.583563925571675
   2.157329439392107
   1.523163203548049
   0.038109488554619
  -0.151508639452800
  -0.316057696030876
  -0.077006805464397
   0.759215404944765
  -0.006007020963093
   0.001280362551408
  -0.000134085994567
   0.000661151796827
  -0.000000614394973
   0.000487959718534
   0.000000541135230
   0.000750317039944
   0.001831550942798
   0.003094558001173
   0.024296641281804
  -0.338893241418800
   0.072663847886142
  -0.141578043941111
  -0.000007736823945
  -0.003114455368133
  -0.001074970037720
   0.010028364867916
   0.006193328467943
   0.004696873417228
   0.003870941764172
   0.005917759543872
   0.003223096906467


logL =

 -61.924244617352215


exitflag =

     0

-----
   0.864617976883697
   0.112485013973816
   1.411055382693634
  -0.002845845672763
  -0.036830749719600
  -0.007309920730398
   0.050078709578625
   2.555765378183139
   0.771553472053856
   0.697216340933611
   0.370039108252236
  -0.604807624832962
  -1.292016021631486
  -0.583770884485368
   2.158617390911614
   1.521785585851286
   0.038165582344220
  -0.151428987793504
  -0.316040441800276
  -0.076810723320061
   0.760073225291291
  -0.007324088956087
   0.001279347559952
  -0.000130969157171
   0.000661253493797
  -0.000001074573736
   0.000487671413669
   0.000000003700823
   0.000751381232283
   0.001828584730562
   0.003094908796679
   0.024308060778303
  -0.338660259324691
   0.072681903036555
  -0.141522116610004
  -0.000007259329141
  -0.003117169440216
  -0.001075027741439
   0.010057194378613
   0.006199737783610
   0.004681522940930
   0.003865508404667
   0.005921927129498
   0.003221327089349


logL =

 -61.924319903255807


exitflag =

     0

-----
   0.863545253992865
   0.112512662042311
   1.410961980708773
  -0.002839299695907
  -0.036812096172043
  -0.007294599694892
   0.050111271449526
   2.536355862435324
   0.770346342437304
   0.692077402184489
   0.371089424726297
  -0.605020871605304
  -1.293733716278154
  -0.583949943837059
   2.159102630094552
   1.521693362891350
   0.038182220964742
  -0.151416409317833
  -0.316147831824453
  -0.076741473875051
   0.760796983302677
  -0.008136858841320
   0.001280301339112
  -0.000135606702253
   0.000660960776619
  -0.000001256815644
   0.000487653270128
   0.000000003988570
   0.000750947327728
   0.001831071212570
   0.003095459870689
   0.024307855555247
  -0.338652087447681
   0.072699388897231
  -0.141432582616932
  -0.000004030057843
  -0.003118633183263
  -0.001075489716022
   0.010038541981845
   0.006184977266254
   0.004692074404844
   0.003874883081512
   0.005935782741771
   0.003221988417436


logL =

 -61.924381304321514


exitflag =

     0

-----
   0.864128522338245
   0.112535865128104
   1.413329689765482
  -0.002835465848643
  -0.036781091515654
  -0.007303914036106
   0.050167707710147
   2.549548110767562
   0.770451449617373
   0.696959168067657
   0.368857213721453
  -0.606714604242958
  -1.297538749132476
  -0.583903148197059
   2.159380445270767
   1.520797585568935
   0.038198522288992
  -0.151282553387009
  -0.316249837021120
  -0.076651992426287
   0.761561749914692
  -0.008751273648849
   0.001280916418921
  -0.000130731876911
   0.000661066139195
  -0.000001191669357
   0.000488060798181
   0.000000006692822
   0.000751020403767
   0.001829229096630
   0.003094142460275
   0.024312284907346
  -0.338326877704308
   0.072700978755180
  -0.141322201531175
  -0.000001067037177
  -0.003121309805498
  -0.001075217621195
   0.010053941254378
   0.006185233982837
   0.004694991445029
   0.003872017603253
   0.005927803441706
   0.003215746241906


logL =

 -61.924432951404079


exitflag =

     0

-----
   0.863911237005278
   0.112308566577883
   1.413527670185785
  -0.002836918704180
  -0.036750603172387
  -0.007332952392464
   0.050106279012493
   2.528986856727411
   0.770026898055891
   0.690498424350259
   0.370693003651162
  -0.606955866016762
  -1.298452091928950
  -0.584240111246622
   2.158918591123256
   1.519880818796876
   0.038202344997743
  -0.151358793099696
  -0.316055544644182
  -0.076590939390130
   0.761982642798411
  -0.011176420926935
   0.001280284745435
  -0.000138764624997
   0.000661033158504
  -0.000000277284616
   0.000487684759775
   0.000000008858051
   0.000750778458698
   0.001831241775053
   0.003096362293378
   0.024311387432851
  -0.338472366822995
   0.072699222752222
  -0.141190813496887
  -0.000000632548890
  -0.003122620605693
  -0.001076001235015
   0.010045118705958
   0.006186922976301
   0.004692388297154
   0.003873619277385
   0.005928961244638
   0.003220067559636


logL =

 -61.924496858502856


exitflag =

     0

-----
   0.866488724697549
   0.111857759814732
   1.417536528474015
  -0.002836554239940
  -0.036679159288454
  -0.007343925227959
   0.050232869559930
   2.543280572385638
   0.769708651883856
   0.695903605637457
   0.371264010075564
  -0.606936580982048
  -1.299801436400437
  -0.584688680883856
   2.162441947692646
   1.514511823035294
   0.038209689833514
  -0.151162850003124
  -0.315847693902423
  -0.076523251987750
   0.763322433295095
  -0.015332737835475
   0.001279531940831
  -0.000134862800586
   0.000661806013265
  -0.000000418440138
   0.000487974390413
   0.000000046279059
   0.000750970821810
   0.001823404930381
   0.003099456042857
   0.024318282834613
  -0.338139684904022
   0.072722941475522
  -0.141059770498604
   0.000000718971933
  -0.003127664794734
  -0.001077306695974
   0.010094912253375
   0.006184948596973
   0.004694214443108
   0.003883250637424
   0.005942022340855
   0.003217725785087


logL =

 -61.924599817963980


exitflag =

     0

-----
   0.864736830902450
   0.111957465999205
   1.417695870892034
  -0.002832751768841
  -0.036715085056065
  -0.007321165498900
   0.050197659692815
   2.527157806068288
   0.768985006370869
   0.690883352384628
   0.372333240738794
  -0.608558097608331
  -1.303601942993724
  -0.584591538074298
   2.162417043798884
   1.514882741738170
   0.038211381117585
  -0.151128927568749
  -0.316021681009441
  -0.076498027510289
   0.763937646981417
  -0.015839092835996
   0.001280521601294
  -0.000137961514508
   0.000660882230242
  -0.000000436888430
   0.000487759372291
   0.000000050050820
   0.000750890888253
   0.001828243153538
   0.003098002224289
   0.024330354402571
  -0.337909762210382
   0.072705317412398
  -0.141006474067091
   0.000000759559559
  -0.003127281125111
  -0.001077500923640
   0.010041964831664
   0.006184205035800
   0.004691611692219
   0.003872818794404
   0.005931790618954
   0.003219337835271


logL =

 -61.924677305009624


exitflag =

     0

-----
   0.867418782293360
   0.111759867861371
   1.420088747431154
  -0.002800100365639
  -0.036736374603910
  -0.007280386436909
   0.050331368057207
   2.550369496351372
   0.770129653864716
   0.698711135749884
   0.373067914514199
  -0.608675773570837
  -1.301163204482225
  -0.585582069095810
   2.165284215055499
   1.512870460963683
   0.038269526748813
  -0.151076342321058
  -0.316088321382844
  -0.076394489161581
   0.764475968639086
  -0.018238630750892
   0.001279993007660
  -0.000128667921049
   0.000661310594312
  -0.000000698701610
   0.000488071061922
   0.000000158016139
   0.000750788329930
   0.001828310316767
   0.003095679999893
   0.024333774901052
  -0.336998500926564
   0.072715727521887
  -0.140715001964818
   0.000000896650935
  -0.003128828825455
  -0.001078355694223
   0.010037892027726
   0.006180712678115
   0.004685706879384
   0.003875260200314
   0.005941337954429
   0.003215116031081


logL =

 -61.924766766405781


exitflag =

     0

-----
   0.866703766170181
   0.111743913781479
   1.420010630759288
  -0.002802205121506
  -0.036738087734637
  -0.007276756620305
   0.050222983085934
   2.528163450251165
   0.768786604511932
   0.691763064105634
   0.374411921867546
  -0.608428875191927
  -1.301359722789592
  -0.585864471948597
   2.164924594321325
   1.512916156054846
   0.038264832258410
  -0.151052700050943
  -0.316203867310780
  -0.076366896652121
   0.764703243245213
  -0.018741318792079
   0.001280209068267
  -0.000136161224449
   0.000661251547308
  -0.000000899103902
   0.000487887066590
   0.000000151679909
   0.000750976409348
   0.001828670414765
   0.003095531457510
   0.024335647975061
  -0.337046217669813
   0.072710547475899
  -0.140670970319472
   0.000000922424867
  -0.003131363535917
  -0.001078732660569
   0.010046319277396
   0.006184520161197
   0.004692798283872
   0.003873141170196
   0.005934532692494
   0.003218922944291


logL =

 -61.924829591590559


exitflag =

     0

-----
   0.868348214241888
   0.111071158886658
   1.421001223438758
  -0.002824761925183
  -0.036617811809271
  -0.007299561000653
   0.050598550285624
   2.534144677072525
   0.768339923761109
   0.694704613703228
   0.376196534918007
  -0.615941271741226
  -1.330077468639197
  -0.587162936336032
   2.168902018417596
   1.503330048793178
   0.038450276913460
  -0.150561998905211
  -0.317097710688986
  -0.075940483373348
   0.765181140094720
  -0.024715610458714
   0.001278720982286
  -0.000135920805165
   0.000661538632044
  -0.000000118648463
   0.000487531450504
   0.000000090798673
   0.000750635244302
   0.001827842354300
   0.003096713057395
   0.024386530567510
  -0.336972412047665
   0.072650835946389
  -0.140562979078404
   0.000006306457075
  -0.003139709151330
  -0.001077939776330
   0.010067489723601
   0.006187044417039
   0.004694028431544
   0.003873432422774
   0.005923988761119
   0.003219691913020


logL =

 -61.924942496743768


exitflag =

     0

-----
   0.870609735077858
   0.111068414133819
   1.422785851012663
  -0.002791609045116
  -0.036642059352329
  -0.007321466792015
   0.050555948970944
   2.517594690064819
   0.768905575723290
   0.690685218502973
   0.380985449247318
  -0.615538667440116
  -1.330445851028715
  -0.587715020367087
   2.165831181054894
   1.499716250873137
   0.038501231857399
  -0.150661226485038
  -0.316955155636016
  -0.075664631111818
   0.766120189498701
  -0.026100190309698
   0.001280219853778
  -0.000137436301675
   0.000661110424609
  -0.000000104418802
   0.000487904459079
   0.000000110183947
   0.000750749163768
   0.001833063888452
   0.003090464967660
   0.024369280481573
  -0.336605092610621
   0.072595088526594
  -0.140429109201412
   0.000006370211104
  -0.003144782157477
  -0.001078731994620
   0.010045707427256
   0.006179838469811
   0.004690232424348
   0.003874434676204
   0.005933088184950
   0.003214716164843


logL =

 -61.925067609808067


exitflag =

     0

-----
   0.869101610650421
   0.110993605148474
   1.422833414096862
  -0.002776489402764
  -0.036655632952113
  -0.007277123769059
   0.050563456156935
   2.519042600591681
   0.768225941801758
   0.691443751244843
   0.379249115296609
  -0.617915966855372
  -1.329460500527531
  -0.588028741155188
   2.165722086475213
   1.499465410313430
   0.038528216617459
  -0.150607412334530
  -0.317019526507294
  -0.075736202251747
   0.766494017502152
  -0.027698203711309
   0.001279952187626
  -0.000135648553156
   0.000661025624905
  -0.000000116136318
   0.000487318585430
   0.000000109840271
   0.000750804154764
   0.001827646890635
   0.003095821838389
   0.024384948640527
  -0.336296397106562
   0.072600559494681
  -0.140351659537592
   0.000007573956979
  -0.003144364702791
  -0.001079086229211
   0.010039417148091
   0.006184747376570
   0.004695180313754
   0.003872605834783
   0.005926771806486
   0.003216812505733


logL =

 -61.925127524354728


exitflag =

     0

-----
   0.871348801284691
   0.110645850705240
   1.426294582068467
  -0.002722883478166
  -0.036645341149962
  -0.007239445410713
   0.050527158092490
   2.509456270652539
   0.768615263059785
   0.689918137257101
   0.375636900035688
  -0.622969045598694
  -1.331978521446848
  -0.588250794926507
   2.169574629194594
   1.495054043693860
   0.038410914567482
  -0.150339985750529
  -0.316960427282193
  -0.075212162009114
   0.769033290865366
  -0.029281163199446
   0.001279082381219
  -0.000135496021783
   0.000661401898199
  -0.000000236046110
   0.000488040248666
   0.000000009837441
   0.000751810963590
   0.001827779652144
   0.003097296486432
   0.024397900337830
  -0.334904117230640
   0.072642831010159
  -0.140075111834055
   0.000021772277477
  -0.003150030658710
  -0.001078589255032
   0.010041641352577
   0.006172993533925
   0.004678460740635
   0.003881076372543
   0.005954299315288
   0.003225786046821


logL =

 -61.925279592893375


exitflag =

     0

-----
   0.872898808326838
   0.110372323717668
   1.423141057427387
  -0.002720410955906
  -0.036578249303048
  -0.007230887546261
   0.050569727968186
   2.515335959931804
   0.767029550725495
   0.692630665005795
   0.374920445743008
  -0.623793695919164
  -1.327948598138319
  -0.588904110098263
   2.171893263093442
   1.493243240934252
   0.038465462374240
  -0.150513690341314
  -0.316622976165872
  -0.075135083562603
   0.768911885892966
  -0.029949404500810
   0.001279742217776
  -0.000135417632515
   0.000661290361360
  -0.000000254257466
   0.000487850344086
   0.000000007241533
   0.000750872513177
   0.001828042842568
   0.003095245233690
   0.024403750762721
  -0.335098675680671
   0.072697433467786
  -0.140064170604806
   0.000025287954750
  -0.003151946989196
  -0.001080072078954
   0.010063324523498
   0.006177601239027
   0.004689574622371
   0.003873636195085
   0.005937051298012
   0.003217240836676


logL =

 -61.925384426153727


exitflag =

     0

-----
   0.873677045565112
   0.109782052757631
   1.428946323904545
  -0.002680618453430
  -0.036596269656546
  -0.007205850268179
   0.050576386558504
   2.489813677258258
   0.763445979582838
   0.687927083909557
   0.364592415735234
  -0.634209789219633
  -1.331172789663349
  -0.588957616161369
   2.175432231061424
   1.470938112927985
   0.038492821236978
  -0.149711075365470
  -0.316896525958924
  -0.075156773882686
   0.773221377184646
  -0.034900539324444
   0.001279205927621
  -0.000135285300029
   0.000661297831832
   0.000002607500809
   0.000488589604768
   0.000000040787289
   0.000750692492700
   0.001830976084900
   0.003094529429403
   0.024411658485743
  -0.334510053656282
   0.072463317588575
  -0.139358638700291
   0.000072140330753
  -0.003169917393385
  -0.001077583476011
   0.010069224292338
   0.006158383793562
   0.004685285237348
   0.003875989463580
   0.005918941479579
   0.003223453817766


logL =

 -61.925604623144778


exitflag =

     0

-----
   0.874978919116063
   0.109334669094661
   1.427377669603356
  -0.002673172655344
  -0.036477766852264
  -0.007190210832197
   0.050758313176851
   2.502021861148700
   0.765161607368569
   0.692467108791607
   0.366718244152272
  -0.631391828923734
  -1.325916282506796
  -0.589319715052790
   2.178588634439644
   1.471847779465349
   0.038602749280515
  -0.149679587593717
  -0.316507377819675
  -0.075294939966942
   0.773022991264216
  -0.036497019342796
   0.001280452565760
  -0.000134157303117
   0.000661037166793
   0.000002164500194
   0.000487737793093
   0.000000043551871
   0.000750636423636
   0.001826112531726
   0.003100909530199
   0.024428701291146
  -0.334663837193138
   0.072497762616325
  -0.139219336843698
   0.000078838573928
  -0.003169867065746
  -0.001077099388925
   0.010068733692517
   0.006171580846805
   0.004688447052703
   0.003873394858451
   0.005932938020579
   0.003221281257501


logL =

 -61.925770716789401


exitflag =

     0

-----
   0.873833975529613
   0.109258227147701
   1.426828636391051
  -0.002665343897354
  -0.036509659483719
  -0.007186066034054
   0.050732021091393
   2.487253436009262
   0.763605343814602
   0.687756088952900
   0.366877475221982
  -0.634572919475712
  -1.328123428099180
  -0.590299806694140
   2.180090644346725
   1.474245847231511
   0.038608369936172
  -0.149744425273701
  -0.316316687078551
  -0.075269314401696
   0.774393139078964
  -0.037730650246466
   0.001279362283730
  -0.000138144646273
   0.000661634516631
   0.000000246133604
   0.000488042361530
   0.000000044790022
   0.000750898116470
   0.001829911395683
   0.003099447582134
   0.024439922227047
  -0.334029461330368
   0.072490354658568
  -0.139044559437639
   0.000091063571513
  -0.003167574327812
  -0.001076643680638
   0.010065591736831
   0.006172521210205
   0.004686682987163
   0.003880858953185
   0.005937462798139
   0.003218256558455


logL =

 -61.925859277618599


exitflag =

     0

-----
   0.875487624184152
   0.109180400498825
   1.428112724414103
  -0.002659803344949
  -0.036463807759387
  -0.007192670101469
   0.050803764747540
   2.498947987560888
   0.765647219892323
   0.692412954546124
   0.367479293883397
  -0.633521179838257
  -1.328268075835841
  -0.590542787965773
   2.180236548027652
   1.474370223753747
   0.038642735566530
  -0.149654451076310
  -0.316185011935402
  -0.075145476435101
   0.774673025296528
  -0.038259974448493
   0.001279397484125
  -0.000133826068777
   0.000661333468134
   0.000000230179720
   0.000487369041539
   0.000000041738492
   0.000751255775026
   0.001828930642672
   0.003098960425697
   0.024438229888669
  -0.333743868117102
   0.072486354878699
  -0.139009782035469
   0.000093935638510
  -0.003168977761453
  -0.001076147151471
   0.010053010514302
   0.006171576460198
   0.004684378125361
   0.003873542055697
   0.005945741614622
   0.003217558723133


logL =

 -61.925911740808296


exitflag =

     0

-----
   0.875381696589872
   0.109255888573169
   1.429139913184833
  -0.002662479079712
  -0.036415333245446
  -0.007142731232305
   0.050844422151396
   2.472541092029685
   0.763505562840605
   0.685654176593605
   0.366759684705855
  -0.632056827547074
  -1.324097723763909
  -0.591544213131023
   2.185841976589814
   1.471461618426849
   0.038641823517318
  -0.149644043058642
  -0.316238143739653
  -0.074852577576355
   0.776400733822042
  -0.041755245079728
   0.001279205888756
  -0.000139225791783
   0.000661319818472
   0.000000035897479
   0.000487430532938
   0.000000041517645
   0.000750693018470
   0.001830620541740
   0.003102495267064
   0.024442814374652
  -0.333156126647712
   0.072527398903772
  -0.138839154369110
   0.000099976589692
  -0.003170713229572
  -0.001075460905831
   0.010072095264842
   0.006165710465224
   0.004681365028246
   0.003874896611343
   0.005960080731558
   0.003221456349169


logL =

 -61.926011955339007


exitflag =

     0

-----
   0.876639364747341
   0.109248365486774
   1.430214296241696
  -0.002661984551946
  -0.036429331933511
  -0.007150705905893
   0.050809535873843
   2.498114589843063
   0.764500842505236
   0.693541981962924
   0.368004801347807
  -0.630873838914455
  -1.321923133566505
  -0.592116253984328
   2.185929489681517
   1.470857662066159
   0.038724608639797
  -0.149662856083852
  -0.316353967198974
  -0.074879863648023
   0.776955424711187
  -0.042126900865475
   0.001279732491461
  -0.000130453746969
   0.000661700689293
   0.000000033791757
   0.000487552567881
   0.000000049099231
   0.000751088423334
   0.001830138244846
   0.003102617396820
   0.024441278302869
  -0.332838586678094
   0.072516375992722
  -0.138808368948717
   0.000106017916924
  -0.003170825216719
  -0.001075535568015
   0.010057634237394
   0.006170661008678
   0.004684173850751
   0.003870376459539
   0.005943208905872
   0.003217246138584


logL =

 -61.926101622285898


exitflag =

     0

-----
   0.877489661471065
   0.109249181017331
   1.430982476708168
  -0.002654495765228
  -0.036433545507972
  -0.007192056087905
   0.050673989723726
   2.478673566190390
   0.763694256472261
   0.687314772568144
   0.369364533068808
  -0.631212202134464
  -1.323346253061573
  -0.592773982859231
   2.186492762251923
   1.468860907187798
   0.038748073949588
  -0.149652257251049
  -0.316343524043481
  -0.074832016657611
   0.777531605853334
  -0.043126951983939
   0.001279743390231
  -0.000137653260172
   0.000661530393682
   0.000000035688977
   0.000487817533751
   0.000000067369094
   0.000751354459031
   0.001830247072587
   0.003096604698192
   0.024441119137027
  -0.333015701787046
   0.072516074962061
  -0.138712135970308
   0.000112082807747
  -0.003172482614160
  -0.001075467203020
   0.010073327462763
   0.006168126566473
   0.004685324017446
   0.003872052151848
   0.005942982755408
   0.003217899930262


logL =

 -61.926153111419573


exitflag =

     0

-----
   0.880024166458382
   0.109270231581263
   1.433023425252785
  -0.002646134867745
  -0.036364930369388
  -0.007172572220611
   0.050776120493878
   2.490438417052038
   0.765463093996485
   0.692982960250181
   0.371762471210552
  -0.629010418457075
  -1.322983222771210
  -0.594031842168414
   2.186802930825781
   1.466140303795173
   0.038794649911487
  -0.149532083240840
  -0.316137145937389
  -0.074920158190888
   0.778043959703614
  -0.044268758731531
   0.001279169986268
  -0.000131229586033
   0.000661309005758
   0.000000141737203
   0.000487800929723
  -0.000000045237277
   0.000750248111213
   0.001828325680427
   0.003101018816047
   0.024435375296939
  -0.332831684929196
   0.072530707284193
  -0.138606496371032
   0.000122357717075
  -0.003174300600315
  -0.001076218981585
   0.010071486258423
   0.006163932830644
   0.004684493623680
   0.003874547682094
   0.005937739065923
   0.003217973059098


logL =

 -61.926221858545787


exitflag =

     0

-----
   0.878106544128284
   0.109364761007515
   1.432947270868786
  -0.002646907867993
  -0.036337488204088
  -0.007146679835953
   0.050698833897786
   2.474178455644080
   0.763089191981902
   0.688789651984967
   0.371293236262920
  -0.629330922414267
  -1.320657508249065
  -0.594641081810212
   2.187450841907555
   1.465948881175159
   0.038805652830169
  -0.149578076362214
  -0.316212234482397
  -0.074942413477091
   0.779618037708999
  -0.045456061298685
   0.001278380453049
  -0.000135710948024
   0.000661281009242
  -0.000000129011746
   0.000487332371037
  -0.000000103169625
   0.000750813033332
   0.001829262141634
   0.003098621138659
   0.024439730684595
  -0.332648290679506
   0.072526280033484
  -0.138480600274991
   0.000129110199111
  -0.003178155367219
  -0.001075341974698
   0.010086999249652
   0.006170599726308
   0.004681134192643
   0.003871418854285
   0.005941061144514
   0.003224332629603


logL =

 -61.926299871052407


exitflag =

     0

-----
   0.879790628318743
   0.109232307100925
   1.434001960084057
  -0.002643726870708
  -0.036310386838642
  -0.007153433196803
   0.050677069280024
   2.484417275394481
   0.764284128283265
   0.691739987793313
   0.372089450494835
  -0.628822989613159
  -1.319865421536025
  -0.594924019120949
   2.188402529510758
   1.466284724849282
   0.038854971982821
  -0.149529846715301
  -0.316151696030045
  -0.074977344689984
   0.779640642126415
  -0.045821548245847
   0.001279285044881
  -0.000133763058201
   0.000661384317308
  -0.000000166903517
   0.000487595513974
  -0.000000057075198
   0.000750821276891
   0.001827345955955
   0.003097423818179
   0.024439164396808
  -0.332553853143631
   0.072537916623224
  -0.138447285633600
   0.000132736951532
  -0.003178715934371
  -0.001075016707307
   0.010083248159901
   0.006162753196142
   0.004685349903191
   0.003872736730620
   0.005939913795514
   0.003216125990108


logL =

 -61.926346255558762


exitflag =

     0

-----
