   0.810600000000000
   0.131100000000000
   1.483300000000000
  -0.007724000000000
  -0.038970000000000
  -0.009827000000000
   0.047100000000000
   3.223900000000000
   0.876300000000000
   0.688700000000000
   0.320400000000000
  -0.423500000000000
  -1.303800000000000
  -0.548000000000000
   1.748000000000000
   2.149500000000000
   0.032200000000000
  -0.148500000000000
  -0.353300000000000
  -0.057700000000000
   0.573700000000000
   0.001100000000000
   0.001312000000000
  -0.000227000000000
   0.000653000000000
                   0
   0.000397000000000
                   0
   0.000530000000000
   0.001902000000000
   0.002981000000000
   0.029700000000000
   0.441900000000000
   0.195200000000000
   0.056900000000000
  -0.000923000000000
   0.000933000000000
  -0.000100000000000
   0.008916000000000
   0.000892000000000
                   0
  -0.000680000000000
   0.100000000000000
   0.100000000000000
   0.221100000000000
   0.004200000000000
  -0.361000000000000
  -0.198700000000000
   0.167100000000000
   0.965000000000000
   0.127800000000000
  -0.086700000000000


logL =

 -53.909318919297185

   0.849576578124569
   0.149947056884977
   1.588095767688740
  -0.009263142315398
  -0.043485586260569
  -0.011713536253924
   0.043794358645994
   3.601143247636871
   0.971866250362400
   0.651543239906165
   0.304064459248885
  -0.379768508037891
  -1.420789185176399
  -0.616343198898278
   1.604627926659540
   2.559204011104627
   0.033303536372195
  -0.149849397575049
  -0.377222822656831
  -0.074523950174682
   0.461525150305700
   0.001460741504165
   0.001232672392785
  -0.000236166312020
   0.000690310262538
   0.000063902819745
   0.000415718543931
   0.000047644793514
   0.000451798162379
   0.001833039142477
   0.003082689827748
   0.033047676165130
   0.654574825389560
   0.050295339556804
   0.049795065555230
  -0.001012752356027
   0.000967833546019
  -0.000104287456349
   0.009156300126011
   0.000960652426873
   0.000000643614450
  -0.000642043659749
   0.072151447040121
   0.004515992055175
   0.222816150604224
   0.003722589791396
  -0.276232515974688
  -0.206674565965656
   0.176397680699425
   1.108566892800949
   0.108832986894438
  -0.083545035246665


logL =

 -63.998142848344678


exitflag =

     0

-----
   0.842743916317334
   0.153272063088017
   1.588382070242872
  -0.007105568922017
  -0.043997293864015
  -0.011610591506707
   0.045729062516003
   3.367571629078190
   0.942931705791929
   0.654585963197113
   0.289939018523000
  -0.379184824416432
  -1.344559954902572
  -0.626134717685695
   1.600870037042096
   2.425055141232252
   0.033038964564698
  -0.148189071653023
  -0.382171746526132
  -0.072343485074477
   0.466253511201881
   0.001958250078158
   0.001309069941389
  -0.000233689324402
   0.000651158626339
   0.000038307396870
   0.000400299111959
   0.000020115520277
   0.000544392275427
   0.001792122925418
   0.002888927391831
   0.035838693480990
   0.626383023635238
   0.050224860411322
   0.046102934556381
  -0.001100208476528
   0.000921366751076
  -0.000107369938643
   0.009448379100919
   0.000894896150585
   0.000000559766029
  -0.000724144122115
   0.009689065709712
   0.003444016610381
   0.274940675483512
   0.006622660548635
  -0.344162750588288
  -0.361265533145642
   0.106389780570929
   0.961592704300504
   0.110300038301031
  -0.143201758422139


logL =

 -64.302974306122820


exitflag =

     0

-----
   0.851221134757234
   0.155121354092852
   1.577842918745618
  -0.006663387307847
  -0.042643431241682
  -0.011364332349430
   0.047825891346957
   3.458780144222291
   0.951915343394108
   0.707244842495050
   0.289206673076297
  -0.374815317664100
  -1.346001427107998
  -0.640833170559986
   1.608863256517947
   2.427401790888061
   0.036642397658592
  -0.147061930677392
  -0.392247439016088
  -0.073375776511182
   0.469192599135788
   0.002957341653714
   0.001324097849779
  -0.000228065162464
   0.000656993469628
  -0.000018577275080
   0.000397631455078
   0.000013751565468
   0.000529408778175
   0.001911117584187
   0.002925665092467
   0.037793909189334
   0.599576708816558
   0.049938578066196
   0.049288079077595
  -0.001217785139197
   0.000803261623412
  -0.000121674084171
   0.009479034932387
   0.000902416317131
   0.000000892528255
  -0.000674607988438
   0.009071136434427
   0.003656352352575
   0.279771397636939
   0.006710538557539
  -0.502992608757046
  -0.374016861782063
   0.101658150079405
   0.969490568600367
   0.107674425274683
  -0.145910442209624


logL =

 -64.329742364779094


exitflag =

     0

-----
   0.864567835704029
   0.156711527450033
   1.551675572258819
  -0.008090018954984
  -0.041708166944403
  -0.010899091858441
   0.046670583786460
   3.661121590536043
   0.959056304291590
   0.743960515409104
   0.296805967938266
  -0.386537571924971
  -1.416908526475063
  -0.653485932184999
   1.608350907666301
   2.443060877777556
   0.041007853329109
  -0.143774522220820
  -0.409545597598526
  -0.067383534159924
   0.477526390096922
   0.001415502854022
   0.001312534616458
  -0.000194495253439
   0.000652308262802
   0.000008247171880
   0.000400720296811
  -0.000001772194952
   0.000525109628651
   0.001921678701843
   0.002970430252033
   0.036736310051482
   0.570565796497462
   0.050251126579943
   0.054832147139049
  -0.001418334436535
   0.000848458139757
  -0.000139807187737
   0.009252459387971
   0.000908695730461
   0.000002672500203
  -0.000685525953854
   0.008172454913717
   0.003528932338431
   0.285782672152838
   0.006202747343365
  -0.513822557784217
  -0.388397852120821
   0.115706861329123
   0.955745728099344
   0.111714907802371
  -0.155220446804061


logL =

 -64.346854692461520


exitflag =

     0

-----
   0.857061108278215
   0.157007511894586
   1.541007403903484
  -0.007505233559186
  -0.040622360104798
  -0.011173433966696
   0.048777425008734
   3.550996383129871
   0.979682393496048
   0.742139951424443
   0.292272776573116
  -0.388239012147686
  -1.455420267194108
  -0.653135956039322
   1.612123974029113
   2.445352167354754
   0.042772754170458
  -0.143128430079706
  -0.416523173766072
  -0.067658330555026
   0.477940301517139
   0.001751121043064
   0.001318634722432
  -0.000201304398197
   0.000659315654164
   0.000000175175459
   0.000393481193799
  -0.000003276001780
   0.000524355549172
   0.001902854308106
   0.002981304639226
   0.037935053737040
   0.565709818554037
   0.049721303536947
   0.057178679460583
  -0.001508431155147
   0.000797094595148
  -0.000145315563475
   0.009473054952129
   0.000905417415680
   0.000003519440988
  -0.000685412697953
   0.007785760473225
   0.003557530964421
   0.285368206152847
   0.006120161538756
  -0.492425697617275
  -0.407841703944611
   0.127814200160873
   0.980056608519447
   0.105101911590882
  -0.153092022555013


logL =

 -64.354472387708938


exitflag =

     0

-----
   0.858934526896360
   0.159652856382881
   1.539165597901353
  -0.008068473337558
  -0.040243494821636
  -0.011312713554165
   0.047591857833632
   3.509590083349987
   0.964908512472728
   0.723178285693578
   0.299398264904160
  -0.385130000580051
  -1.479644181047915
  -0.651887375390847
   1.626606772746626
   2.459475394225345
   0.044026423846695
  -0.141614358482245
  -0.421662741484959
  -0.064761013078797
   0.480607786414383
   0.000814346363429
   0.001318672909935
  -0.000214674503222
   0.000654347332133
   0.000000131634220
   0.000397242977515
  -0.000002195815099
   0.000526570068070
   0.001917242517838
   0.002998252027910
   0.037146040583134
   0.556003250878309
   0.049498341104817
   0.058965756559742
  -0.001530264859709
   0.000843232591854
  -0.000158490590104
   0.009395552353260
   0.000901118565965
   0.000007756184898
  -0.000683798726366
   0.007743762113168
   0.003578377785165
   0.293458253795209
   0.006262078025963
  -0.491555168432548
  -0.391768706408969
   0.120250843991259
   0.991891000144225
   0.117300057751572
  -0.158994830535313


logL =

 -64.359327180699978


exitflag =

     0

-----
   0.855122014236284
   0.162476843478260
   1.531724724861155
  -0.007392541925128
  -0.038592957431085
  -0.011376210919062
   0.048635059422570
   3.383037086554460
   0.968639698082099
   0.729993269138181
   0.301844475702203
  -0.372520784234609
  -1.491823476533767
  -0.655879231342571
   1.629290972167026
   2.460242851641279
   0.044813227602864
  -0.139674944693500
  -0.425719313683032
  -0.062697959858761
   0.482138757241450
   0.000845528870989
   0.001316094733912
  -0.000216281557757
   0.000656270917354
   0.000000206039036
   0.000395658259784
  -0.000000980774246
   0.000524918603777
   0.001954957286623
   0.003041536161549
   0.037727503066146
   0.535853175672745
   0.049392776045232
   0.059562764750500
  -0.001597130298204
   0.000802385320145
  -0.000191923588156
   0.009465688569975
   0.000897411823499
   0.000013657677116
  -0.000680894507939
   0.007120920216321
   0.003615085636497
   0.295788472942194
   0.006474941735662
  -0.462333576063137
  -0.422402835330089
   0.135136786915832
   0.976593218904354
   0.123715071232350
  -0.164602002512791


logL =

 -64.365310255526936


exitflag =

     0

-----
   0.860217789138444
   0.162579326170077
   1.532505881072228
  -0.007707211933965
  -0.038979076593881
  -0.011580883426242
   0.047670362020059
   3.397677306005646
   0.973877634636467
   0.721493826217038
   0.300740401276868
  -0.374031169311736
  -1.483386222446158
  -0.656692713731033
   1.629697295841764
   2.457736911611291
   0.045342045992688
  -0.138600473303756
  -0.428567542312441
  -0.061364225119530
   0.482514678840194
   0.001082830942853
   0.001324341670337
  -0.000218918905341
   0.000654534837593
  -0.000000039105577
   0.000396245128497
  -0.000001962549886
   0.000526631731400
   0.001917319069278
   0.002950223809235
   0.037008053192058
   0.531363286468387
   0.049078118477546
   0.059858398855037
  -0.001598286921521
   0.000831305594390
  -0.000199141975440
   0.009429152827652
   0.000899603904903
   0.000007807891125
  -0.000681345999413
   0.007215069897345
   0.003571234218104
   0.300752811799591
   0.006372597546378
  -0.448178052478938
  -0.411773171641998
   0.142810204815658
   0.988714734152271
   0.131272575069696
  -0.167008908093556


logL =

 -64.368762170404040


exitflag =

     0

-----
   0.855532849726389
   0.163271784610056
   1.528960693520819
  -0.007418191828815
  -0.039011052814501
  -0.011564029634773
   0.048677654566399
   3.400466931158169
   0.970391148628813
   0.733492303258774
   0.297913910412337
  -0.367024635839951
  -1.454546388769868
  -0.656595815638383
   1.636723016260761
   2.452892533280220
   0.046080027165264
  -0.136041691987126
  -0.429836815244570
  -0.060769558017126
   0.485902630172294
   0.001859958325325
   0.001326153177203
  -0.000201828492490
   0.000658689763071
  -0.000000033647307
   0.000400542097982
  -0.000002411772935
   0.000524494654659
   0.001923311791733
   0.002989238056830
   0.036982462945834
   0.523998488475076
   0.048512890135241
   0.061465937214412
  -0.001625494432053
   0.000812903645975
  -0.000211118879901
   0.009408417320078
   0.000894214594719
   0.000005366672893
  -0.000686047360809
   0.006975624832218
   0.003556342417863
   0.298580681046203
   0.006420923397488
  -0.436191266612580
  -0.418112842089787
   0.144666705665849
   0.985890533242405
   0.132510357332808
  -0.165203990305896


logL =

 -64.371460818432837


exitflag =

     0

-----
   0.860257412926483
   0.163552615063521
   1.527582646438007
  -0.007801175183384
  -0.038333288850324
  -0.011556330216619
   0.047943469490313
   3.362800758086994
   0.975952734917584
   0.720933849651673
   0.296893150201019
  -0.366234114528307
  -1.444845150305975
  -0.656434942647165
   1.638101153457633
   2.454301944301267
   0.046439502160464
  -0.136045485705350
  -0.427873356891965
  -0.060246229462290
   0.486729229160066
   0.001260153965502
   0.001322558238328
  -0.000218451596091
   0.000652732455018
  -0.000000033468706
   0.000398452371072
  -0.000002355967170
   0.000528099397245
   0.001918118395968
   0.002965429574569
   0.036440062919634
   0.518520544270973
   0.048159975285837
   0.061749253027540
  -0.001628784344781
   0.000794720116606
  -0.000220160311401
   0.009300780890757
   0.000898353309334
   0.000002683343935
  -0.000680403304668
   0.007006525765566
   0.003609959099634
   0.294198600165495
   0.006445080279367
  -0.406154504184667
  -0.413441308596959
   0.153494358816015
   0.985042284312600
   0.136176878632487
  -0.159960470635533


logL =

 -64.373874889177344


exitflag =

     0

-----
   0.856299233269531
   0.164529188273431
   1.525461418858559
  -0.007645545184079
  -0.038511280596733
  -0.011277106199682
   0.048392850838879
   3.400922011054591
   0.976421734337220
   0.736232831769903
   0.297193086053636
  -0.364785074231439
  -1.440143059691451
  -0.657582117188786
   1.641719844051051
   2.451049223634291
   0.046879958375945
  -0.133991128720388
  -0.428874593395119
  -0.060163999515841
   0.487374719154821
   0.000983951535657
   0.001317515254462
  -0.000201135392230
   0.000653777168256
  -0.000000042276047
   0.000398486832640
  -0.000003404979711
   0.000528519766383
   0.001918970912872
   0.002985144135754
   0.036738967173666
   0.514511110536201
   0.047678759819806
   0.062642705569365
  -0.001656750550945
   0.000807036231473
  -0.000226028961527
   0.009344089842606
   0.000896685587236
  -0.000000074477640
  -0.000690958998686
   0.006729799613180
   0.003577965899572
   0.294283338005949
   0.006468918651822
  -0.380040356415127
  -0.423323827959504
   0.171481042269017
   0.982172172306692
   0.137279384168791
  -0.160164856876653


logL =

 -64.375589124807590


exitflag =

     0

-----
   0.855464372479849
   0.164830613565407
   1.523559118160115
  -0.007893382799061
  -0.038041376188417
  -0.011670114234599
   0.047585273430257
   3.351073315662436
   0.978460658646958
   0.718077390322463
   0.295072238687890
  -0.364114699063601
  -1.439928807697651
  -0.657835902663985
   1.644850499923534
   2.450261665647148
   0.047136861214089
  -0.133587703855511
  -0.430657445921369
  -0.060106547362326
   0.487647755091671
   0.001166817005130
   0.001327308345030
  -0.000224237832392
   0.000650922406714
  -0.000000024939100
   0.000396014175247
  -0.000001067856664
   0.000526858043738
   0.001899706209007
   0.002983018444084
   0.035984531871561
   0.507323610724771
   0.046570763973551
   0.063319791438035
  -0.001618936417192
   0.000859659758058
  -0.000224092368880
   0.009353384326363
   0.000890249712959
  -0.000000163384586
  -0.000683228966829
   0.006833012872694
   0.003601232619042
   0.290937025114031
   0.006321766639875
  -0.366289480279362
  -0.425590417062968
   0.192357685668724
   0.998827774128491
   0.142171465526453
  -0.155653685033379


logL =

 -64.377848454455886


exitflag =

     0

-----
   0.854456386241889
   0.165564944785100
   1.522628709597004
  -0.007785019349974
  -0.037949398104761
  -0.011507180093699
   0.047975531080433
   3.342634301135715
   0.978002197415852
   0.722165509920056
   0.297105442273083
  -0.364465530755265
  -1.446230152096241
  -0.658209634420344
   1.644893700101549
   2.455811061103836
   0.047544259837958
  -0.133382037778699
  -0.430651457665605
  -0.059978399674684
   0.488792469148429
   0.001469453199819
   0.001323404428711
  -0.000218208148687
   0.000655064507620
  -0.000000021715166
   0.000398085578057
  -0.000000943460653
   0.000526593561821
   0.001903523686918
   0.002999644933639
   0.036214280289019
   0.503896064678054
   0.046111402961814
   0.064048088658596
  -0.001633561435945
   0.000865712793061
  -0.000229886542000
   0.009263050842943
   0.000898610954452
  -0.000000174617061
  -0.000682866923199
   0.006699269352373
   0.003600697005460
   0.290216017255717
   0.006597236091351
  -0.335672297002493
  -0.436388350103832
   0.185824167277865
   0.979516132484259
   0.141620307218279
  -0.157718416496178


logL =

 -64.379325106267430


exitflag =

     0

-----
   0.854666190027527
   0.166612975139240
   1.521473447225485
  -0.007560448723431
  -0.037935947172183
  -0.011586790997090
   0.048075901330976
   3.308521394503167
   0.984791763538426
   0.719141456090090
   0.297611647488026
  -0.359379469389471
  -1.437349729154898
  -0.660370019234860
   1.645724368726985
   2.454975462654064
   0.047559801035116
  -0.132027853855385
  -0.432663754102016
  -0.059021984542181
   0.489005062528575
   0.002159882056224
   0.001320576518736
  -0.000221330685356
   0.000654412935075
  -0.000000012099497
   0.000397406974942
  -0.000001203704622
   0.000527162419844
   0.001899170630253
   0.002984554246022
   0.035228121591840
   0.495886226203722
   0.045727103295359
   0.065007370698641
  -0.001608038414614
   0.000854910414349
  -0.000246885454604
   0.009239900566478
   0.000897953388223
  -0.000000332174653
  -0.000682572856177
   0.006643666167608
   0.003600510568618
   0.289005880171349
   0.006438070379607
  -0.389801066013171
  -0.430375036491940
   0.184384611130424
   0.994863701196731
   0.157338865612271
  -0.153371146777654


logL =

 -64.381127150727323


exitflag =

     0

-----
   0.857545449440529
   0.168097950366242
   1.517685245267809
  -0.007609884911336
  -0.037769984836693
  -0.011600253743335
   0.047957819318335
   3.299057791791742
   0.982662069642096
   0.718185555736651
   0.298274644864352
  -0.360169615209766
  -1.438098492768946
  -0.662154581264802
   1.649212993581286
   2.438444631028183
   0.048435152868680
  -0.131880369373847
  -0.432849297188465
  -0.059195043202881
   0.488762650768107
   0.000905624078867
   0.001323497111524
  -0.000221021507049
   0.000652708899278
  -0.000000011764937
   0.000398100651648
  -0.000001979618867
   0.000527698426059
   0.001912789828637
   0.002989499555732
   0.035679177247416
   0.493751239459769
   0.044800640581857
   0.065889752235431
  -0.001630215338120
   0.000830257959461
  -0.000249123304447
   0.009336562688827
   0.000904678220103
  -0.000000283798983
  -0.000681504680196
   0.006506924054815
   0.003578251785295
   0.295698357768536
   0.006681153755568
  -0.312566804597574
  -0.439767180351677
   0.195762734773295
   0.980166465771078
   0.156667602636735
  -0.162615694079571


logL =

 -64.383112909153226


exitflag =

     0

-----
   0.857474653616401
   0.168778511207104
   1.516071025426236
  -0.007689988837958
  -0.037819510605630
  -0.011656217736067
   0.047668771575255
   3.310574360972771
   0.981690001448027
   0.718491272090017
   0.302240321873200
  -0.361316792650982
  -1.451833044756069
  -0.662137370494216
   1.649910577360129
   2.439431225651267
   0.048499516935018
  -0.131754607736451
  -0.433218737667361
  -0.058830500675823
   0.489324233461907
   0.000902638612562
   0.001320447996541
  -0.000218429851391
   0.000652961332336
  -0.000000025712310
   0.000397728199280
  -0.000002023841186
   0.000527985451055
   0.001902095263857
   0.002968123730049
   0.035055415705905
   0.491800835443858
   0.044457336807602
   0.066317842193152
  -0.001637966246802
   0.000831529540936
  -0.000250064945968
   0.009268759380164
   0.000898111086279
  -0.000000061968702
  -0.000684531335190
   0.006494543670623
   0.003590471693582
   0.292448360343011
   0.006553156232733
  -0.321651261914873
  -0.431518445523067
   0.196574769425384
   0.987961450166826
   0.161529923847456
  -0.158273458578098


logL =

 -64.383990295682693


exitflag =

     0

-----
   0.856436680409385
   0.169797604328160
   1.514043498700797
  -0.007847641497072
  -0.037306510218155
  -0.011733606062646
   0.048134922051932
   3.316114220873386
   0.989486949789052
   0.722795784326808
   0.299459027701460
  -0.356140947225287
  -1.461516905498618
  -0.663661424121299
   1.652178869040883
   2.438347037828736
   0.048753673522507
  -0.131493576873984
  -0.433331917644879
  -0.059004834045102
   0.489075682845526
   0.001420262374050
   0.001322291590988
  -0.000221327065489
   0.000654175689827
  -0.000000042655209
   0.000395729204637
  -0.000002647672591
   0.000527344368819
   0.001913449644649
   0.002974715557497
   0.035193484869285
   0.488497822704682
   0.044011708274106
   0.066942900520020
  -0.001636497189026
   0.000817380442371
  -0.000250346449514
   0.009260268309767
   0.000897606771994
   0.000000010182568
  -0.000683863318368
   0.006394832973342
   0.003590833028323
   0.291783273410325
   0.006608998431965
  -0.318013955457310
  -0.440952356879532
   0.203350905719273
   0.983728377364864
   0.164145607116271
  -0.157966656283661


logL =

 -64.384902103517732


exitflag =

     0

-----
   0.856036186197300
   0.171463887715582
   1.510729385757702
  -0.007781052521932
  -0.037748546002904
  -0.011994601732423
   0.047223973741545
   3.297461328444070
   0.991823514658295
   0.712117356151895
   0.309455799797284
  -0.347747898920753
  -1.434166536729141
  -0.663554414731081
   1.654719027485657
   2.432705242979513
   0.049310078222868
  -0.131198507698673
  -0.432993502861853
  -0.058813231730490
   0.490474258997075
   0.002410732197318
   0.001322874131287
  -0.000221904010187
   0.000654673576059
  -0.000000051118197
   0.000394297154233
  -0.000004309222898
   0.000526903608504
   0.001913703184777
   0.002925488446642
   0.034542762192612
   0.484112178893548
   0.043396567221531
   0.068212282364299
  -0.001631302220977
   0.000770385382176
  -0.000260226764465
   0.009202268691275
   0.000899073976138
   0.000000008104354
  -0.000684617574688
   0.006520009715623
   0.003615164581829
   0.288229063018382
   0.006593440051678
  -0.321938540077116
  -0.441275316688262
   0.205295955156014
   0.984676626938241
   0.166491939794747
  -0.153262816484284


logL =

 -64.386325190704085


exitflag =

     0

-----
   0.855791797139501
   0.171439145469783
   1.510354799186440
  -0.007708572745621
  -0.037388068185561
  -0.011677972938747
   0.047593853472512
   3.294681243715969
   0.985017140052145
   0.719095699635394
   0.309197752020810
  -0.347036622152118
  -1.434027477498498
  -0.663587306635552
   1.655211991497088
   2.432593658676487
   0.049303599341088
  -0.131193232372852
  -0.432855017477323
  -0.058951542129317
   0.490649699929543
   0.002151710573352
   0.001322875367276
  -0.000221426980951
   0.000654057439993
  -0.000000080760805
   0.000397544490785
  -0.000001562719199
   0.000527225238131
   0.001905984940222
   0.002978940698845
   0.034570699202374
   0.483667989398986
   0.043301915013898
   0.068355197718239
  -0.001635764757482
   0.000767821446727
  -0.000261290963149
   0.009251615970492
   0.000898465235701
   0.000000009981500
  -0.000682365399971
   0.006424011219084
   0.003598916559875
   0.287617529696310
   0.006652986544975
  -0.315390587056870
  -0.442123755665079
   0.204685072046691
   0.983473941960149
   0.168296580219856
  -0.153788150858954


logL =

 -64.387120200046951


exitflag =

     0

-----
   0.855066819714730
   0.172370441392816
   1.507288053311577
  -0.007629598579101
  -0.036971219696651
  -0.011961160570938
   0.047413180739361
   3.270148010878215
   1.004561979428812
   0.714143982653944
   0.312001891554280
  -0.336314935965105
  -1.397701215972907
  -0.668015090694998
   1.652802382648823
   2.439135878225423
   0.050444635114615
  -0.130474403114536
  -0.433565966891369
  -0.059888282188944
   0.490909496795439
  -0.001553378073254
   0.001323035257365
  -0.000225640679298
   0.000653883053950
  -0.000000172152984
   0.000396985251349
   0.000007040557598
   0.000527486810924
   0.001897059067353
   0.003024391061549
   0.033736725036649
   0.471943896789149
   0.040154076266081
   0.071030266457754
  -0.001674076372729
   0.000813640654713
  -0.000276051305958
   0.009344502290136
   0.000898609546147
   0.000000054714950
  -0.000675312998810
   0.006296522383491
   0.003549870435261
   0.291059249124201
   0.006587836786774
  -0.393638712941003
  -0.460752065458826
   0.199989125608927
   0.982592561681280
   0.182078319020113
  -0.156541630793315


logL =

 -64.389719300071206


exitflag =

     0

-----
   0.855655532678745
   0.172509553986702
   1.507025011210646
  -0.007709948061584
  -0.037267636972661
  -0.011870177435839
   0.047500614996460
   3.299262179601869
   0.994248005751352
   0.719983127305341
   0.314183305093591
  -0.338304040616845
  -1.403418719525019
  -0.667904687394289
   1.653135967125851
   2.431687396514452
   0.050619946184007
  -0.130093368319979
  -0.434257385431725
  -0.059835703571532
   0.491263858219453
  -0.002059400556059
   0.001321862387371
  -0.000221091274007
   0.000654478227168
  -0.000000250398238
   0.000398478790564
   0.000005361501106
   0.000529152567610
   0.001912866214278
   0.002964488965311
   0.033636013869151
   0.470854937403650
   0.039907425444094
   0.071300340029100
  -0.001678233303472
   0.000806783862351
  -0.000279498437418
   0.009179233268522
   0.000897628484183
   0.000000032612217
  -0.000683632988536
   0.006291003283506
   0.003599630121508
   0.295327946301783
   0.006633544820019
  -0.341301120887347
  -0.447354636356895
   0.199495570579225
   0.986124877176774
   0.184481410181097
  -0.161270379464659


logL =

 -64.391428922635512


exitflag =

     0

-----
   0.857624645561312
   0.172924860133872
   1.506662880124989
  -0.007805467366978
  -0.037117455852143
  -0.011892319944374
   0.047280677922071
   3.320380243571281
   1.000063289731662
   0.725156376236173
   0.314989995756647
  -0.331258241196334
  -1.385993936506395
  -0.667583938157207
   1.654914428590628
   2.425586425512680
   0.051213987934665
  -0.129474923605420
  -0.434744064001678
  -0.059347935558185
   0.491443649003507
  -0.003037267860628
   0.001322634333214
  -0.000217235029025
   0.000653370069677
  -0.000000109948550
   0.000400655194580
  -0.000008692645777
   0.000527311092123
   0.001906049796886
   0.002966891136909
   0.033306626644279
   0.468880496763635
   0.039171274423799
   0.071829923915480
  -0.001685303437981
   0.000804236700935
  -0.000279670428751
   0.009176637849375
   0.000898011433727
   0.000000041430994
  -0.000681075068483
   0.006296149957470
   0.003587195372127
   0.298519384033894
   0.006672465854680
  -0.347093622842066
  -0.451166133671775
   0.204144007679769
   0.987987243499941
   0.192472722736375
  -0.163401088141380


logL =

 -64.392173051048800


exitflag =

     0

-----
