   0.810600000000000
   0.131100000000000
   1.483300000000000
  -0.007724000000000
  -0.038970000000000
  -0.009827000000000
   0.047100000000000
   3.223900000000000
   0.876300000000000
   0.688700000000000
   0.320400000000000
  -0.423500000000000
  -1.303800000000000
  -0.548000000000000
   1.748000000000000
   2.149500000000000
   0.032200000000000
  -0.148500000000000
  -0.353300000000000
  -0.057700000000000
   0.573700000000000
   0.001100000000000
   0.001312000000000
  -0.000227000000000
   0.000653000000000
                   0
   0.000397000000000
                   0
   0.000530000000000
   0.001902000000000
   0.002981000000000
   0.029700000000000
   0.441900000000000
   0.195200000000000
   0.056900000000000
  -0.000923000000000
   0.000933000000000
  -0.000100000000000
   0.008916000000000
   0.000892000000000
                   0
  -0.000680000000000
   0.221100000000000
   0.004200000000000
  -0.361000000000000
  -0.198700000000000
   0.167100000000000
   0.965000000000000
   0.127800000000000
  -0.086700000000000


logL =

 -63.307220923493013

   0.810297883309236
   0.131100953840242
   1.483412971893339
  -0.007705465325089
  -0.039039267287914
  -0.009884351198629
   0.047031723910912
   3.222867767270873
   0.877253241115831
   0.690953455780151
   0.319948906224484
  -0.423804589448731
  -1.304873430175985
  -0.548191255019970
   1.747455925467008
   2.147085147181782
   0.032209942481181
  -0.148409827715110
  -0.353271795360076
  -0.057640598265584
   0.573791686754263
   0.001099681517438
   0.001314611005063
  -0.000230964698786
   0.000652309890563
   0.000000061095690
   0.000396758476899
   0.000000550242385
   0.000529569851114
   0.001890372324336
   0.002961611939339
   0.029727065065070
   0.444989981460075
   0.196345447361552
   0.056585302472187
  -0.000928532395003
   0.000938508306845
  -0.000099775607275
   0.008944953771638
   0.000892902785161
  -0.000000056475148
  -0.000678649513794
   0.220806159441473
   0.004206057925877
  -0.363371967330306
  -0.199280146473864
   0.166794347424452
   0.974475886257389
   0.127805787529315
  -0.086604257854304


logL =

 -63.307762557236160


exitflag =

     0

-----
   0.810163599038555
   0.130923810904191
   1.484078646000828
  -0.007672174323559
  -0.039086573231455
  -0.009929719192010
   0.047086542715507
   3.234496040730356
   0.879216957883707
   0.693326685833910
   0.319707832165440
  -0.424173042014233
  -1.306151021129983
  -0.547559378791566
   1.747874212340057
   2.145101509586552
   0.032266868293669
  -0.148141992963883
  -0.353558168398594
  -0.057744172913082
   0.573734593901089
   0.001114113122807
   0.001313968339808
  -0.000228577941949
   0.000653405923612
   0.000000062161399
   0.000397727409408
   0.000000549383430
   0.000529824498721
   0.001897498451696
   0.002973627865944
   0.029761306179147
   0.445822187067371
   0.197881480111412
   0.056892412566725
  -0.000918829010378
   0.000939975476204
  -0.000099209450350
   0.008952177351146
   0.000892563185380
  -0.000000056905650
  -0.000678607997004
   0.221070303134835
   0.004198213355701
  -0.364756015734750
  -0.198861409244559
   0.167743513776937
   0.974825522359648
   0.127801217667737
  -0.086997826553928


logL =

 -63.307849592829250


exitflag =

     0

-----
   0.809929663350342
   0.130935654979142
   1.483996368645718
  -0.007668604977559
  -0.039084207329576
  -0.009922585384088
   0.047076974771608
   3.239347083276692
   0.879706510074517
   0.694621936303851
   0.319667906859613
  -0.424385728531172
  -1.306264964308993
  -0.547613353563828
   1.747675147687598
   2.144472127824733
   0.032344403547365
  -0.148009974415479
  -0.353596314836217
  -0.057766202051171
   0.573762503374288
   0.001051462654483
   0.001314896600500
  -0.000227450701256
   0.000652389789805
   0.000000062436056
   0.000396732622197
   0.000000567003947
   0.000529683453005
   0.001890009071172
   0.002963497820281
   0.029765892839468
   0.446714214845841
   0.198418955912532
   0.057244408260468
  -0.000929902515044
   0.000930185866670
  -0.000099391308740
   0.008932169303657
   0.000892811540513
  -0.000000056630724
  -0.000678794404406
   0.221288069487284
   0.004197214708372
  -0.365666344135896
  -0.198740562877397
   0.168289247866562
   0.974273935543633
   0.127939929276025
  -0.087191317611433


logL =

 -63.307882163072286


exitflag =

     0

-----
   0.809771668585908
   0.130998746022204
   1.483946907803184
  -0.007668412953562
  -0.039086437779025
  -0.009927659618763
   0.047071622163668
   3.243564384546965
   0.880179753390648
   0.695778354375434
   0.319692985414659
  -0.424581991772384
  -1.306819499269912
  -0.547730202892366
   1.747715769962190
   2.143950359228462
   0.032421785833790
  -0.147797847673491
  -0.353366510904959
  -0.057821184056953
   0.573881481285428
   0.001036247630111
   0.001314717674918
  -0.000227107808835
   0.000653043348480
   0.000000062169242
   0.000397418368066
   0.000000559246236
   0.000529641153013
   0.001892421690753
   0.002973425276051
   0.029772529085257
   0.448057852707738
   0.198813516933430
   0.057672375120605
  -0.000936587992684
   0.000941049280762
  -0.000101543975603
   0.008946561886164
   0.000892533181951
  -0.000000057266512
  -0.000678519445546
   0.221516804084216
   0.004196446145856
  -0.365067461046352
  -0.198800552255841
   0.168645318937956
   0.973848638120731
   0.127743785744228
  -0.087554155820962


logL =

 -63.307903020968290


exitflag =

     0

-----
   0.809748690972782
   0.130996511711218
   1.483811586067731
  -0.007672671415643
  -0.039078395399927
  -0.009915256595345
   0.047085894413685
   3.245142130297072
   0.879954914988947
   0.696154427251823
   0.319776245059186
  -0.424650481902248
  -1.306466865688869
  -0.547798825721550
   1.747570406288723
   2.144078630183095
   0.032435053982850
  -0.147654228803191
  -0.353287927969614
  -0.057839245132235
   0.573929472597348
   0.001046331473339
   0.001314866236683
  -0.000226385163663
   0.000652945982645
   0.000000057284329
   0.000396958237599
   0.000000591788695
   0.000529593357147
   0.001891840706571
   0.002966309638201
   0.029769311061044
   0.448642496235444
   0.198972285746241
   0.057880107306730
  -0.000939976261645
   0.000940827738688
  -0.000103837083369
   0.008936316947531
   0.000892865959166
  -0.000000058275164
  -0.000678896134914
   0.221561527753725
   0.004195297730105
  -0.364872687088068
  -0.198543121176921
   0.168649020238238
   0.974054388622437
   0.127856524176357
  -0.087537548571395


logL =

 -63.307914078553289


exitflag =

     0

-----
   0.809803114725990
   0.130954790460890
   1.483656756067786
  -0.007680253555309
  -0.039081542184355
  -0.009907616305355
   0.047094159281241
   3.248018817351712
   0.880516843569168
   0.696965084417712
   0.319769743406320
  -0.424822065405830
  -1.306609783176767
  -0.547896609790481
   1.747220847069960
   2.143757348228837
   0.032481195506374
  -0.147495050077267
  -0.353011705873272
  -0.057844254151789
   0.573990375269219
   0.001046589119498
   0.001314400592742
  -0.000226192537997
   0.000652879354670
   0.000000055500250
   0.000397551577477
   0.000000617534458
   0.000529513768452
   0.001890524318372
   0.002968767116937
   0.029773705782531
   0.448703349921860
   0.199308183172965
   0.058251215088620
  -0.000934491931289
   0.000921687845735
  -0.000105570064032
   0.008937896902339
   0.000892817183400
  -0.000000061770664
  -0.000678541384510
   0.221721353970297
   0.004190163893265
  -0.365213536161639
  -0.198542188759450
   0.168986016285038
   0.974205286893067
   0.127988172698609
  -0.087617514387479


logL =

 -63.307927170312638


exitflag =

     0

-----
   0.809811209164053
   0.130925486349230
   1.483524783337146
  -0.007686038623155
  -0.039075232697051
  -0.009905502458418
   0.047105591725412
   3.250355545284805
   0.880568619516213
   0.697400059624723
   0.319770897545173
  -0.424851534412709
  -1.306688702644615
  -0.547965539889673
   1.747122205122559
   2.143735509422509
   0.032501117417575
  -0.147378463661216
  -0.352977996741462
  -0.057871683139721
   0.573958137057922
   0.001037767272519
   0.001314756609830
  -0.000225630016030
   0.000653148496300
   0.000000055724945
   0.000397049914011
   0.000000619953203
   0.000529707704221
   0.001892669635596
   0.002968947980158
   0.029772904555341
   0.449763834874974
   0.199289037390886
   0.058485748408771
  -0.000937826550579
   0.000944514189815
  -0.000105545083374
   0.008941853309834
   0.000892743519870
  -0.000000061717230
  -0.000678537015773
   0.221832119220433
   0.004189537325861
  -0.364450490847243
  -0.198492352357249
   0.169111180604941
   0.974287642109789
   0.127998233667787
  -0.087792609348078


logL =

 -63.307937456494194


exitflag =

     0

-----
   0.809852818479409
   0.130871416200745
   1.483326200175586
  -0.007693768766535
  -0.039077808721443
  -0.009910968738200
   0.047111040285246
   3.252704076287653
   0.880993959283868
   0.697799839854131
   0.319673433639992
  -0.424951199033775
  -1.307138271804949
  -0.548055895479704
   1.747001495876077
   2.143465143476124
   0.032521286700354
  -0.147269355046347
  -0.352907336514421
  -0.057875258206638
   0.573981600672328
   0.001040548351133
   0.001314488883840
  -0.000225740710026
   0.000653011720593
   0.000000057171391
   0.000397401969473
   0.000000658369806
   0.000529755689043
   0.001890085806371
   0.002970276528647
   0.029774004846668
   0.450309036167341
   0.199612900363073
   0.058680831935845
  -0.000939714591773
   0.000934413729371
  -0.000106102908111
   0.008942468688162
   0.000893323435448
  -0.000000057010282
  -0.000678967263535
   0.221984393441335
   0.004184931760818
  -0.365104746090372
  -0.198642457696791
   0.169398509591197
   0.974646889694641
   0.127926912243610
  -0.087944702266871


logL =

 -63.307944086978537


exitflag =

     0

-----
