   1.0e+02 *

   0.008604000000000
   0.001316000000000
   0.014528000000000
  -0.000073580000000
  -0.000443810000000
  -0.000094820000000
   0.000472000000000
   0.036489000000000
   0.008774000000000
   0.007176000000000
                   0
   0.003208000000000
  -0.004270000000000
  -0.012439000000000
  -0.006947000000000
   0.021261000000000
   0.030772000000000
   0.000329000000000
  -0.001468000000000
  -0.003630000000000
  -0.000788000000000
   0.005983000000000
   0.001524000000000
   0.000013140000000
   0.000001870000000
   0.000006540000000
                   0
   0.000003950000000
                   0
   0.000005310000000
   0.000019000000000
   0.000029790000000
  -0.000919009366576
  -0.000209000000000
   0.001072000000000
  -0.002214000000000
   7.979090053987640
  -0.000007120000000
  -0.000000380000000
  -0.000006010000000
   0.022793200222464
   0.000036363924829
   0.000001680994280
  -0.370030945004907
   0.877002844654973
   0.003105365125189
   0.000060060000000
   0.000047070000000
   0.000041120000000
   0.001832092492556
   0.001832092492556
   0.002211000000000
   0.000042000000000
  -0.003621000000000
  -0.001987000000000
   0.001671000000000
   0.009650000000000
   0.001278000000000
  -0.000867000000000


logL =

        9999

   1.0e+02 *

   0.008604000000000
   0.001316000000000
   0.014528000000000
  -0.000073580000000
  -0.000443810000000
  -0.000094820000000
   0.000472000000000
   0.036489000000000
   0.008774000000000
   0.007176000000000
                   0
   0.003208000000000
  -0.004270000000000
  -0.012439000000000
  -0.006947000000000
   0.021261000000000
   0.030772000000000
   0.000329000000000
  -0.001468000000000
  -0.003630000000000
  -0.000788000000000
   0.005983000000000
   0.001524000000000
   0.000013140000000
   0.000001870000000
   0.000006540000000
                   0
   0.000003950000000
                   0
   0.000005310000000
   0.000019000000000
   0.000029790000000
  -0.000919009366576
  -0.000209000000000
   0.001072000000000
  -0.002214000000000
   7.979090053987640
  -0.000007120000000
  -0.000000380000000
  -0.000006010000000
   0.022793200222464
   0.000036363924829
   0.000001680994280
  -0.370030945004907
   0.877002844654973
   0.003105365125189
   0.000060060000000
   0.000047070000000
   0.000041120000000
   0.005000000000000
   0.005000000000000
   0.002211000000000
   0.000042000000000
  -0.003621000000000
  -0.001987000000000
   0.001671000000000
   0.009650000000000
   0.001278000000000
  -0.000867000000000


logL =

        9999

   1.0e+02 *

   0.009463178365693
   0.001362924296897
   0.013659073770808
  -0.000029403020742
  -0.000465125911788
  -0.000091472864653
   0.000273234295227
   0.036132490447238
   0.008069780500101
   0.007794878523016
   1.507017543455055
   0.004027407408442
  -0.004958784287589
  -0.013499919489135
  -0.006586010467173
   0.024284885859559
   0.022962961069345
   0.000302155595448
  -0.001450818933731
  -0.002952376635425
  -0.000899751702675
   0.006343153414538
   0.002136969932073
   0.000012795252210
   0.000001017066687
   0.000006476149786
   0.000000000066497
   0.000005031216324
   0.000000000093878
   0.000007688389703
   0.000018385709409
   0.000030594278249
  -0.001026089525807
  -0.003186627520013
   0.000789257611656
  -0.000787746260906
   9.509364969705475
  -0.000011295362971
  -0.000018199903528
  -0.000023173614213
   0.002332505041378
   0.000013407305961
   0.000001414969595
  -0.684030203835165
   0.868553304497190
   0.004997710212755
  -0.000010088087018
   0.000000000014009
   0.000008873237667
   0.000035238611752
   0.000015162619484
   0.002211000000000
   0.000042000000000
  -0.003621000000000
  -0.001987000000000
   0.001671000000000
   0.009650000000000
   0.001278000000000
  -0.000867000000000


logL =

        9999

   1.0e+02 *

   0.008604000000000
   0.001316000000000
   0.014528000000000
  -0.000073580000000
  -0.000443810000000
  -0.000094820000000
   0.000472000000000
   0.036489000000000
   0.008774000000000
   0.007176000000000
                   0
   0.003208000000000
  -0.004270000000000
  -0.012439000000000
  -0.006947000000000
   0.021261000000000
   0.030772000000000
   0.000329000000000
  -0.001468000000000
  -0.003630000000000
  -0.000788000000000
   0.005983000000000
   0.001524000000000
   0.000013140000000
   0.000001870000000
   0.000006540000000
                   0
   0.000003950000000
                   0
   0.000005310000000
   0.000019000000000
   0.000029790000000
  -0.000919009366576
  -0.000209000000000
   0.001072000000000
  -0.002214000000000
   7.979090053987640
  -0.000007120000000
  -0.000000380000000
  -0.000006010000000
   0.022793200222464
   0.000036363924829
   0.000001680994280
  -0.370030945004907
   0.877002844654973
   0.003105365125189
   0.000060060000000
   0.000047070000000
   0.000041120000000
   0.002500000000000
   0.002500000000000
   0.002211000000000
   0.000042000000000
  -0.003621000000000
  -0.001987000000000
   0.001671000000000
   0.009650000000000
   0.001278000000000
  -0.000867000000000


logL =

        9999

   1.0e+02 *

   0.008604000000000
   0.001316000000000
   0.014528000000000
  -0.000073580000000
  -0.000443810000000
  -0.000094820000000
   0.000472000000000
   0.036489000000000
   0.008774000000000
   0.007176000000000
                   0
   0.003208000000000
  -0.004270000000000
  -0.012439000000000
  -0.006947000000000
   0.021261000000000
   0.030772000000000
   0.000329000000000
  -0.001468000000000
  -0.003630000000000
  -0.000788000000000
   0.005983000000000
   0.001524000000000
   0.000013140000000
   0.000001870000000
   0.000006540000000
                   0
   0.000003950000000
                   0
   0.000005310000000
   0.000019000000000
   0.000029790000000
  -0.000919009366576
  -0.000209000000000
   0.001072000000000
  -0.002214000000000
   7.979090053987640
  -0.000007120000000
  -0.000000380000000
  -0.000006010000000
   0.022793200222464
   0.000036363924829
   0.000001680994280
  -0.370030945004907
   0.877002844654973
   0.003105365125189
   0.000060060000000
   0.000047070000000
   0.000041120000000
   0.001832092492556
   0.001832092492556
   0.002211000000000
   0.000042000000000
                   0
                   0
                   0
                   0
   0.001278000000000
  -0.000867000000000


logL =

        9999

   1.0e+02 *

   0.008604000000000
   0.001316000000000
   0.014528000000000
  -0.000073580000000
  -0.000443810000000
  -0.000094820000000
   0.000472000000000
   0.036489000000000
   0.008774000000000
   0.007176000000000
                   0
   0.003208000000000
  -0.004270000000000
  -0.012439000000000
  -0.006947000000000
   0.021261000000000
   0.030772000000000
   0.000329000000000
  -0.001468000000000
  -0.003630000000000
  -0.000788000000000
   0.005983000000000
   0.001524000000000
   0.000013140000000
   0.000001870000000
   0.000006540000000
                   0
   0.000003950000000
                   0
   0.000005310000000
   0.000019000000000
   0.000029790000000
  -0.000919009366576
  -0.000209000000000
   0.001072000000000
  -0.002214000000000
   7.979090053987640
  -0.000007120000000
  -0.000000380000000
  -0.000006010000000
   0.022793200222464
   0.000036363924829
   0.000001680994280
  -0.370030945004907
   0.877002844654973
   0.003105365125189
   0.000060060000000
   0.000047070000000
   0.000041120000000
   0.001832092492556
   0.001832092492556
   0.002211000000000
   0.000042000000000
                   0
                   0
                   0
                   0
   0.001278000000000
  -0.000867000000000


logL =

        9999

   1.0e+02 *

   0.008604000000000
   0.001316000000000
   0.014528000000000
  -0.000073580000000
  -0.000443810000000
  -0.000094820000000
   0.000472000000000
   0.036489000000000
   0.008774000000000
   0.007176000000000
                   0
   0.003208000000000
  -0.004270000000000
  -0.012439000000000
  -0.006947000000000
   0.021261000000000
   0.030772000000000
   0.000329000000000
  -0.001468000000000
  -0.003630000000000
  -0.000788000000000
   0.005983000000000
   0.001524000000000
   0.000013140000000
   0.000001870000000
   0.000006540000000
                   0
   0.000003950000000
                   0
   0.000005310000000
   0.000019000000000
   0.000029790000000
  -0.000919009366576
  -0.000209000000000
   0.001072000000000
  -0.002214000000000
   7.979090053987640
  -0.000007120000000
  -0.000000380000000
  -0.000006010000000
   0.022793200222464
   0.000036363924829
   0.000001680994280
  -0.370030945004907
   0.877002844654973
   0.003105365125189
   0.000060060000000
   0.000047070000000
   0.000041120000000
   0.001832092492556
   0.001832092492556
   0.002211000000000
   0.000042000000000
                   0
                   0
                   0
                   0
   0.001278000000000
  -0.000867000000000


logL =

        9999

   1.0e+02 *

   0.008604000000000
   0.001316000000000
   0.014528000000000
  -0.000073580000000
  -0.000443810000000
  -0.000094820000000
   0.000472000000000
   0.036489000000000
   0.008774000000000
   0.007176000000000
                   0
   0.003208000000000
  -0.004270000000000
  -0.012439000000000
  -0.006947000000000
   0.021261000000000
   0.030772000000000
   0.000329000000000
  -0.001468000000000
  -0.003630000000000
  -0.000788000000000
   0.005983000000000
   0.001524000000000
   0.000013140000000
   0.000001870000000
   0.000006540000000
                   0
   0.000003950000000
                   0
   0.000005310000000
   0.000019000000000
   0.000029790000000
  -0.000919009366576
  -0.000209000000000
   0.001072000000000
  -0.002214000000000
   7.979090053987640
  -0.000007120000000
  -0.000000380000000
  -0.000006010000000
   0.022793200222464
   0.000036363924829
   0.000001680994280
  -0.370030945004907
   0.877002844654973
   0.003105365125189
   0.000060060000000
   0.000047070000000
   0.000041120000000
   0.001832092492556
   0.001832092492556
   0.002211000000000
   0.000042000000000
  -0.003621000000000
  -0.001987000000000
   0.001671000000000
   0.009650000000000
   0.001278000000000
  -0.000867000000000


logL =

        9999

   1.0e+02 *

   0.008604000000000
   0.001316000000000
   0.014528000000000
  -0.000073580000000
  -0.000443810000000
  -0.000094820000000
   0.000472000000000
   0.036489000000000
   0.008774000000000
   0.007176000000000
                   0
   0.003208000000000
  -0.004270000000000
  -0.012439000000000
  -0.006947000000000
   0.021261000000000
   0.030772000000000
   0.000329000000000
  -0.001468000000000
  -0.003630000000000
  -0.000788000000000
   0.005983000000000
   0.001524000000000
   0.000013140000000
   0.000001870000000
   0.000006540000000
                   0
   0.000003950000000
                   0
   0.000005310000000
   0.000019000000000
   0.000029790000000
  -0.000919009366576
  -0.000209000000000
   0.001072000000000
  -0.002214000000000
   7.979090053987640
  -0.000007120000000
  -0.000000380000000
  -0.000006010000000
   0.022793200222464
   0.000036363924829
   0.000001680994280
  -0.370030945004907
   0.877002844654973
   0.003105365125189
   0.000060060000000
   0.000047070000000
   0.000041120000000
   0.008832092492556
   0.008832092492556
   0.002211000000000
   0.000042000000000
  -0.003621000000000
  -0.001987000000000
   0.001671000000000
   0.009650000000000
   0.001278000000000
  -0.000867000000000


logL =

        9999

   1.0e+02 *

   0.008604000000000
   0.001316000000000
   0.014528000000000
  -0.000073580000000
  -0.000443810000000
  -0.000094820000000
   0.000472000000000
   0.036489000000000
   0.008774000000000
   0.007176000000000
                   0
   0.003208000000000
  -0.004270000000000
  -0.012439000000000
  -0.006947000000000
   0.021261000000000
   0.030772000000000
   0.000329000000000
  -0.001468000000000
  -0.003630000000000
  -0.000788000000000
   0.005983000000000
   0.001524000000000
   0.000013140000000
   0.000001870000000
   0.000006540000000
                   0
   0.000003950000000
                   0
   0.000005310000000
   0.000019000000000
   0.000029790000000
  -0.000919009366576
  -0.000209000000000
   0.001072000000000
  -0.002214000000000
   7.979090053987640
  -0.000007120000000
  -0.000000380000000
  -0.000006010000000
   0.022793200222464
   0.000036363924829
   0.000001680994280
  -0.370030945004907
   0.877002844654973
   0.003105365125189
   0.000060060000000
   0.000047070000000
   0.000041120000000
   0.001832092492556
   0.001832092492556
   0.002211000000000
   0.000042000000000
                   0
                   0
                   0
                   0
                   0
                   0


logL =

        9999

   1.0e+02 *

   0.008604000000000
   0.001316000000000
   0.014528000000000
  -0.000073580000000
  -0.000443810000000
  -0.000094820000000
   0.000472000000000
   0.036489000000000
   0.008774000000000
   0.007176000000000
                   0
   0.003208000000000
  -0.004270000000000
  -0.012439000000000
  -0.006947000000000
   0.021261000000000
   0.030772000000000
   0.000329000000000
  -0.001468000000000
  -0.003630000000000
  -0.000788000000000
   0.005983000000000
   0.001524000000000
   0.000013140000000
   0.000001870000000
   0.000006540000000
                   0
   0.000003950000000
                   0
   0.000005310000000
   0.000019000000000
   0.000029790000000
  -0.000919009366576
  -0.000209000000000
   0.001072000000000
  -0.002214000000000
   7.979090053987640
  -0.000007120000000
  -0.000000380000000
  -0.000006010000000
   0.022793200222464
   0.000036363924829
   0.000001680994280
  -0.370030945004907
   0.877002844654973
   0.003105365125189
   0.000060060000000
   0.000047070000000
   0.000041120000000
   0.001832092492556
   0.001832092492556
   0.002211000000000
   0.000042000000000
                   0
                   0
                   0
                   0
                   0
                   0


logL =

        9999

   1.0e+02 *

   0.008604000000000
   0.001316000000000
   0.014528000000000
  -0.000073580000000
  -0.000443810000000
  -0.000094820000000
   0.000472000000000
   0.036489000000000
   0.008774000000000
   0.007176000000000
                   0
   0.003208000000000
  -0.004270000000000
  -0.012439000000000
  -0.006947000000000
   0.021261000000000
   0.030772000000000
   0.000329000000000
  -0.001468000000000
  -0.003630000000000
  -0.000788000000000
   0.005983000000000
   0.001524000000000
   0.000013140000000
   0.000001870000000
   0.000006540000000
                   0
   0.000003950000000
                   0
   0.000005310000000
   0.000019000000000
   0.000029790000000
  -0.000919009366576
  -0.000209000000000
   0.001072000000000
  -0.002214000000000
   7.979090053987640
  -0.000007120000000
  -0.000000380000000
  -0.000006010000000
   0.022793200222464
   0.000036363924829
   0.000001680994280
  -0.370030945004907
   0.877002844654973
   0.003105365125189
   0.000060060000000
   0.000047070000000
   0.000041120000000
   0.001832092492556
   0.001832092492556
   0.002211000000000
   0.000042000000000
  -0.003621000000000
  -0.001987000000000
   0.001671000000000
   0.009650000000000
   0.001278000000000
  -0.000867000000000


logL =

 -61.013314182760006

