   0.610472237957406
   0.121414220469786
   2.665813596943213
  -0.006833199630891
  -0.004603223127477
  -0.007205292902688
   0.050415383704156
   0.975362677453447
   0.780468817498335
   0.752144947949732
  -0.234844186658944
  -0.675472606099344
  -1.365257162209821
  -0.198496746263831
   0.501103942589588
   0.041959737181438
  -0.067442689407264
  -0.106637719805616
  -0.111087472524388
   0.632031612220375
   0.466019927695505
  -1.361492329277056
   0.001299252495143
  -0.000150023755642
   0.000654855374976
   0.000000000000000
   0.000395411766503
   0.000000000000000
   0.000534705073916
   0.001886441548250
   0.003094956230041
   0.023140546481782
   0.327812309388524
   0.046498189938013
  -0.000000000000025
  -0.001419725182022
  -0.000669270232066
  -0.000232770304425
   0.009122043886762
   0.005971540856427
   0.004692192566461
   0.004002187272188
   0.005329814414467
   0.003240166535679


logL =

 -61.109968720261655

   0.585514164392438
   0.120781201123557
   2.723768170015108
  -0.006826589952355
  -0.004969879453672
  -0.007023994035908
   0.050240091600689
   1.016947231239391
   0.780194312272138
   0.773549604613319
  -0.237765458407694
  -0.680380613005357
  -1.364737883042237
  -0.169381605643100
   0.451169619884901
   0.041864920513416
  -0.075562007193650
  -0.115380675060169
  -0.114417123248998
   0.631032621760677
   0.468232578948739
  -1.380826378565832
   0.001326116597579
  -0.000143412465071
   0.000658718661382
   0.000000000000000
   0.000398158253580
   0.000000000000000
   0.000530384791085
   0.001900555761430
   0.003022574253228
   0.022990117752085
   0.339619202989854
   0.045623799316350
  -0.000000000000023
  -0.001341283103940
  -0.000673073315803
  -0.000206033547871
   0.009225507402533
   0.006043418695436
   0.004776014509228
   0.004102322882358
   0.006074698350570
   0.003560245556369


logL =

 -61.120995619987795


exitflag =

     0

-----
   0.569380432928760
   0.120713920583432
   2.750448107220158
  -0.007210382957126
  -0.005149779426277
  -0.007077598447007
   0.050790678295155
   1.048140407687921
   0.777018256485152
   0.754453373066642
  -0.236546503958923
  -0.675040001348772
  -1.419363522744684
  -0.149385841242950
   0.445926401848566
   0.049443911077113
  -0.077357222802929
  -0.114587713063830
  -0.119484866123908
   0.624170602922683
   0.448867876404284
  -1.419745852495125
   0.001323855551303
  -0.000169961724065
   0.000657815097453
   0.000000000000000
   0.000397408900913
   0.000000000000000
   0.000529900063126
   0.001903172782031
   0.003003673461462
   0.023043496852632
   0.349251229496523
   0.045543329002815
  -0.000000000000018
  -0.001480579841534
  -0.000613370609018
  -0.000123361188494
   0.009237279492062
   0.006026321441753
   0.004770722558933
   0.004098902878750
   0.005927362245358
   0.003553580076796


logL =

 -61.122080800067927


exitflag =

     0

-----
   0.568741080421145
   0.120901140938981
   2.769878111422011
  -0.007322116444382
  -0.005321853140227
  -0.006990984129374
   0.050535405087132
   1.067550750592066
   0.776461179303886
   0.762736581612119
  -0.233465524641129
  -0.674493428182581
  -1.385986402261841
  -0.143774334637455
   0.439483349056623
   0.057941042957726
  -0.079576338415038
  -0.115257161358138
  -0.122984236249937
   0.624756924151333
   0.441114302359919
  -1.439339319757448
   0.001325639702189
  -0.000162728645178
   0.000659165228814
   0.000000000000000
   0.000398175411220
   0.000000000000000
   0.000529851754946
   0.001906892681528
   0.002995178518798
   0.022957009919879
   0.338800054409814
   0.045616109430866
   0.000000000000002
  -0.001380538487647
  -0.000598742573318
  -0.000135233150744
   0.009211632576516
   0.006035687194631
   0.004762496501283
   0.004097186378816
   0.005913611004235
   0.003520431037065


logL =

 -61.122368047402922


exitflag =

     0

-----
   0.565884186941224
   0.120075938312353
   2.771737852172959
  -0.007399044617796
  -0.005413265071825
  -0.006995176198575
   0.050435248269064
   1.075735882247840
   0.772128092861448
   0.761328943692557
  -0.232927721409688
  -0.670864604229570
  -1.407248621112285
  -0.139976891573792
   0.435019241179319
   0.054979678012315
  -0.081040447434650
  -0.115902195682133
  -0.122021517090337
   0.623637385368684
   0.435037935243436
  -1.441960099317653
   0.001322486316749
  -0.000162291493328
   0.000658488847562
   0.000000000000000
   0.000398368225053
   0.000000000000000
   0.000529433140523
   0.001905361795403
   0.002992725113357
   0.023082669941418
   0.341807381435926
   0.045354536014476
  -0.000000000000000
  -0.001337849264751
  -0.000598061518664
  -0.000152426096994
   0.009218734927985
   0.006035504971635
   0.004766032324840
   0.004096216287401
   0.005926661253081
   0.003528927848183


logL =

 -61.122507727671980


exitflag =

     0

-----
   0.560446029542266
   0.119475966855825
   2.780686078489278
  -0.007544546744487
  -0.005512683384643
  -0.007042468109620
   0.050248939821902
   1.098473607003132
   0.774043798742875
   0.764884286007209
  -0.231289466659972
  -0.662035876298041
  -1.393521053149088
  -0.130521251336093
   0.422317162952233
   0.060148427645860
  -0.083251839382276
  -0.114015364359918
  -0.123289895348136
   0.626421107213176
   0.413548105253667
  -1.454592399805038
   0.001324220876414
  -0.000158271691874
   0.000659439423446
   0.000000000000000
   0.000397472751417
   0.000000000000000
   0.000530289634927
   0.001904862027067
   0.002999454875903
   0.023070680970150
   0.332264668231586
   0.045530282631606
  -0.000000000000000
  -0.001196109884385
  -0.000565585849242
  -0.000161741584948
   0.009195256514809
   0.006045479792440
   0.004772508585207
   0.004101402740757
   0.005945100175872
   0.003523152187158


logL =

 -61.122698995858443


exitflag =

     0

-----
   0.559049740790131
   0.119099598232541
   2.761256748034449
  -0.007531149893604
  -0.005495232310785
  -0.007075465084749
   0.050251908670188
   1.094556236208283
   0.773255461993183
   0.757929955552154
  -0.230752138196868
  -0.659407199430241
  -1.392994444212616
  -0.127429018742240
   0.424182519436719
   0.059540463879290
  -0.083399279468153
  -0.114146585231915
  -0.121445950030340
   0.627357755755406
   0.412346060335836
  -1.438984447440137
   0.001323277696356
  -0.000165528550270
   0.000658253446642
   0.000000000000000
   0.000397673660174
   0.000000000000000
   0.000530019917957
   0.001903053170584
   0.002994047565290
   0.023106015758285
   0.335102806478987
   0.045405519397627
  -0.000000000000000
  -0.001212842430403
  -0.000569958330320
  -0.000170344706114
   0.009194830668821
   0.006040288149050
   0.004764254607466
   0.004098539974309
   0.005936479502638
   0.003525571601024


logL =

 -61.122783653544978


exitflag =

     0

-----
   0.559127099273059
   0.118664250903917
   2.750703901449493
  -0.007453249077171
  -0.005567037761535
  -0.007056834983092
   0.050194475665712
   1.095439139628981
   0.773966931444204
   0.760293805433076
  -0.228982007341176
  -0.650017903532014
  -1.383814339559430
  -0.125195575560815
   0.418039560435968
   0.059047161645219
  -0.084102975135269
  -0.114042845773693
  -0.118624539409812
   0.629874753759840
   0.407837620239670
  -1.430318141257962
   0.001322503371941
  -0.000165565156978
   0.000658647987395
   0.000000000000000
   0.000398626145413
  -0.000000000000000
   0.000529452503011
   0.001899822770900
   0.002995396864323
   0.023199959621681
   0.331341803165161
   0.045838617120346
  -0.000000000000001
  -0.001193674007244
  -0.000559730335901
  -0.000215468522452
   0.009180252715490
   0.006039950449348
   0.004773734834815
   0.004095295886012
   0.005938040786084
   0.003540216610646


logL =

 -61.122855902829606


exitflag =

     0

-----
   0.557575290474599
   0.118595387978951
   2.744300408891758
  -0.007439556997416
  -0.005522794782390
  -0.007063130851550
   0.050166883294003
   1.094059102075240
   0.775150622253787
   0.764288877081573
  -0.228950460363247
  -0.648016812800320
  -1.378028735767192
  -0.125524774350354
   0.416337285474027
   0.056549284215510
  -0.084542904767704
  -0.113874504542226
  -0.119487316537939
   0.630634197826502
   0.405021533699954
  -1.420785539666318
   0.001323302910213
  -0.000161369629896
   0.000658617214957
   0.000000000000000
   0.000398149675134
  -0.000000000000000
   0.000530460852817
   0.001903916778192
   0.002998160213131
   0.023184259923983
   0.332378691723780
   0.045839377348839
  -0.000000000000000
  -0.001172911334624
  -0.000545362355418
  -0.000216977922971
   0.009189920937100
   0.006034735289497
   0.004764525416424
   0.004100632469351
   0.005932282949442
   0.003527023821042


logL =

 -61.122908020199368


exitflag =

     0

-----
   0.554710547145718
   0.118158641056560
   2.749561831882664
  -0.007448550714629
  -0.005446172902289
  -0.007075301624494
   0.050137539176439
   1.087306359947787
   0.773645861273113
   0.760159913496393
  -0.227794743044237
  -0.642476340728888
  -1.372742930071017
  -0.123603668003159
   0.414730107593807
   0.054080368206541
  -0.085370340962695
  -0.113622872230120
  -0.119109453290326
   0.635421681471952
   0.401394513771782
  -1.425513108565221
   0.001322580895741
  -0.000164462840541
   0.000658577915216
   0.000000000000000
   0.000398144886759
  -0.000000000000000
   0.000530425578138
   0.001903635304424
   0.002989972231755
   0.023209442735374
   0.328075413751029
   0.045332452606988
  -0.000000000000001
  -0.001125617732415
  -0.000535789343507
  -0.000226351534965
   0.009197089916371
   0.006037218986374
   0.004767969559912
   0.004102702358719
   0.005936686181775
   0.003524306743694


logL =

 -61.122950863886523


exitflag =

     0

-----
   0.554736787496922
   0.117941968195753
   2.747200732208274
  -0.007440919892240
  -0.005471619792343
  -0.007059727417616
   0.050101917827520
   1.091018493466623
   0.774313449269425
   0.763980738761345
  -0.227452833323848
  -0.641193560951358
  -1.371920639067583
  -0.123442100167708
   0.412719682841482
   0.054027616794654
  -0.085545385671983
  -0.113383450296244
  -0.118907134776106
   0.636024697029698
   0.400981345297168
  -1.421989258962377
   0.001324043891218
  -0.000161357216936
   0.000658718698944
   0.000000000000000
   0.000398000619191
  -0.000000000000000
   0.000529869258100
   0.001903158966678
   0.002992543823547
   0.023225771285676
   0.329830709781928
   0.045302469052753
  -0.000000000000001
  -0.001118251024807
  -0.000526475685832
  -0.000227855889402
   0.009194978044757
   0.006035638027617
   0.004765804824265
   0.004097494370918
   0.005942912571917
   0.003526220765187


logL =

 -61.122977708591108


exitflag =

     0

-----
   0.557277705199833
   0.117466977487176
   2.736706990748834
  -0.007454175782409
  -0.005525689435629
  -0.007102050246681
   0.049988763545823
   1.094736311497552
   0.773732707545586
   0.761571135616162
  -0.226525768157595
  -0.638935024373180
  -1.379230335438792
  -0.122976904979041
   0.413452767379065
   0.057043311103657
  -0.086023636063976
  -0.113220577073522
  -0.118501639389665
   0.634447827185827
   0.397536305512176
  -1.415008553188017
   0.001323454567920
  -0.000163709016136
   0.000658413070213
  -0.000000000000000
   0.000397737054191
  -0.000000000000000
   0.000530034240518
   0.001904108518424
   0.002991832396639
   0.023249093523459
   0.329481961728072
   0.045196788923816
  -0.000000000000000
  -0.001135605943614
  -0.000502354050587
  -0.000241784999686
   0.009193345377811
   0.006035285852227
   0.004765155723563
   0.004096599455354
   0.005945756684423
   0.003524976329092


logL =

 -61.123006252663352


exitflag =

     0

-----
   0.555743706404709
   0.117259824616068
   2.730157429805311
  -0.007415352006286
  -0.005589207776727
  -0.007070131413606
   0.050086499716326
   1.098087031573256
   0.774296343278033
   0.764516083239108
  -0.225732916498404
  -0.635630642738366
  -1.370068366281215
  -0.120508186075008
   0.411501683866303
   0.057907364866181
  -0.086446086676273
  -0.113238732576187
  -0.118661570689702
   0.633401567306258
   0.396008730832597
  -1.409808056176768
   0.001323767627995
  -0.000160972606397
   0.000658593525384
  -0.000000000000000
   0.000397969177698
  -0.000000000000000
   0.000530046421508
   0.001903282638169
   0.002991702748681
   0.023248200753720
   0.329680555822164
   0.045281242013482
   0.000000000000000
  -0.001144610292780
  -0.000496149650789
  -0.000244571883840
   0.009186004495458
   0.006036561626097
   0.004765006173654
   0.004098865973200
   0.005945983154408
   0.003527492703396


logL =

 -61.123033935798425


exitflag =

     0

-----
   0.555000836089572
   0.116592942998610
   2.726934533795781
  -0.007425081370653
  -0.005559047484700
  -0.007099781753602
   0.049943640796448
   1.094387130209364
   0.773457296080376
   0.760604607975092
  -0.224824536935208
  -0.634230582675893
  -1.371497694174451
  -0.120756820671428
   0.409825602296073
   0.055477178309053
  -0.087078938748917
  -0.112987787965511
  -0.118911351111547
   0.633260729056624
   0.393622372207697
  -1.405006145761919
   0.001324264587597
  -0.000165113734767
   0.000658794213007
  -0.000000000000000
   0.000397813742317
   0.000000000000000
   0.000529767971200
   0.001902700801285
   0.002994373229524
   0.023260722261384
   0.329585353064000
   0.045148912552490
   0.000000000000000
  -0.001139018447298
  -0.000479834797667
  -0.000255079373629
   0.009184163064850
   0.006037535895432
   0.004763569449839
   0.004097466849164
   0.005955787988250
   0.003521530118295


logL =

 -61.123059033670394


exitflag =

     0

-----
   0.554786178566904
   0.115675732574171
   2.714609154702359
  -0.007398694202656
  -0.005668219359558
  -0.007073359076684
   0.050031341921438
   1.100852326787751
   0.773317955948128
   0.764797195496133
  -0.224745596211904
  -0.631283204819401
  -1.375230246046651
  -0.117640856374519
   0.407070187402360
   0.059336720583475
  -0.088083715194103
  -0.112510190371059
  -0.119392143789095
   0.633701378948031
   0.392914555043259
  -1.393495494037701
   0.001324737075498
  -0.000161515260633
   0.000659080026437
  -0.000000000000000
   0.000398224579677
   0.000000000000000
   0.000529657739720
   0.001903106376872
   0.002990214368895
   0.023293864361307
   0.326650546434070
   0.044992644292346
   0.000000000000000
  -0.001122996097719
  -0.000464049184942
  -0.000264363346845
   0.009186154214134
   0.006041717955522
   0.004765436270832
   0.004097176186162
   0.005946555218602
   0.003523723604339


logL =

 -61.123092201068516


exitflag =

     0

-----
   0.554470248941098
   0.115461074978437
   2.714133368410760
  -0.007406072962699
  -0.005628965310422
  -0.007092045222290
   0.050012658907862
   1.098304806401554
   0.772914649991548
   0.761813988780419
  -0.224271694258444
  -0.629600945660121
  -1.373287813962597
  -0.118194983452759
   0.408253408504743
   0.057242967309314
  -0.088188964520891
  -0.112357941135455
  -0.119494728899109
   0.633157383520846
   0.390333443450667
  -1.394801025241619
   0.001323595496283
  -0.000164026365228
   0.000658503702426
  -0.000000000000000
   0.000397814893245
   0.000000000000000
   0.000530075548646
   0.001902764496610
   0.002995189849069
   0.023299946717776
   0.328187672134551
   0.045039048651387
   0.000000000000000
  -0.001128623562425
  -0.000461715101134
  -0.000266644735585
   0.009186070777776
   0.006037460461304
   0.004766822039914
   0.004096780151760
   0.005945561830395
   0.003525612586168


logL =

 -61.123113201979251


exitflag =

     0

-----
   0.553095624810650
   0.115228522016335
   2.709286703599871
  -0.007389470109293
  -0.005664530583941
  -0.007078625243723
   0.050074667051182
   1.100867847803337
   0.773235710257697
   0.765065595591601
  -0.224117444398622
  -0.628506522622530
  -1.372324016990847
  -0.116366017848694
   0.406020917371940
   0.057997955104040
  -0.088473697575477
  -0.112250422843916
  -0.119501889078499
   0.632896793816645
   0.390419624425406
  -1.387866337658754
   0.001324144587938
  -0.000161882275899
   0.000658531760319
  -0.000000000000000
   0.000397804084404
   0.000000000000000
   0.000530061827401
   0.001902573642434
   0.002993100535669
   0.023312266044487
   0.326955349975575
   0.045005372321456
   0.000000000000000
  -0.001122720146349
  -0.000445968643075
  -0.000276077820650
   0.009179328812024
   0.006037891297228
   0.004765737787473
   0.004097871727319
   0.005952526637968
   0.003527814606884


logL =

 -61.123126338370248


exitflag =

     0

-----
   0.553035480085586
   0.115002683944580
   2.707913129171859
  -0.007408408335103
  -0.005642805337860
  -0.007094328356452
   0.049993284750137
   1.099109810981248
   0.772541020718757
   0.762032854188579
  -0.223202150964323
  -0.627183130748919
  -1.371690306528037
  -0.116443748712321
   0.405930870869543
   0.056712165671748
  -0.088708112963902
  -0.112185942466826
  -0.119173855572985
   0.633629434111251
   0.388997154943933
  -1.387990235262059
   0.001323757538151
  -0.000163725393945
   0.000658572721179
  -0.000000000000000
   0.000397862722334
   0.000000000000000
   0.000530129453214
   0.001902890091438
   0.002992438895513
   0.023321795550678
   0.327207321955270
   0.044913484496096
   0.000000000000000
  -0.001121494784627
  -0.000444891367953
  -0.000278620584437
   0.009181615811617
   0.006039571111771
   0.004764252061046
   0.004098168996138
   0.005949740365315
   0.003525337898402


logL =

 -61.123139406079233


exitflag =

     0

-----
   0.550542116830266
   0.115061064241603
   2.702461087046642
  -0.007377593662549
  -0.005685649551955
  -0.007106315355116
   0.049958633277358
   1.100498511899009
   0.773691037604031
   0.763832209362419
  -0.221496556178035
  -0.623915131645593
  -1.368271179752818
  -0.115012391393824
   0.402303845836530
   0.055106301692351
  -0.088846612212688
  -0.112175449604308
  -0.119447646000225
   0.631094590143226
   0.386803591750925
  -1.380691266021168
   0.001323718045637
  -0.000162906366355
   0.000658606087692
  -0.000000000000000
   0.000398023731885
  -0.000000000000000
   0.000530096111716
   0.001903047530022
   0.002992675192343
   0.023313214220441
   0.325882169804704
   0.044748077326980
   0.000000000000000
  -0.001113008124547
  -0.000422992412663
  -0.000281371120923
   0.009189556322335
   0.006035441077459
   0.004767219947551
   0.004098243675269
   0.005953283192323
   0.003525273695319


logL =

 -61.123155073491013


exitflag =

     0

-----
   0.552335076514804
   0.114620742108151
   2.692882955321430
  -0.007393201549176
  -0.005662244724490
  -0.007103449583227
   0.049954548535661
   1.100157485438864
   0.772893855321962
   0.762835354500967
  -0.220956784068863
  -0.621040952718624
  -1.369569837192462
  -0.115152469856941
   0.404138886122391
   0.056356573772849
  -0.089116803564752
  -0.111867081514631
  -0.118640891688401
   0.633703251340557
   0.385626076851738
  -1.373735158686766
   0.001323667444008
  -0.000163414716125
   0.000658568578791
  -0.000000000000000
   0.000397813238909
  -0.000000000000000
   0.000530114237817
   0.001901363023402
   0.002990407608299
   0.023351126304722
   0.326504784646647
   0.044672817930094
   0.000000000000000
  -0.001116061947784
  -0.000419328762337
  -0.000289724373899
   0.009183072670814
   0.006038380504932
   0.004763946825155
   0.004097819852389
   0.005949923467093
   0.003522798960040


logL =

 -61.123173297129206


exitflag =

     0

-----
   0.551499889262610
   0.114277855346144
   2.694803057604510
  -0.007360813717611
  -0.005721955187190
  -0.007098024381377
   0.049958259273058
   1.102462625609596
   0.772830850317413
   0.763763755315185
  -0.220664069251848
  -0.619886139272351
  -1.366100194308191
  -0.113398608782766
   0.402996335644394
   0.057626562329637
  -0.089505684193665
  -0.111732521989631
  -0.119004908994764
   0.632905745309224
   0.385008771848786
  -1.376004766179997
   0.001323872051032
  -0.000163007757699
   0.000658653145166
  -0.000000000000000
   0.000397907873843
  -0.000000000000000
   0.000530095242598
   0.001902157616151
   0.002992584145265
   0.023348288887940
   0.326518684055914
   0.044797008642712
   0.000000000000000
  -0.001115025093693
  -0.000420444430288
  -0.000291434715093
   0.009181190621604
   0.006037049061615
   0.004766538478061
   0.004098822794391
   0.005952599205384
   0.003526661064753


logL =

 -61.123183072037776


exitflag =

     0

-----
   0.552409421437890
   0.114084304627017
   2.688500872418683
  -0.007394455171932
  -0.005682884845658
  -0.007098987365883
   0.049870887888383
   1.102109879564535
   0.772325222585166
   0.763420900940204
  -0.219988792598754
  -0.618486066573919
  -1.363212980403631
  -0.114346687485865
   0.402378243399167
   0.057223159307158
  -0.089911534339344
  -0.111490859623483
  -0.119144358685172
   0.634366435286577
   0.382313158864848
  -1.370010988933151
   0.001323893680624
  -0.000163198654733
   0.000658592289692
   0.000000000000000
   0.000397806472499
  -0.000000000000000
   0.000530195112521
   0.001902358613896
   0.002990572664933
   0.023359832695815
   0.325432675979024
   0.044826627646188
   0.000000000000000
  -0.001100991569126
  -0.000405268278185
  -0.000302882380428
   0.009177684581265
   0.006037907470881
   0.004765489384779
   0.004096290881007
   0.005955847592533
   0.003526175357225


logL =

 -61.123196183817093


exitflag =

     0

-----
   0.551266755015751
   0.113930761249378
   2.690919803290669
  -0.007379805831419
  -0.005732154657316
  -0.007114854873911
   0.049922751075142
   1.105226906621439
   0.772915177905907
   0.763573804012327
  -0.219436614235517
  -0.615464092647428
  -1.366314745160583
  -0.112193603914685
   0.401535988939941
   0.058668478668680
  -0.089896463924467
  -0.111136385141273
  -0.118869252457871
   0.633458387451455
   0.380143111541079
  -1.373031555973306
   0.001323764124395
  -0.000163427097395
   0.000658588201576
   0.000000000000000
   0.000397825534111
  -0.000000000000000
   0.000530104015410
   0.001901861274739
   0.002993326154968
   0.023382938007235
   0.325115054912691
   0.044947103383561
   0.000000000000000
  -0.001100743342585
  -0.000398237705420
  -0.000307449013197
   0.009174791041961
   0.006035636735872
   0.004764552433141
   0.004097439028193
   0.005953245248035
   0.003525272032290


logL =

 -61.123209845848564


exitflag =

     0

-----
   0.550077085797596
   0.113706966930521
   2.685822728607123
  -0.007377968491157
  -0.005707691541221
  -0.007113377545133
   0.049878689263028
   1.103589164048478
   0.773317204800822
   0.763859800605379
  -0.218929713723151
  -0.614557654344078
  -1.363351565489345
  -0.112544455179181
   0.399160692258382
   0.055500486889118
  -0.090138790659569
  -0.111047459062552
  -0.118699831888007
   0.633460784548078
   0.379226603178999
  -1.366952184877869
   0.001323919418275
  -0.000163096876129
   0.000658508750107
   0.000000000000000
   0.000397959561063
  -0.000000000000000
   0.000530068514406
   0.001902033711113
   0.002992084677136
   0.023384102031722
   0.326175145388730
   0.044770090007994
   0.000000000000000
  -0.001096555153827
  -0.000390662850052
  -0.000306875874929
   0.009177617340287
   0.006036754037596
   0.004765007596423
   0.004097147546524
   0.005958066280128
   0.003526663227636


logL =

 -61.123217584943788


exitflag =

     0

-----
   0.548834281854921
   0.113550639961974
   2.684333180183300
  -0.007375365627125
  -0.005759504503671
  -0.007107170574492
   0.049870723232477
   1.106751350600590
   0.772897033511753
   0.764317190431091
  -0.218332010444950
  -0.613092819596113
  -1.360713114686589
  -0.109785149752083
   0.397847392349175
   0.056951971804583
  -0.090397763464624
  -0.110934591453332
  -0.118043718639704
   0.634136917286969
   0.378328051706068
  -1.366625000614460
   0.001323738367922
  -0.000162848539528
   0.000658692626561
   0.000000000000000
   0.000397943559269
  -0.000000000000000
   0.000530158358823
   0.001901068151179
   0.002993233484955
   0.023393719751221
   0.324318424772737
   0.044680281517658
   0.000000000000000
  -0.001096587616971
  -0.000374772599849
  -0.000317571478716
   0.009175564416997
   0.006036974000936
   0.004768046077301
   0.004095274060153
   0.005957225914802
   0.003521099389178


logL =

 -61.123227765139347


exitflag =

     0

-----
   0.548562293724753
   0.113344649975472
   2.682431244583047
  -0.007400714381634
  -0.005733168688943
  -0.007102352507607
   0.049838533925600
   1.106420054139090
   0.772256677896503
   0.764301297431053
  -0.217692992435252
  -0.612561524089194
  -1.360788538687892
  -0.110539328455282
   0.396869456694730
   0.055423958707370
  -0.090709792409445
  -0.110932675124151
  -0.118422343374256
   0.633830897539792
   0.377336956054505
  -1.362735665689619
   0.001323791031286
  -0.000162758160717
   0.000658585426060
   0.000000000000000
   0.000397936713186
  -0.000000000000000
   0.000530034474199
   0.001902602743214
   0.002990724145237
   0.023405629754046
   0.324901682392600
   0.044603868580292
   0.000000000000000
  -0.001087452519214
  -0.000364813065413
  -0.000322422155295
   0.009177894637415
   0.006037953085156
   0.004766287950776
   0.004097264255247
   0.005961177920444
   0.003525103817844


logL =

 -61.123235618639313


exitflag =

     0

-----
   0.548213347013932
   0.113173229664156
   2.677502976141885
  -0.007375372740097
  -0.005767646459766
  -0.007104190221148
   0.049845611390382
   1.108147409237176
   0.772808090474539
   0.765013931349144
  -0.216853086215917
  -0.609981697108248
  -1.357343965642411
  -0.108667241078611
   0.396544651682818
   0.057023941758664
  -0.090814409614639
  -0.110742037231267
  -0.117863415768536
   0.634503183653326
   0.376831292074225
  -1.359976834779358
   0.001323926052981
  -0.000162304379223
   0.000658770270787
   0.000000000000000
   0.000397980561614
  -0.000000000000000
   0.000530040886236
   0.001900953351047
   0.002991076473770
   0.023408882189742
   0.324558838703114
   0.044595090766439
   0.000000000000000
  -0.001097466291020
  -0.000361256529701
  -0.000324047809795
   0.009174684744636
   0.006037190098555
   0.004766561162731
   0.004097113217611
   0.005957522358930
   0.003525154332732


logL =

 -61.123242831446767


exitflag =

     0

-----
   0.547635886287239
   0.112906202465479
   2.676618240148181
  -0.007378245505289
  -0.005743985127508
  -0.007121548735661
   0.049809140670344
   1.105302974573481
   0.772416249353425
   0.763402435158713
  -0.216236430017167
  -0.608933864813341
  -1.361107544017592
  -0.109587737722245
   0.395278845532952
   0.054606205849965
  -0.091092579152799
  -0.110687054810866
  -0.118241923201742
   0.633755994262721
   0.376034154833911
  -1.356967526318367
   0.001323859953148
  -0.000163846126817
   0.000658482071123
   0.000000000000000
   0.000397871371378
  -0.000000000000000
   0.000530139671120
   0.001902651855171
   0.002991120524532
   0.023428636501596
   0.323715267040793
   0.044496296925764
   0.000000000000000
  -0.001076247453537
  -0.000355280797176
  -0.000331253816681
   0.009176475042950
   0.006037621599996
   0.004765315188247
   0.004097848889886
   0.005961944309789
   0.003526420406319


logL =

 -61.123249852508636


exitflag =

     0

-----
   0.547006335464863
   0.112725543678020
   2.673734483615096
  -0.007365264867291
  -0.005771328516281
  -0.007108045934565
   0.049817862422989
   1.107035179321963
   0.772646527382351
   0.765268026141261
  -0.215625497797545
  -0.607195398253611
  -1.356615719601373
  -0.108729100088927
   0.393950545194782
   0.054335275651453
  -0.091364784235044
  -0.110646224344805
  -0.118208766949509
   0.633017969998082
   0.374723644076163
  -1.354794540121655
   0.001323844981090
  -0.000162089787707
   0.000658857395651
   0.000000000000000
   0.000398047880600
  -0.000000000000000
   0.000530051681376
   0.001902271905567
   0.002992516805848
   0.023430159155335
   0.323784152285401
   0.044565325382706
   0.000000000000000
  -0.001076054121729
  -0.000351653117192
  -0.000335950101209
   0.009174267995139
   0.006035273429932
   0.004765144295343
   0.004098901492981
   0.005964382918396
   0.003525684325740


logL =

 -61.123255697646549


exitflag =

     0

-----
   0.547686528720554
   0.112666374730204
   2.674263591432769
  -0.007369040014570
  -0.005772709351982
  -0.007118217031078
   0.049793462973685
   1.106876579416309
   0.772253664920484
   0.763950827580024
  -0.215331111741412
  -0.606764731833517
  -1.358998900629672
  -0.108541312415566
   0.395024878522325
   0.055743673342538
  -0.091449189623779
  -0.110655069347282
  -0.118249343248770
   0.633559965099104
   0.374942883689238
  -1.355599448240769
   0.001323796354096
  -0.000163439708590
   0.000658606173702
   0.000000000000000
   0.000397910796175
  -0.000000000000000
   0.000530010056527
   0.001902025220720
   0.002991591491946
   0.023439989156635
   0.323146451091334
   0.044615685300227
   0.000000000000000
  -0.001080130719371
  -0.000350942364000
  -0.000339211757053
   0.009173031934765
   0.006037575794539
   0.004765410853483
   0.004097487141756
   0.005962015698534
   0.003525139020248


logL =

 -61.123259454321122


exitflag =

     0

-----
   0.546089918448721
   0.112430675887162
   2.668484573570051
  -0.007359115005295
  -0.005787989011211
  -0.007103513911253
   0.049777272091433
   1.107395434041303
   0.772021544317495
   0.764521076094466
  -0.214405129241796
  -0.604801680067410
  -1.352930668367342
  -0.107260855194792
   0.393780493398776
   0.054876361650476
  -0.091724988795668
  -0.110506389795527
  -0.118386379870651
   0.633349113937847
   0.373519577088580
  -1.349886086309174
   0.001323958965676
  -0.000162771558983
   0.000658767339768
   0.000000000000000
   0.000397980239342
  -0.000000000000000
   0.000530043588489
   0.001901993485199
   0.002990455932152
   0.023441438020450
   0.323299565572151
   0.044628139940859
   0.000000000000000
  -0.001078847629353
  -0.000341271059604
  -0.000344158357268
   0.009171713546510
   0.006036454232469
   0.004766858595070
   0.004097212388263
   0.005962733776318
   0.003525455037069


logL =

 -61.123264941912787


exitflag =

     0

-----
   0.547002327027471
   0.112293666363803
   2.668932623416213
  -0.007370577112062
  -0.005796426698050
  -0.007108238966213
   0.049767864900133
   1.108351350244662
   0.771782911510614
   0.764115483931008
  -0.214214368638703
  -0.604640889433928
  -1.356341729092468
  -0.107388747659417
   0.393907254967559
   0.055750244579393
  -0.091856899579773
  -0.110466929162590
  -0.118211038136311
   0.633740110536386
   0.373802397177492
  -1.351067769895559
   0.001323846729211
  -0.000163283999327
   0.000658624825053
   0.000000000000000
   0.000397927005876
  -0.000000000000000
   0.000530010293626
   0.001902113097126
   0.002992304481670
   0.023458385601340
   0.323315298532561
   0.044668729346874
   0.000000000000000
  -0.001082364687305
  -0.000341304079516
  -0.000346765706706
   0.009169496491045
   0.006038002060612
   0.004765766626344
   0.004097179691101
   0.005962852834295
   0.003525456966601


logL =

 -61.123268647453827


exitflag =

     0

-----
   0.546177674176847
   0.112284542927396
   2.667159236383015
  -0.007363212358616
  -0.005795755764967
  -0.007115055440470
   0.049775746059813
   1.108223804839455
   0.772171054949893
   0.764565660596191
  -0.213917505995173
  -0.604088520569276
  -1.355042942623637
  -0.106842390567380
   0.393384458843468
   0.055530182184209
  -0.091854142559591
  -0.110441954362325
  -0.118304708779113
   0.633270582077780
   0.373569635380397
  -1.348539154007799
   0.001323990258989
  -0.000162984543350
   0.000658606278573
   0.000000000000000
   0.000397943219400
  -0.000000000000000
   0.000530063016105
   0.001901532722166
   0.002992298320104
   0.023453194543893
   0.322870073271155
   0.044617813198950
   0.000000000000000
  -0.001079423615332
  -0.000336295827375
  -0.000347825834996
   0.009174817272356
   0.006037574656865
   0.004765835249770
   0.004097761924253
   0.005961628885363
   0.003526024602186


logL =

 -61.123270289178350


exitflag =

     0

-----
   0.546289396681626
   0.112144141281057
   2.666147226224060
  -0.007371039762902
  -0.005798287791291
  -0.007113114574105
   0.049762113635010
   1.108709635238640
   0.771818003590696
   0.764675520992119
  -0.213642600758516
  -0.603736017636861
  -1.354971114093816
  -0.106824392036522
   0.392841417477835
   0.054934861075919
  -0.091992717726187
  -0.110448670675297
  -0.117929019761481
   0.633285022570665
   0.373215278135882
  -1.347922079655866
   0.001323791782955
  -0.000162917210947
   0.000658591311136
  -0.000000000000000
   0.000397846482465
  -0.000000000000000
   0.000530088990202
   0.001902185745710
   0.002991594817390
   0.023465725473004
   0.323117620673579
   0.044648851002324
   0.000000000000001
  -0.001081678267780
  -0.000334512251047
  -0.000353447790053
   0.009172439700377
   0.006037959289603
   0.004765132997249
   0.004096800681391
   0.005963146936847
   0.003525057214045


logL =

 -61.123272561653081


exitflag =

     0

-----
   0.545607697980860
   0.112160575430331
   2.663774065355025
  -0.007361457135186
  -0.005820317105601
  -0.007113622548035
   0.049744857187876
   1.109524452757236
   0.771903041581287
   0.764427378908934
  -0.213315331513415
  -0.603153053889022
  -1.353738926824357
  -0.105889043195884
   0.392332465313968
   0.055509464834079
  -0.092121181068633
  -0.110470643872150
  -0.118183545980193
   0.632726511601896
   0.372654340064138
  -1.345489830700350
   0.001323808593661
  -0.000163278315525
   0.000658623268127
  -0.000000000000000
   0.000397945232736
  -0.000000000000000
   0.000530052433032
   0.001901871111811
   0.002992330137673
   0.023464313404805
   0.322500828191917
   0.044707628880011
   0.000000000000001
  -0.001079409249559
  -0.000328620414180
  -0.000356869273183
   0.009172493885595
   0.006038295948936
   0.004766016160650
   0.004097738111203
   0.005964967490642
   0.003525841726292


logL =

 -61.123274842574027


exitflag =

     0

-----
   0.546496900187141
   0.112036479092621
   2.664628584899827
  -0.007364201985413
  -0.005825635587636
  -0.007113246509548
   0.049759893081305
   1.109852257189098
   0.771833208188805
   0.764452772350989
  -0.213145732505847
  -0.602957569882740
  -1.355276199445429
  -0.106454516632538
   0.392647446900170
   0.055866393863404
  -0.092153130237777
  -0.110441965841334
  -0.118192636154716
   0.632280902259114
   0.372843084610127
  -1.346682985330499
   0.001323875872749
  -0.000163286496802
   0.000658592372568
  -0.000000000000000
   0.000397954671804
  -0.000000000000000
   0.000530073451974
   0.001902147090113
   0.002991248827741
   0.023472773387308
   0.322397500610598
   0.044767793233939
   0.000000000000001
  -0.001081627894340
  -0.000330955064678
  -0.000359179197209
   0.009171803876356
   0.006038296464316
   0.004765816803335
   0.004097199081391
   0.005963196437892
   0.003525416012475


logL =

 -61.123276374284394


exitflag =

     0

-----
   0.545409702386567
   0.111950175472157
   2.662651508079364
  -0.007353087132919
  -0.005824257590377
  -0.007114302508612
   0.049756795459917
   1.109168916018875
   0.771829122322697
   0.764750648175060
  -0.212848136294639
  -0.601931107554812
  -1.354530136643656
  -0.105927294130326
   0.392104465065962
   0.055030903897266
  -0.092261643247550
  -0.110401923205304
  -0.118353315580245
   0.632274427823872
   0.372466450087368
  -1.344138681016318
   0.001323701021687
  -0.000163061595864
   0.000658618249184
  -0.000000000000000
   0.000397920913325
  -0.000000000000000
   0.000530032788745
   0.001902104096124
   0.002992285846498
   0.023475976902532
   0.322794897697184
   0.044715997858084
   0.000000000000001
  -0.001078035679356
  -0.000328598140010
  -0.000358285235022
   0.009172091172169
   0.006037509476453
   0.004765886940826
   0.004097175433091
   0.005963283388232
   0.003526355840103


logL =

 -61.123278187383256


exitflag =

     0

-----
   0.546032185565864
   0.111847499116770
   2.665253004578426
  -0.007360112087645
  -0.005825915272830
  -0.007113762863494
   0.049758907077961
   1.109454305195079
   0.771670732354903
   0.764676447103959
  -0.212692593331685
  -0.601910512340670
  -1.356430279775498
  -0.106409706945444
   0.392107520248238
   0.055156070110025
  -0.092314511049670
  -0.110387107738694
  -0.118313839010882
   0.632154160001243
   0.372733750437187
  -1.346607927866460
   0.001323769720228
  -0.000163087133033
   0.000658555070724
  -0.000000000000000
   0.000397908266676
  -0.000000000000000
   0.000530076014904
   0.001902430781894
   0.002991423502163
   0.023486582143136
   0.322419719271617
   0.044753751393403
   0.000000000000001
  -0.001079676754451
  -0.000327245000454
  -0.000362284484246
   0.009170932926402
   0.006038584718569
   0.004766170701515
   0.004097013057772
   0.005963980501026
   0.003526356790880


logL =

 -61.123279733552685


exitflag =

     0

-----
   0.545312323230860
   0.111703608217715
   2.663473743226872
  -0.007343587162069
  -0.005828115517598
  -0.007116795982765
   0.049722069499269
   1.108133323979077
   0.771626571891364
   0.764155320312260
  -0.212138742109329
  -0.600580349070580
  -1.354307970826955
  -0.106051315279005
   0.391384572216433
   0.054227495247831
  -0.092518137954099
  -0.110354404215763
  -0.118413279990573
   0.632216246142467
   0.372132829083249
  -1.345085987466479
   0.001324016785298
  -0.000163604957885
   0.000658542345036
  -0.000000000000000
   0.000397910722515
   0.000000000000000
   0.000530079786044
   0.001901804681153
   0.002991711179822
   0.023486187449355
   0.322735642180539
   0.044723960481432
   0.000000000000003
  -0.001082901817134
  -0.000322888181469
  -0.000362843340106
   0.009175949215524
   0.006038351544633
   0.004765809541990
   0.004097082640400
   0.005966870861318
   0.003526467261136


logL =

 -61.123282218816286


exitflag =

     0

-----
