   0.879827174869795
   0.136676781421871
   1.447294240878790
  -0.006935343022228
  -0.045186863363826
  -0.009686920348521
   0.047345903856018
   3.772343300716693
   0.895183130460821
   0.739790198129056
   0.307279490317847
  -0.408537703642677
  -1.233195040745562
  -0.694010465657616
   2.113043355724217
   3.178832667409866
   0.030392958476213
  -0.143960242446123
  -0.350526171296919
  -0.066405899989179
   0.570349172643620
   0.128095773976990
   0.001323657015903
   0.000183208888583
   0.000657008625219
   0.000000000000000
   0.000397218112930
  -0.000000000000001
   0.000529298428788
   0.001886479136480
   0.002944078095088
   0.026807560337462
  -0.098763320389107
   0.118172707006635
  -0.229943686982747
  -0.000657406648920
  -0.000055579646865
  -0.000615032637428
   0.009139346059945
   0.005986509410064
   0.004702858981277
   0.004114711779935
   0.005000000000000
   0.005000000000000


logL =

 -61.052164405424328

   0.879827174869795
   0.136676781421871
   1.447294240878790
  -0.006935343022228
  -0.045186863363826
  -0.009686920348521
   0.047345903856018
   3.772343300716693
   0.895183130460821
   0.739790198129056
   0.307279490317847
  -0.408537703642677
  -1.233195040745562
  -0.694010465657616
   2.113043355724217
   3.178832667409866
   0.030392958476213
  -0.143960242446123
  -0.350526171296919
  -0.066405899989179
   0.570349172643620
   0.128095773976990
   0.001323657015903
   0.000183208888583
   0.000657008625219
   0.000000000000000
   0.000397218112930
  -0.000000000000001
   0.000529298428788
   0.001886479136480
   0.002944078095088
   0.026807560337462
  -0.098763320389107
   0.118172707006635
  -0.229943686982747
  -0.000657406648920
  -0.000055579646865
  -0.000615032637428
   0.009139346059945
   0.005986509410064
   0.004702858981277
   0.004114711779935
   0.005000000000000
   0.005000000000000


logL =

 -61.052164405424328

   0.880353591393991
   0.133764836020029
   1.450137547769808
  -0.006880443984685
  -0.045035380952096
  -0.009605922608051
   0.047405853137854
   3.757968348134162
   0.889581854992463
   0.740820226671919
   0.309894599118890
  -0.409548912265675
  -1.238280756688968
  -0.694506654654307
   2.108428932538303
   3.191959114372181
   0.030483689985843
  -0.144451188653683
  -0.356627066872892
  -0.065970470375274
   0.572326712672249
   0.129231459305088
   0.001324116045669
   0.000181491010862
   0.000657640468533
   0.000000000000000
   0.000397702432881
  -0.000000000000001
   0.000528956856212
   0.001884988427745
   0.002942090985936
   0.025676566379931
  -0.095654509698008
   0.130166169595854
  -0.172833877321288
  -0.000595270531203
  -0.000064168102881
  -0.000686015062922
   0.009099204211010
   0.006069868689429
   0.004770882980826
   0.004092602888224
   0.006706173694415
   0.003851392536690


logL =

 -61.099637261417193

   0.880353591393991
   0.133764836020029
   1.450137547769808
  -0.006880443984685
  -0.045035380952096
  -0.009605922608051
   0.047405853137854
   3.757968348134162
   0.889581854992463
   0.740820226671919
   0.309894599118890
  -0.409548912265675
  -1.238280756688968
  -0.694506654654307
   2.108428932538303
   3.191959114372181
   0.030483689985843
  -0.144451188653683
  -0.356627066872892
  -0.065970470375274
   0.572326712672249
   0.129231459305088
   0.001324116045669
   0.000181491010862
   0.000657640468533
   0.000000000000000
   0.000397702432881
  -0.000000000000001
   0.000528956856212
   0.001884988427745
   0.002942090985936
   0.025676566379931
  -0.095654509698008
   0.130166169595854
  -0.172833877321288
  -0.000595270531203
  -0.000064168102881
  -0.000686015062922
   0.009099204211010
   0.006069868689429
   0.004770882980826
   0.004092602888224
   0.006706173694415
   0.003851392536690


logL =

 -61.099637261417193

