   1.0e+03 *

   0.000881233701294
   0.000139588563150
   0.001456494175456
  -0.000007022055958
  -0.000046660398443
  -0.000009925861726
   0.000041393842351
   0.003803995461262
   0.000898462700229
   0.000721685702785
   0.049241465300906
   0.000370488650470
  -0.000415878690420
  -0.001243182206889
  -0.000783847413818
   0.002332537723103
   0.003349507725877
   0.000051205590681
  -0.000155552314291
  -0.000458326479222
  -0.000101055849145
   0.000620694027835
   0.000205340916901
   0.000001322763934
   0.000000191423349
   0.000000655758562
  -0.000000000000155
   0.000000400700900
  -0.000000000000000
   0.000000527842383
   0.000001884660556
   0.000002942120051
  -0.000086935832022
   0.001315668581180
   0.000359676862518
   0.000128862736106
   1.042395619175034
   0.000000002556464
  -0.000000523389581
  -0.000000955976520
   0.000140704586324
   0.000001004790067
   0.000000123174400
  -0.054091058412671
   0.080861435406787
   0.000553360370655
   0.000000904116535
  -0.000000000000173
   0.000000703306832
   0.000400000000000


logL =

 -63.691346809889701

   1.0e+03 *

   0.000882506526132
   0.000138096601427
   0.001462950504427
  -0.000007202146888
  -0.000047181158272
  -0.000010857260020
   0.000040749289558
   0.003857098434397
   0.000957662984613
   0.000724902978725
   0.047248692754738
   0.000367614826070
  -0.000408007114114
  -0.001254054165063
  -0.000783347322133
   0.002327482785252
   0.003336321348438
   0.000050937132907
  -0.000153635180556
  -0.000460712814592
  -0.000100849187181
   0.000622656850413
   0.000208079734049
   0.000001356106166
   0.000000193338630
   0.000000657553338
  -0.000000000000165
   0.000000402142398
  -0.000000000000000
   0.000000522496980
   0.000001857367908
   0.000002774078646
  -0.000087145473899
   0.001052848075697
   0.000256216293363
   0.000144839132894
   1.047403631809690
   0.000000002707069
  -0.000000515928561
  -0.000001162720179
   0.000149010352835
   0.000001099252316
   0.000000123247740
  -0.053826385871404
   0.081333211377647
   0.000556622264117
   0.000000954101710
  -0.000000000000131
   0.000000803353341
   0.000368226357274


logL =

 -63.799179273291593


exitflag =

     0

-----
