   0.860400000000000
   0.131600000000000
   1.452800000000000
  -0.007358000000000
  -0.044381000000000
  -0.009482000000000
   0.047200000000000
   3.648900000000000
   0.877400000000000
   0.717600000000000
   0.320800000000000
  -0.427000000000000
  -1.243900000000000
  -0.694700000000000
   2.126100000000000
   3.077200000000000
   0.032900000000000
  -0.146800000000000
  -0.363000000000000
  -0.078800000000000
   0.598300000000000
   0.152400000000000
   0.001314000000000
   0.000187000000000
   0.000654000000000
                   0
   0.000395000000000
                   0
   0.000531000000000
   0.001900000000000
   0.002979000000000
   0.026900000000000
  -0.020900000000000
   0.107200000000000
  -0.221400000000000
  -0.000712000000000
  -0.000038000000000
  -0.000601000000000
   0.009136000000000
   0.006006000000000
   0.004707000000000
   0.004112000000000
   0.006000000000000
   0.003500000000000
   0.006006000000000
   0.004707000000000
   0.004112000000000
   0.221100000000000
   0.004200000000000
  -0.362100000000000
  -0.198700000000000
   0.167100000000000
   0.965000000000000
   0.127800000000000
  -0.086700000000000


logL =

 -63.874689600328487

   0.856292019016329
   0.227990580295842
   1.486345805155130
  -0.003969074321039
  -0.056055930776393
  -0.009607553066657
   0.044970206545214
   4.115479136479834
   0.872669131008846
   0.742603973469395
   0.296731645728894
  -0.389664784530954
  -1.221946651003430
  -0.676532567509318
   2.466866218877259
   2.818776422350103
   0.036135567888761
  -0.132078828862694
  -0.342946412531663
  -0.065124451374387
   0.588463792149267
   0.198565535960790
   0.001154489313154
   0.000221910116417
   0.000888008873249
  -0.000124572235741
   0.000558214073104
   0.000216186247930
   0.000877379971514
   0.001627135075412
   0.005417250572816
   0.029117529472946
  -0.024615955858383
   0.078729211244991
  -0.143918943292765
  -0.000840320489420
  -0.000054224212353
  -0.001055617612478
   0.009513703225011
   0.000324060098431
   0.001404890064083
   0.003693875569767
   0.006525698643727
   0.004231488880898
   0.007357247568161
   0.003441616856244
   0.003777603945809
   0.144278918424557
   0.001759184865151
  -0.526338484562160
  -0.248383948070101
   0.063970838289968
   0.964038016942186
   0.158320434870325
   0.028938127273444


logL =

 -69.835542375927361


exitflag =

     0

-----
   0.933627239068357
   0.217773226003190
   1.460528541435344
  -0.003473360073459
  -0.054103722612097
  -0.009787918011602
   0.044500613472083
   3.403390331382478
   0.830791607131824
   0.621988295314353
   0.363459943060453
  -0.319421655067096
  -1.353593665932177
  -0.703755058881022
   2.662549097405403
   2.860534060332912
   0.036870089546191
  -0.158248072139197
  -0.341144252367222
  -0.072666509581934
   0.542094846528555
   0.181251054366463
   0.001355285393415
   0.000282892649565
   0.000617210317875
  -0.000096336213704
   0.000506543981408
   0.000120291224791
   0.000736697149719
   0.002033821726141
   0.003226047767242
   0.030392494249954
  -0.031870971984559
   0.078532013752381
  -0.142342818972411
  -0.000983271024655
  -0.000078474078850
  -0.001103152995320
   0.010047406128884
   0.000585466437532
   0.000118430947814
   0.000767150669213
   0.012808852671821
   0.006227712393979
   0.005866941464036
   0.003791607717000
   0.002985593062484
   0.146226590466903
   0.001154320453202
  -0.549727468880173
  -0.191871829393058
   0.054250802350376
   1.209320443948177
   0.075914885038962
   0.040946181713796


logL =

 -71.239274408245578


exitflag =

     0

-----
   0.935309170553163
   0.218980485026441
   1.448266899659714
  -0.003704151618136
  -0.054186910969972
  -0.010113170347337
   0.044235358923290
   3.677378534743847
   0.911326463345006
   0.677796212935040
   0.383419392642984
  -0.392977725755047
  -1.277168755262819
  -0.709808099942024
   2.455627761653103
   2.861828606377442
   0.037718761650480
  -0.185680031536207
  -0.339148484603512
  -0.074904576196820
   0.566487821736006
   0.162579310605754
   0.001276066934613
   0.000203245574968
   0.000643208661981
  -0.000046232143505
   0.000514777544132
   0.000055765743742
   0.000757834823468
   0.002016651509871
   0.003354096751076
   0.029932129047737
  -0.039011651800277
   0.078836074293983
  -0.137801409415557
  -0.001024893705592
  -0.000114423553152
  -0.001114716152325
   0.008793908156225
   0.000857348870094
  -0.000034065164687
   0.000732342558869
   0.009464483982495
   0.004571142391725
   0.005095201263730
   0.003891645439362
   0.002861905348645
   0.106765168076179
   0.001184316730636
  -0.548994725457342
  -0.278724590113655
   0.065389996213761
   0.969772047702840
   0.094505723413300
   0.038723526976159


logL =

 -71.468857610206413


exitflag =

     0

-----
   0.923252507115372
   0.200560255126430
   1.424266264243086
  -0.004093425990490
  -0.053367291603607
  -0.010031024880449
   0.046165286957823
   4.145051197676333
   0.929140564318959
   0.762151350580244
   0.406133966254607
  -0.429297907419416
  -1.296117473005197
  -0.710173935592500
   2.303259558799195
   2.891591438992094
   0.037319000801090
  -0.187085786628756
  -0.334716290968023
  -0.082392906785887
   0.541806351455801
   0.140300270921012
   0.001312901938919
   0.000123180965454
   0.000654753598696
   0.000010580874426
   0.000500456559001
  -0.000006017870276
   0.000747520528504
   0.001916574776661
   0.003245539444575
   0.029895852576948
  -0.046748418184419
   0.076756385265516
  -0.124054344352908
  -0.001011031666391
  -0.000254722914199
  -0.001081418206770
   0.009392842869345
   0.000839247200252
  -0.000031172110975
   0.000741180355516
   0.009564567740290
   0.004407555145265
   0.004922703397185
   0.003547448982890
   0.002831585450452
   0.165553283521395
   0.003138100791286
  -0.337489951764835
  -0.274571377872927
   0.079685201460415
   1.096604314962306
   0.122110308905843
  -0.008361392191654


logL =

 -71.538093081451279


exitflag =

     0

-----
   0.916741099940733
   0.186954810941296
   1.403960331798034
  -0.004534179550542
  -0.052925198352356
  -0.010184380035682
   0.044993799292039
   4.082093525773660
   0.956083419811290
   0.743656208784762
   0.400609509964250
  -0.444092670956349
  -1.272047995959137
  -0.718184025693024
   2.240004120624028
   2.863275674683786
   0.036552417719889
  -0.182888841536385
  -0.333686626138346
  -0.084346442784303
   0.542326466837613
   0.137837044831376
   0.001295722383625
   0.000121900839257
   0.000656937096630
  -0.000000072394800
   0.000489819975459
  -0.000007129839675
   0.000748546767892
   0.001821961204427
   0.003205032234906
   0.029647653248874
  -0.066248702711986
   0.076487789793734
  -0.123198011821229
  -0.001019719511889
  -0.000367939923374
  -0.001115880307250
   0.008949591960573
   0.000883221906457
  -0.000024153889692
   0.000725603306520
   0.009730993629824
   0.004189736144516
   0.004967049716035
   0.003596350759828
   0.002811777292906
   0.159035429879454
   0.002888433774909
  -0.444783833799903
  -0.324610283673126
   0.076059704501181
   0.974576642115613
   0.125559736864249
  -0.009670787323631


logL =

 -71.567350747656221


exitflag =

     0

-----
   0.914582937018067
   0.184854131824923
   1.410017118613624
  -0.004393717049350
  -0.051769271479121
  -0.010281283456180
   0.045287190305260
   3.889595212293218
   0.899244161850246
   0.721058830321891
   0.386151539765458
  -0.428895080451908
  -1.373620897286526
  -0.721816712265647
   2.264095756786074
   2.799273393466740
   0.035897920760586
  -0.169397504511329
  -0.329296759136353
  -0.082593252286737
   0.534430732905779
   0.131282947898228
   0.001271379957753
   0.000172675395360
   0.000660714133458
  -0.000000083453952
   0.000486036765836
  -0.000003488055433
   0.000742688650204
   0.001862003948226
   0.003131996337271
   0.029644307617930
  -0.081534822526895
   0.075854366988993
  -0.120973660766919
  -0.001023574758194
  -0.000471390724057
  -0.001159004221245
   0.009221397605056
   0.000842882580153
  -0.000001780514957
   0.000730156541069
   0.008653504774155
   0.003975127042371
   0.005082865255618
   0.003709062885891
   0.002807073792351
   0.162021950396176
   0.003664122892278
  -0.447450892109424
  -0.300356974771677
   0.070432408274981
   0.987993406583196
   0.132293194270227
  -0.013733398432811


logL =

 -71.592099609935204


exitflag =

     0

-----
   0.923504939981864
   0.181130914860047
   1.409121334842430
  -0.004238501256414
  -0.051399735890422
  -0.010473310261031
   0.045285529650241
   3.766191875399938
   0.907811755479766
   0.708095326410506
   0.394781644556807
  -0.439964284619971
  -1.341670917463287
  -0.725395266834377
   2.216380185575725
   2.793471333453351
   0.035797153159863
  -0.172202888566687
  -0.328323648913806
  -0.082034227797906
   0.543160588590499
   0.134485659528022
   0.001289855108492
   0.000168636598626
   0.000653398615793
  -0.000000031953913
   0.000502585073657
  -0.000004653647097
   0.000740321920368
   0.001919508383665
   0.003172499037566
   0.029477581460305
  -0.089064847829754
   0.075282253014645
  -0.120188041712477
  -0.001033195803058
  -0.000498616378336
  -0.001183842391381
   0.009406324108552
   0.000854453646903
  -0.000001608378388
   0.000741019552932
   0.008479019640500
   0.003930606508477
   0.005164488801627
   0.003774605268684
   0.002883376048481
   0.157910716169524
   0.003468477018254
  -0.656003367131769
  -0.304588565433403
   0.041676712807205
   0.953616221406096
   0.139785380810347
  -0.012449154953831


logL =

 -71.606268664455342


exitflag =

     0

-----
   0.936050201261441
   0.177066787902173
   1.415115487636405
  -0.004228754829970
  -0.051572047977593
  -0.010939053087348
   0.045551324190727
   3.795220500338030
   0.904565243822861
   0.711303877940288
   0.377743412501908
  -0.453164754119860
  -1.359756045512466
  -0.723833361079004
   2.236143982851765
   2.780617361192188
   0.036176311222670
  -0.164540436901195
  -0.322705330363076
  -0.082438253659256
   0.541087400095420
   0.137289163801144
   0.001294558452071
   0.000163990412706
   0.000650631191024
  -0.000000013684211
   0.000497536056732
   0.000001051470470
   0.000750851071062
   0.001833181028472
   0.003128366226208
   0.029192448872340
  -0.093914180947269
   0.073366366157366
  -0.118098927942193
  -0.001166856828792
  -0.000590994759325
  -0.001217250621224
   0.008930634070147
   0.000863117023206
  -0.000002637287388
   0.000719834337381
   0.008098841747980
   0.003946541456558
   0.005067486357937
   0.003734656917651
   0.002853086180844
   0.159712766205906
   0.004876955534150
  -0.892191740463345
  -0.272961998983745
  -0.039533741552877
   1.005968909668097
   0.148039619198168
  -0.010116223173746


logL =

 -71.621707448911735


exitflag =

     0

-----
   0.923299609492357
   0.176599508588831
   1.410020130933656
  -0.004101019753259
  -0.051115938383073
  -0.010774170160617
   0.046881502599540
   3.748357414015611
   0.914752465453206
   0.714566731928170
   0.365521145253806
  -0.448329468290055
  -1.393580893820592
  -0.731705636455852
   2.243443411468995
   2.779435213655963
   0.036278127844546
  -0.159419117587642
  -0.322410037125517
  -0.083355366186580
   0.540348456643031
   0.136490790987165
   0.001295135808321
   0.000144478636064
   0.000656861942122
  -0.000000001776751
   0.000495921729234
   0.000001604701821
   0.000743950858257
   0.001852624606165
   0.003099373709456
   0.029113392095277
  -0.108136691179225
   0.072396790484045
  -0.116519572679977
  -0.001159560899643
  -0.000646861498051
  -0.001227120734850
   0.009230906816674
   0.000861323469185
  -0.000002142719613
   0.000725652925307
   0.007759071335230
   0.003684765233332
   0.005043745792195
   0.003672116009599
   0.002803366121502
   0.147933184026790
   0.005255633530376
  -1.060000631581682
  -0.306185833192097
  -0.076781477019426
   1.006396334334098
   0.141360965526932
  -0.003321650772008


logL =

 -71.633653287691089


exitflag =

     0

-----
   0.935177370499620
   0.177029601926478
   1.409417802121716
  -0.004048752583814
  -0.050831260590638
  -0.010662895355739
   0.045407223566007
   3.703278170005204
   0.907400405033212
   0.707335185348085
   0.369346270807417
  -0.468301147558951
  -1.361685590429571
  -0.731827498225237
   2.221051352938726
   2.776061025728525
   0.036268132609483
  -0.164694416193432
  -0.321975237551062
  -0.083045525365491
   0.545689620669483
   0.138474887005599
   0.001283640201055
   0.000153777103016
   0.000665482680521
  -0.000000003983059
   0.000494072920352
   0.000001256540956
   0.000748178674235
   0.001885181779720
   0.003064152899947
   0.028921409621923
  -0.116697451778769
   0.071970703813251
  -0.114032467638851
  -0.001146988211751
  -0.000683564769045
  -0.001253040815837
   0.009248932876612
   0.000869717787064
  -0.000001770187538
   0.000732698773872
   0.007487170037892
   0.003594741538557
   0.005116208657780
   0.003728206230874
   0.002863183699985
   0.142857488250607
   0.006309143294803
  -1.079921252208618
  -0.289565830008707
  -0.104533597121772
   0.944876041289897
   0.148369930265393
  -0.001643098700497


logL =

 -71.644265661304871


exitflag =

     0

-----
   0.925701861092108
   0.174265441661622
   1.410006576288277
  -0.004000550372779
  -0.049914093789657
  -0.010463101638077
   0.046784328816258
   3.599666443536955
   0.892005231877930
   0.697148759726557
   0.337319455585161
  -0.469757409578987
  -1.391458762846741
  -0.736839272894720
   2.217290418759498
   2.752346382793263
   0.036222363182805
  -0.157852174836418
  -0.321356199906803
  -0.083195770742070
   0.538427037848882
   0.126744083048326
   0.001285456726890
   0.000168049338549
   0.000663121826173
  -0.000000007209023
   0.000488400031376
   0.000000622520866
   0.000746551063090
   0.001843682454436
   0.003110450555372
   0.028883192344724
  -0.127871681119215
   0.071048246056847
  -0.111758439618853
  -0.001192148766183
  -0.000729833301459
  -0.001279424136432
   0.009409609508763
   0.000866497219059
  -0.000003370278969
   0.000718820799275
   0.007217642677885
   0.003494444105286
   0.005145570243894
   0.003796172139860
   0.002813202926646
   0.143458983874485
   0.006641138440748
  -1.208336985963379
  -0.290959467601527
  -0.114907373099162
   0.983641226484779
   0.155124315698563
  -0.000017149787412


logL =

 -71.653152785188624


exitflag =

     0

-----
   0.939701964675226
   0.173214664371494
   1.409840173051891
  -0.003948134454188
  -0.049977777898194
  -0.010503330983798
   0.046666646011735
   3.649935020183764
   0.900885822694980
   0.706428774970498
   0.337217804496586
  -0.485137282160726
  -1.376291784561283
  -0.736212718687873
   2.200567351480447
   2.753134543637422
   0.036293080421241
  -0.162322985934146
  -0.321007526451681
  -0.083168881105080
   0.539503809456834
   0.127048648975786
   0.001281712229295
   0.000165276980430
   0.000657004594944
  -0.000000016609263
   0.000494446512304
   0.000001679739869
   0.000744586176764
   0.001869875677927
   0.003083113138270
   0.028723859540997
  -0.132432655612453
   0.070625771831825
  -0.110385690827868
  -0.001195076826093
  -0.000747645787419
  -0.001287210648059
   0.009315646323948
   0.000870725067223
   0.000002717577471
   0.000727097288255
   0.007252249475030
   0.003447243711488
   0.005131448758692
   0.003795217095068
   0.002866253637052
   0.140994155014785
   0.007130513364426
  -1.184704255694911
  -0.294696775221874
  -0.129954159346039
   0.948911530756985
   0.155909078651179
   0.000013303855099


logL =

 -71.659352914155804


exitflag =

     0

-----
   0.933831665775946
   0.169396650329334
   1.408397766628663
  -0.003713149819120
  -0.048958140663260
  -0.010440388198418
   0.045317481411692
   3.601401160383544
   0.885365283662535
   0.711285158465906
   0.341279979152116
  -0.487597017551977
  -1.360591492198259
  -0.736189928949352
   2.199332089756804
   2.739502807516043
   0.036289645165889
  -0.159704912813329
  -0.321223178293502
  -0.083389692057997
   0.548817740806963
   0.127229754566120
   0.001276525522348
   0.000171124199400
   0.000664258844681
   0.000000041444382
   0.000493782441907
   0.000006499724786
   0.000739576476179
   0.001838156928060
   0.003132522715069
   0.028561648407649
  -0.140321222332582
   0.069722902908172
  -0.108164220738931
  -0.001238968484712
  -0.000772630133237
  -0.001303785066055
   0.009303677454456
   0.000865035328806
  -0.000000432946513
   0.000717059287978
   0.006989605714645
   0.003328833828168
   0.005121091246506
   0.003754250665065
   0.002867401608946
   0.139872800867740
   0.008274162570190
  -1.257369206090627
  -0.288863948215221
  -0.150301688068901
   0.947388001822135
   0.164422885011824
   0.000021146404175


logL =

 -71.665064023591299


exitflag =

     0

-----
   0.935192391814852
   0.169009719234739
   1.409854123078567
  -0.003646427714732
  -0.049074004556905
  -0.010441409163138
   0.046673049297614
   3.509043957462437
   0.892823634185023
   0.694855879477307
   0.336215401508196
  -0.489442211810880
  -1.366672865858615
  -0.736328534690883
   2.188644968989174
   2.728493612968795
   0.036577326269557
  -0.159166954146700
  -0.320789567729753
  -0.083125719012121
   0.548134167749950
   0.126383762442849
   0.001289017668497
   0.000174831837657
   0.000659097906755
   0.000000034460069
   0.000496600224112
   0.000005590946340
   0.000745266177566
   0.001867299782418
   0.003073745396940
   0.028556392501894
  -0.141653342370420
   0.069475663201078
  -0.107653095712036
  -0.001254655876217
  -0.000795404914497
  -0.001325626257961
   0.009364088669454
   0.000868268870736
  -0.000000380562284
   0.000716825048216
   0.006864536601537
   0.003324544305548
   0.005118129293374
   0.003810870368845
   0.002891670931417
   0.143407131462877
   0.008056377121160
  -1.325107255884606
  -0.289265329266406
  -0.162729256756833
   0.963998945231607
   0.170200535428618
   0.000023447843017


logL =

 -71.669056297209181


exitflag =

     0

-----
   0.938544152138603
   0.168686754931921
   1.402842806979634
  -0.003543657305384
  -0.048714330675160
  -0.010256986415988
   0.046026645897247
   3.597031760258156
   0.886672655584303
   0.715321012987639
   0.343493329083119
  -0.490701764902645
  -1.369068154728537
  -0.735547393343255
   2.200319060731218
   2.726373632335040
   0.036627756017294
  -0.159554144506110
  -0.320584217946385
  -0.082348287595361
   0.548295122319021
   0.125991103019770
   0.001285739922969
   0.000174933426444
   0.000657161106952
   0.000000122293623
   0.000490712480003
  -0.000003786434662
   0.000742884164838
   0.001877409651966
   0.003090484636999
   0.028528228262332
  -0.151745312570682
   0.069087681243118
  -0.106834052343875
  -0.001235814686800
  -0.000803705675943
  -0.001339286649814
   0.009422666055847
   0.000875988512180
   0.000000040934754
   0.000723104162671
   0.006785027350078
   0.003338428234619
   0.005167341192500
   0.003793196908382
   0.002875461012638
   0.140797476933010
   0.008758334863318
  -1.323877339736999
  -0.289333342185985
  -0.172942711561017
   0.951605710209017
   0.172466627291826
   0.000034551425741


logL =

 -71.672001599086784


exitflag =

     0

-----
   0.936737772458354
   0.167759773349032
   1.404985990946834
  -0.003482824087321
  -0.048660818773492
  -0.010178232797874
   0.047092906772631
   3.531840739678209
   0.894439882804423
   0.708595637899601
   0.341475122505069
  -0.487469020742714
  -1.360670381387767
  -0.736007988702390
   2.190309117936243
   2.724691086518758
   0.036629615856406
  -0.158945285006880
  -0.320169416452642
  -0.082319494412891
   0.549998673921931
   0.125149307197571
   0.001284717139651
   0.000169784330931
   0.000657586278733
   0.000000050272999
   0.000495974324692
  -0.000002880196124
   0.000745143777978
   0.001868247080873
   0.003080932210032
   0.028517357567127
  -0.154045000937585
   0.068878752789405
  -0.106354403632788
  -0.001223119628662
  -0.000807588401885
  -0.001356496120717
   0.009399090857258
   0.000865662079355
   0.000000065656143
   0.000716727005409
   0.006706995450300
   0.003342126830801
   0.005210237574969
   0.003810743211552
   0.002855300236071
   0.144004368383062
   0.008507921864383
  -1.374115620716995
  -0.288347204455026
  -0.177694880340481
   0.972295155778548
   0.178561177744271
   0.000068325678190


logL =

 -71.674107166561498


exitflag =

     0

-----
   0.939799205024199
   0.167118098174386
   1.406123473449084
  -0.003479944614307
  -0.048523232010858
  -0.010186725034792
   0.046398884660741
   3.533498118127854
   0.885405860741412
   0.708693015196774
   0.340471977053196
  -0.489203603583613
  -1.356382806910238
  -0.736339647076016
   2.191449189032493
   2.723704624186785
   0.036606657699879
  -0.158627269103409
  -0.320440058337924
  -0.082248401966888
   0.549520044899698
   0.125248180290761
   0.001288059628236
   0.000173917257900
   0.000658026134821
   0.000000061616957
   0.000495583281065
  -0.000002874624246
   0.000744716138126
   0.001875124569757
   0.003073632899944
   0.028475358817736
  -0.155061306144197
   0.068837560439866
  -0.105962348849809
  -0.001222935199056
  -0.000817424720804
  -0.001356680146225
   0.009307341437068
   0.000869455765216
   0.000000088153208
   0.000722926555878
   0.006703747156115
   0.003336466728327
   0.005177113262383
   0.003807332335825
   0.002901637987158
   0.141273380967546
   0.008863571159277
  -1.354119079859520
  -0.287053370581121
  -0.178840400043717
   0.962321248817541
   0.175637535790349
   0.000058796178397


logL =

 -71.675054201475135


exitflag =

     0

-----
   0.939226569889020
   0.165552460818898
   1.406513134862133
  -0.003410940407629
  -0.048402574897453
  -0.010161472747888
   0.047079522253411
   3.505751182508646
   0.888220220259885
   0.707846214621884
   0.341908073561688
  -0.488193215972602
  -1.356870184231220
  -0.736653763554846
   2.175744396326081
   2.715724376526667
   0.036659344589423
  -0.158032219521582
  -0.320286372586611
  -0.081938818945885
   0.550195991422688
   0.123687891268767
   0.001282093743042
   0.000168566987435
   0.000658508967714
   0.000000073388816
   0.000496355983386
  -0.000005517577337
   0.000742874765783
   0.001878650525433
   0.003046516853530
   0.028418821921474
  -0.156772941669093
   0.068628764358561
  -0.104880707454041
  -0.001220007557458
  -0.000829658987968
  -0.001378315463920
   0.009382025072267
   0.000864390486481
   0.000000034115240
   0.000720010485180
   0.006635111420518
   0.003304095489524
   0.005184270924279
   0.003801405929205
   0.002908594020723
   0.144058013139821
   0.008495241914345
  -1.378164197480860
  -0.284692159137881
  -0.176408617929717
   0.970893214238956
   0.180922669724854
   0.000015938205694


logL =

 -71.676464773276265


exitflag =

     0

-----
   0.941993569643025
   0.165056227064361
   1.406662404199149
  -0.003394315730843
  -0.048296822814555
  -0.010150528380810
   0.046643286919302
   3.493326028898083
   0.886045009087959
   0.704756934184156
   0.340844794925831
  -0.489358219633572
  -1.358306542769539
  -0.736274544799616
   2.186431995072293
   2.711838777072462
   0.036665182175768
  -0.156444269205796
  -0.320204280457547
  -0.081884607277412
   0.549651904147953
   0.123877495847300
   0.001287061360830
   0.000175091633591
   0.000656821533898
   0.000000059067458
   0.000494147694165
  -0.000002293586585
   0.000745414168021
   0.001866585960058
   0.003073956970334
   0.028434764741493
  -0.157935657503374
   0.068577347757690
  -0.104787643454629
  -0.001218630694556
  -0.000831059711073
  -0.001382702088983
   0.009252776414620
   0.000867722069584
   0.000000021911650
   0.000720916233804
   0.006656239222122
   0.003319538334188
   0.005180835305151
   0.003803397370545
   0.002909798813989
   0.141769488245714
   0.008808092337131
  -1.355620613688836
  -0.287537992507295
  -0.178487783400815
   0.964551706902070
   0.177140890920064
   0.000025845121833


logL =

 -71.677554975758113


exitflag =

     0

-----
   0.940836046707787
   0.164269434349485
   1.405542155464333
  -0.003327972166139
  -0.048015253253639
  -0.010093611971960
   0.047005313308708
   3.487230301371232
   0.885417066753107
   0.708563824130669
   0.341976970288308
  -0.483670019264977
  -1.360180060422475
  -0.737810014450608
   2.190572391901868
   2.710000992705268
   0.036711796752900
  -0.154439933360244
  -0.320120875644820
  -0.081714803130276
   0.550006669372122
   0.123112806460101
   0.001280521982541
   0.000173839374777
   0.000658730258116
   0.000000093042584
   0.000495249422467
  -0.000001881754404
   0.000741607661399
   0.001876229378719
   0.003037654225369
   0.028404218198769
  -0.159753363829479
   0.068419216839169
  -0.104366878994884
  -0.001218715821934
  -0.000838185101195
  -0.001390832861873
   0.009357112596645
   0.000863590257902
   0.000000004318544
   0.000717080271548
   0.006566119326510
   0.003311279798162
   0.005156547549783
   0.003788726426698
   0.002919005907140
   0.144619336741820
   0.008604802264547
  -1.359590482330476
  -0.283468182359341
  -0.170599450349461
   0.967226823012558
   0.185233444413450
   0.000024320662529


logL =

 -71.678517443228998


exitflag =

     0

-----
   0.941112914622911
   0.163479781448292
   1.404803689178609
  -0.003304899685363
  -0.047943924087506
  -0.010089043419587
   0.046803758657093
   3.488602658913473
   0.883538702320725
   0.709191167921764
   0.342213600394904
  -0.484903023924160
  -1.357889238845807
  -0.737824813236477
   2.196652961471790
   2.704240116122140
   0.036773960783545
  -0.153900439115732
  -0.320426678168653
  -0.081791664756713
   0.551279458125052
   0.122199344458781
   0.001283822783237
   0.000173580572710
   0.000658218532980
   0.000000101889248
   0.000494240903438
  -0.000002555414443
   0.000745017150850
   0.001855824406465
   0.003055392688109
   0.028457705461791
  -0.161173806955150
   0.068315966403525
  -0.103709606037467
  -0.001216806070407
  -0.000844927815870
  -0.001396934320539
   0.009308476500870
   0.000867765496938
   0.000000005148108
   0.000722449533239
   0.006529817343419
   0.003295426370349
   0.005178543122778
   0.003813186321068
   0.002897282018251
   0.141413987772495
   0.008878983892644
  -1.331935261327715
  -0.289879366215549
  -0.171473316825847
   0.954639482428598
   0.180412008210715
   0.000010062990343


logL =

 -71.679529303555398


exitflag =

     0

-----
   0.942362112766209
   0.161751988127088
   1.402380844164038
  -0.003327538229732
  -0.048137753076567
  -0.010077634572309
   0.047350246342281
   3.473470322830453
   0.886707406509457
   0.703886906360047
   0.338896144755690
  -0.488326447523229
  -1.357118902619614
  -0.738143175262719
   2.199703878878994
   2.702234248018081
   0.036773883406662
  -0.153599522477143
  -0.320076677185078
  -0.081904609523882
   0.551727991479678
   0.122244588874807
   0.001284972933008
   0.000178155722475
   0.000657742564973
   0.000000096984779
   0.000494725597067
  -0.000002238240850
   0.000742293116709
   0.001865412395228
   0.003044989692547
   0.028370323444352
  -0.161382999539731
   0.068009400953812
  -0.102599397951522
  -0.001211617465888
  -0.000880927690595
  -0.001401617113266
   0.009376049534165
   0.000864936375438
   0.000000002547650
   0.000717611971440
   0.006535838451716
   0.003295307909391
   0.005161182211855
   0.003802133409715
   0.002901625687583
   0.144990728110898
   0.008594407838872
  -1.372050393533873
  -0.283348013269279
  -0.175601027480310
   0.974845976825966
   0.184043940694012
   0.000015109155258


logL =

 -71.680744535822924


exitflag =

     0

-----
   0.941584132246444
   0.161187682821910
   1.401763396439540
  -0.003276498191053
  -0.048232322819203
  -0.010080863896425
   0.046934383661960
   3.498892074737545
   0.880914703958922
   0.707876723051062
   0.341354992737233
  -0.490560795974904
  -1.358679696384225
  -0.737725727111113
   2.204641556621874
   2.700031602932262
   0.036794043279507
  -0.151857637660809
  -0.320233914719621
  -0.081878521477806
   0.551782394603584
   0.122025879468588
   0.001286204485802
   0.000175504394717
   0.000658699986704
   0.000000105904402
   0.000494293840070
  -0.000002061048632
   0.000743667991000
   0.001859464496051
   0.003048969745688
   0.028393122751253
  -0.162061591138787
   0.067891755703530
  -0.102116767860184
  -0.001203458122673
  -0.000889936750249
  -0.001405595775502
   0.009382467712385
   0.000869625007444
   0.000000001812173
   0.000722040044015
   0.006500146698858
   0.003303449296797
   0.005183449949003
   0.003809303872923
   0.002907942059264
   0.140629988272044
   0.008827540604790
  -1.345766281689150
  -0.288007803792856
  -0.174313372035931
   0.957643073902223
   0.179254823990073
   0.000021720625031


logL =

 -71.681594896210143


exitflag =

     0

-----
   0.941382629669231
   0.160618493844007
   1.400645567196750
  -0.003247472279891
  -0.048261923267661
  -0.010071356722199
   0.047179124541010
   3.472998811760315
   0.883641638870680
   0.703266844299129
   0.340637819377326
  -0.491665529319938
  -1.358846270434928
  -0.737633063110432
   2.205010425027152
   2.698526802591566
   0.036865090491713
  -0.151990451327255
  -0.320250355458916
  -0.081877316550596
   0.552345312515705
   0.121884485720593
   0.001285422674241
   0.000177536192557
   0.000658642651239
   0.000000080062375
   0.000495004111815
  -0.000002255462143
   0.000744034247003
   0.001854735375492
   0.003054746988094
   0.028380556456924
  -0.162347305972439
   0.067822098102800
  -0.101958803869465
  -0.001199376173586
  -0.000894017627803
  -0.001407202608722
   0.009354801006772
   0.000866005797815
   0.000000001745502
   0.000717186795464
   0.006555630089666
   0.003305333123009
   0.005181157065658
   0.003807019015461
   0.002922043944465
   0.143664131772355
   0.008721762346267
  -1.357121245528478
  -0.285626536161048
  -0.172960812320778
   0.967806710577791
   0.183739138116647
   0.000022882946972


logL =

 -71.682046661886645


exitflag =

     0

-----
   0.940705424038884
   0.158848745451051
   1.399512244496748
  -0.003184419967530
  -0.048273873477914
  -0.009957786331832
   0.047192895900611
   3.506513470323902
   0.875010400830389
   0.711151227331628
   0.349409074401548
  -0.493134447178922
  -1.366756918713238
  -0.736858241562476
   2.226631283210773
   2.698291718164615
   0.036810881630608
  -0.150373795095825
  -0.319957832573951
  -0.081821055010674
   0.556866971842799
   0.121556235832204
   0.001286120932120
   0.000173513539631
   0.000658978469412
   0.000000050300146
   0.000497339551677
  -0.000002643776117
   0.000746259678136
   0.001842558096236
   0.003069768403531
   0.028440552521645
  -0.163329839488831
   0.067410910823749
  -0.101298657446046
  -0.001188351150945
  -0.000902727336132
  -0.001410545150003
   0.009374141606710
   0.000870695407715
   0.000000003377162
   0.000725643019942
   0.006534013467606
   0.003297737386155
   0.005178536324159
   0.003815702238805
   0.002913009245472
   0.140406893321879
   0.009117826866165
  -1.302690781916746
  -0.289857123110495
  -0.165176509167270
   0.958181432142271
   0.183913955336545
   0.000002630037236


logL =

 -71.682952384028212


exitflag =

     0

-----
   0.940612371486091
   0.157572109594770
   1.398634963950518
  -0.003185225885848
  -0.048208600090970
  -0.009942812274459
   0.047497950797723
   3.442985352443643
   0.877349146254833
   0.698946514016809
   0.350138624946541
  -0.491864596240612
  -1.364320603373661
  -0.736489765941190
   2.230450460050196
   2.698704980304242
   0.036789263130338
  -0.149865565449688
  -0.320043488916081
  -0.081623589664188
   0.558789411612629
   0.121744472266158
   0.001284636633682
   0.000180959868087
   0.000659963054260
   0.000000073220367
   0.000494434398340
  -0.000004226613182
   0.000742377144755
   0.001845379377697
   0.003034813312263
   0.028386773197976
  -0.164939815370400
   0.067271879592164
  -0.100867113275806
  -0.001188595450511
  -0.000909427107269
  -0.001420239485701
   0.009394327246417
   0.000865082858401
   0.000000004418719
   0.000720734990109
   0.006521778424357
   0.003285066062245
   0.005168614547525
   0.003806122568604
   0.002914757958006
   0.144605014437325
   0.008943989143573
  -1.338008197893575
  -0.281615576342742
  -0.167614275231602
   0.977524187692329
   0.190987874961320
   0.000002331649339


logL =

 -71.683974620428017


exitflag =

     0

-----
   0.939382016010933
   0.156960842022287
   1.397841245942935
  -0.003185617553923
  -0.048167398199847
  -0.009939127323150
   0.047150229393599
   3.469013450783387
   0.874560100778286
   0.704335197293516
   0.351017075211163
  -0.493237547182647
  -1.366286206650190
  -0.736118852133199
   2.235074400040800
   2.699579375790932
   0.036780710009923
  -0.148888324678799
  -0.320135877904647
  -0.081430681055386
   0.559852044968335
   0.121259008930793
   0.001285491969653
   0.000178336053846
   0.000658995941209
   0.000000073914876
   0.000493878944039
  -0.000004207754674
   0.000744133233440
   0.001851106797509
   0.003053438228279
   0.028387573156331
  -0.166883941274844
   0.067143075173649
  -0.100684212813082
  -0.001185657742631
  -0.000915212912046
  -0.001423592428774
   0.009385270839854
   0.000868395383388
   0.000000004120314
   0.000722243331899
   0.006468765110522
   0.003287308624628
   0.005178405932958
   0.003818946400321
   0.002920562778911
   0.142042419280465
   0.009133900273914
  -1.322549935032558
  -0.286561268739133
  -0.166708214903429
   0.961110654499814
   0.189213682577482
   0.000003002435867


logL =

 -71.684540678136258


exitflag =

     0

-----
   0.940258510957687
   0.156274479767721
   1.397070372387749
  -0.003176032333692
  -0.048164171448444
  -0.009946863419971
   0.047598823101423
   3.456181607137724
   0.876634608820803
   0.702046059846821
   0.349006123379398
  -0.492839421081335
  -1.363985426461001
  -0.735949631558558
   2.236836030663067
   2.699770251173049
   0.036802375098162
  -0.148826381595808
  -0.320289176995772
  -0.081372597258591
   0.560038900420854
   0.121152868771448
   0.001284363017613
   0.000179770549795
   0.000659700982355
   0.000000100342522
   0.000494037528697
  -0.000003058207451
   0.000744301009092
   0.001854730906529
   0.003051851073892
   0.028381609848959
  -0.167485224427593
   0.067124224684913
  -0.100543857690914
  -0.001180326471751
  -0.000917230207059
  -0.001424475119059
   0.009409718058634
   0.000866417340872
   0.000000004781528
   0.000720017230573
   0.006460443504259
   0.003287420122533
   0.005175352166578
   0.003803858340592
   0.002917519606013
   0.143173782390435
   0.009040060909643
  -1.324694760618375
  -0.285086226930136
  -0.166034116032255
   0.965729293169200
   0.191274635988379
   0.000002918508084


logL =

 -71.684859696129749


exitflag =

     0

-----
   0.939115561113351
   0.155802459017172
   1.396516293675652
  -0.003148594401181
  -0.048218736490619
  -0.009926113032660
   0.047214761596427
   3.475482848271616
   0.873459445946022
   0.705846909571171
   0.346941745286670
  -0.495442628839231
  -1.362858183714303
  -0.736206440888553
   2.245677393910356
   2.696669796985839
   0.036801844553102
  -0.147537492259279
  -0.320247914677831
  -0.081337793847933
   0.561449607047752
   0.120794136655803
   0.001284127477749
   0.000175043384222
   0.000660686695979
   0.000000116023494
   0.000492786852782
  -0.000002856820611
   0.000742606039796
   0.001854951679732
   0.003057281608629
   0.028368389293238
  -0.167565614188393
   0.067009026767435
  -0.099867936475823
  -0.001172270282577
  -0.000934772714750
  -0.001428817090979
   0.009328367148041
   0.000864994756276
   0.000000003559771
   0.000722747451653
   0.006493679182344
   0.003308519553817
   0.005173162479593
   0.003805900071646
   0.002911023463093
   0.143353024324695
   0.009012230836017
  -1.290407613425445
  -0.285149845711555
  -0.153844241330444
   0.972873685448093
   0.190320535910589
   0.000002837528257


logL =

 -71.685307122744774


exitflag =

     0

-----
   0.940680814399211
   0.155212856580144
   1.395069644136090
  -0.003147474544196
  -0.048194486986556
  -0.009919715474124
   0.047612636906396
   3.447470066387409
   0.874977721368594
   0.700250294409213
   0.345651032191883
  -0.495147875969991
  -1.360637719015210
  -0.736180021084223
   2.247272596676688
   2.695676317423298
   0.036842992556430
  -0.147521196511667
  -0.320174549303131
  -0.081285217799397
   0.561220332885649
   0.120699377368165
   0.001285512722382
   0.000178898560979
   0.000658424287224
   0.000000118840827
   0.000494286570059
  -0.000002943943400
   0.000743174982766
   0.001848152748202
   0.003049800693628
   0.028372308823049
  -0.167815550640083
   0.066945705600178
  -0.099823724895588
  -0.001173781300200
  -0.000936525751276
  -0.001430195862235
   0.009369069665922
   0.000867573698958
   0.000000003809646
   0.000721156289401
   0.006479259482427
   0.003292472810708
   0.005175478465130
   0.003808092111165
   0.002915143586910
   0.142510275797321
   0.009011899251310
  -1.279237542301815
  -0.287386861956547
  -0.154601677334779
   0.964775017022733
   0.190004151458827
   0.000002192832264


logL =

 -71.685757219667948


exitflag =

     0

-----
   0.940986853771815
   0.154362532090564
   1.394856197235360
  -0.003085546026170
  -0.048211746104667
  -0.009890739829275
   0.047485997217985
   3.461835134401923
   0.875596852817585
   0.703524009190066
   0.345927889625115
  -0.497428472863342
  -1.358483293346355
  -0.735727839813258
   2.247372077029233
   2.697321563445193
   0.036906989880623
  -0.146419069634815
  -0.320151496458775
  -0.081134892297807
   0.561480996619791
   0.120903318237441
   0.001286226107042
   0.000180419690316
   0.000658789658546
   0.000000002701293
   0.000493509596257
  -0.000002424940636
   0.000745481543873
   0.001853302783896
   0.003063170435160
   0.028385042566551
  -0.168512556956493
   0.066858477548936
  -0.099368520661386
  -0.001169565222816
  -0.000943640093721
  -0.001439430151216
   0.009280265291348
   0.000862314098680
   0.000000006227653
   0.000720301184252
   0.006456434209440
   0.003295072472812
   0.005177394713877
   0.003828945333406
   0.002898070189023
   0.144489306226237
   0.009077825208219
  -1.282270415515367
  -0.283859749417745
  -0.149530948894219
   0.970158550973515
   0.195459138534805
   0.000003536501041


logL =

 -71.686129964977837


exitflag =

     0

-----
   0.940588925805354
   0.153955297053930
   1.394843723748033
  -0.003088228036764
  -0.048175453582789
  -0.009874597049245
   0.047814023232116
   3.442370886678670
   0.874904893774721
   0.700695677587175
   0.344582307343388
  -0.497083975943830
  -1.360804680999692
  -0.735800345882215
   2.250857726252645
   2.695998294398290
   0.036923877197961
  -0.146210591308809
  -0.320120918295904
  -0.080969787465109
   0.562762376006793
   0.120443423023885
   0.001285443739654
   0.000179915968095
   0.000658940241029
   0.000000002873606
   0.000494262243582
  -0.000002906748133
   0.000742834167384
   0.001853429554600
   0.003045898369198
   0.028368099542214
  -0.168973070660283
   0.066800060893096
  -0.099202053323958
  -0.001170355152723
  -0.000950760962887
  -0.001443904764162
   0.009386567292807
   0.000866055230390
   0.000000005287848
   0.000722486945163
   0.006469977065125
   0.003275145181041
   0.005182119634060
   0.003806492913195
   0.002920283017338
   0.142292150894580
   0.009122814620490
  -1.271722501031637
  -0.288709695399122
  -0.152994560902446
   0.964995991987391
   0.191719637544136
   0.000003585038483


logL =

 -71.686556690245055


exitflag =

     0

-----
   0.940147491472111
   0.153764136747663
   1.394154654468799
  -0.003080111696274
  -0.048180853966588
  -0.009865329963183
   0.047527486489609
   3.444844157222724
   0.872878694053292
   0.700387620015049
   0.344065579361077
  -0.498536657329674
  -1.357994273205789
  -0.735877163338739
   2.254380002610753
   2.695746824175668
   0.036936498287386
  -0.145874279231225
  -0.320154381946652
  -0.080952990854623
   0.563355001333592
   0.120208838862165
   0.001285974337475
   0.000181170302732
   0.000658660982020
   0.000000000660411
   0.000494101632920
  -0.000001217165851
   0.000743513463846
   0.001846505609769
   0.003055434744203
   0.028355302236715
  -0.169191021875353
   0.066766851141390
  -0.099018605812545
  -0.001168177247600
  -0.000954433393062
  -0.001445218289525
   0.009384898349524
   0.000866153905181
   0.000000009383823
   0.000720071069346
   0.006453361930964
   0.003282898849011
   0.005174262308974
   0.003804313061553
   0.002924312587988
   0.144166429379170
   0.009075740027931
  -1.290172370714394
  -0.284107059798359
  -0.152236120985796
   0.973385733464816
   0.194302745673496
   0.000005364488735


logL =

 -71.686785341850154


exitflag =

     0

-----
   0.941023707397372
   0.153337813562037
   1.393310847168782
  -0.003072264655265
  -0.048194444522921
  -0.009857757012316
   0.047802311541481
   3.435742490304259
   0.873294985367121
   0.698724499937328
   0.345344081104478
  -0.499071036782171
  -1.363033512419345
  -0.735820938097832
   2.260163742680665
   2.695843425193907
   0.036974252087047
  -0.145394514554991
  -0.320288237541441
  -0.080791811408033
   0.564105489984743
   0.120084439771251
   0.001285535472524
   0.000181437319365
   0.000658811018620
   0.000000001150300
   0.000494605355084
  -0.000000663093832
   0.000744019921682
   0.001845530960966
   0.003044774829311
   0.028367951652968
  -0.169641411483195
   0.066659496325327
  -0.098789990154190
  -0.001163109138252
  -0.000956059373132
  -0.001447839810393
   0.009415934308554
   0.000867092554100
   0.000000009844124
   0.000721413398689
   0.006443272167551
   0.003276285291156
   0.005181500247130
   0.003798470889048
   0.002920420899275
   0.141426370351517
   0.009282458746152
  -1.269372591913774
  -0.288086641955565
  -0.152768746712540
   0.959371592403999
   0.193896672254877
  -0.000001372982309


logL =

 -71.687086266688951


exitflag =

     0

-----
   0.940050904448692
   0.152856047452151
   1.392507588996381
  -0.003091975306374
  -0.048218361204994
  -0.009872128859561
   0.047708834813208
   3.444463338927893
   0.872205298753120
   0.700320540680126
   0.346570625294125
  -0.498112665118492
  -1.360220751882283
  -0.735537268954760
   2.263040068775034
   2.697195379800929
   0.037010202290267
  -0.145237588674754
  -0.320517897723875
  -0.080706939538165
   0.565413539398125
   0.120203946384612
   0.001288185368255
   0.000180107346016
   0.000659420642222
   0.000000000677541
   0.000494053952915
  -0.000000631243797
   0.000743742534694
   0.001841778368200
   0.003048595896747
   0.028360589372774
  -0.170041166760018
   0.066607750351403
  -0.098574440919007
  -0.001147502592070
  -0.000956361311366
  -0.001449124665801
   0.009359596449940
   0.000865189694734
   0.000000008570792
   0.000719286494438
   0.006407192948433
   0.003288613978027
   0.005179663033823
   0.003808392372721
   0.002925813638748
   0.144324801642571
   0.009215762052537
  -1.276488289655419
  -0.283305666730731
  -0.150892532154275
   0.974203164606116
   0.197051113508513
  -0.000001602707963


logL =

 -71.687352518440235


exitflag =

     0

-----
   0.941140525784000
   0.152186096527593
   1.391313407462147
  -0.003091070895735
  -0.048179287966754
  -0.009846281180546
   0.047687706201369
   3.411492976465553
   0.871956772723918
   0.692814728016717
   0.341928156587426
  -0.501286566350116
  -1.356080231315891
  -0.735362973163324
   2.276713159681398
   2.694253886771186
   0.037037786821670
  -0.144830248419750
  -0.320728289608616
  -0.080518615515855
   0.567574546127851
   0.119480845626577
   0.001283066749809
   0.000183779148716
   0.000659821895793
   0.000000000818387
   0.000493652253404
  -0.000001421651505
   0.000744767158339
   0.001847315846625
   0.003047929557405
   0.028337720532661
  -0.171314441592858
   0.066455061147403
  -0.098494396644371
  -0.001142713340317
  -0.000954381004150
  -0.001451503295776
   0.009381161630119
   0.000868571391172
  -0.000000005924039
   0.000721890028825
   0.006419045255209
   0.003271857798216
   0.005172305238300
   0.003809483967753
   0.002930604361513
   0.142047456014667
   0.009337698299536
  -1.245070960698431
  -0.287500892456864
  -0.147485547673421
   0.957588570289150
   0.195227285045168
  -0.000002769353369


logL =

 -71.687749994607003


exitflag =

     0

-----
   0.939540830860476
   0.152067054962703
   1.390881109306838
  -0.003084037073220
  -0.048194987379161
  -0.009840639981576
   0.047692178890757
   3.436056503488790
   0.870089157962000
   0.698505613845668
   0.341151489144927
  -0.502093790914693
  -1.357588998179274
  -0.735100012131253
   2.278223435591848
   2.694285719187853
   0.037035290883103
  -0.144503031519947
  -0.320776418725098
  -0.080462470765030
   0.568220407266484
   0.119017444802973
   0.001286273408212
   0.000181855233055
   0.000659358598460
   0.000000000848056
   0.000493791660302
  -0.000001416861559
   0.000743966410074
   0.001842834696465
   0.003056199501749
   0.028344367336344
  -0.171261944884728
   0.066456821199008
  -0.098391939885298
  -0.001140626664508
  -0.000956052897887
  -0.001452148612814
   0.009386222087384
   0.000867543437632
  -0.000000005840578
   0.000719560978809
   0.006421193509173
   0.003282316257955
   0.005167566413487
   0.003810589051997
   0.002917253406499
   0.143343435415558
   0.009287791276537
  -1.262641922678502
  -0.286476531883008
  -0.145907108061676
   0.968385737514811
   0.196981246330515
  -0.000002848913597


logL =

 -71.688025338662840


exitflag =

     0

-----
   0.941621946173703
   0.151659072096847
   1.389849972050248
  -0.003072898565407
  -0.048193323341548
  -0.009831150973887
   0.047783037040194
   3.429333099436400
   0.870368352046108
   0.696475580955004
   0.337807395618605
  -0.505445535481596
  -1.355074088673706
  -0.735173327353185
   2.283361373082876
   2.693310582900935
   0.037086199172765
  -0.144492355045595
  -0.320695767499262
  -0.080383129351435
   0.568762333862798
   0.118782409179245
   0.001285374669087
   0.000184926547019
   0.000658467868239
   0.000000000970333
   0.000493807979009
  -0.000002391166425
   0.000744135815555
   0.001842134884335
   0.003055032143633
   0.028338813394287
  -0.171774960895130
   0.066410816680457
  -0.098332786828691
  -0.001137262253908
  -0.000957971563985
  -0.001453987731715
   0.009392283778156
   0.000867801803344
  -0.000000003407222
   0.000720861040969
   0.006461339863358
   0.003291144276126
   0.005165946875554
   0.003804540501950
   0.002922167579644
   0.143327972276301
   0.009328552135945
  -1.257661663599384
  -0.285048565635044
  -0.148843699129639
   0.965939217760773
   0.196391411756673
  -0.000003380687839


logL =

 -71.688197595579027


exitflag =

     0

-----
   0.939838348367926
   0.151489275394726
   1.389276780992147
  -0.003076168176055
  -0.048222924427811
  -0.009813861214939
   0.047788951616103
   3.450412814138728
   0.870028736382425
   0.700932445830320
   0.337857471516585
  -0.505225735328918
  -1.355356340357535
  -0.735085503120793
   2.286773636482346
   2.692255520942528
   0.037073734274866
  -0.144215887365676
  -0.320966200209373
  -0.080401721327562
   0.569646559166670
   0.118380333984088
   0.001284865208956
   0.000179387699584
   0.000658551022255
   0.000000001229680
   0.000493556863222
  -0.000002477929934
   0.000743126339933
   0.001845261970167
   0.003050430693769
   0.028335833899070
  -0.172018434924498
   0.066383180466221
  -0.098128718821927
  -0.001135037493458
  -0.000962460881608
  -0.001454835181822
   0.009356113077348
   0.000869942099649
  -0.000000004136198
   0.000720543533892
   0.006419043824141
   0.003276342050505
   0.005172431906019
   0.003804715112750
   0.002921739362440
   0.143556267510059
   0.009420369476109
  -1.271253615224536
  -0.286098856007593
  -0.147575333449049
   0.968433051415437
   0.199226661088017
   0.000000131234565


logL =

 -71.688402039339408


exitflag =

     0

-----
   0.941620748905344
   0.150860933366711
   1.388322896581159
  -0.003043858269553
  -0.048231900448966
  -0.009803024000663
   0.047770603509593
   3.407814926695674
   0.868091464829108
   0.691618130834836
   0.338802060006298
  -0.507007493695172
  -1.359214460826696
  -0.735298593496323
   2.295337877902362
   2.690360919017970
   0.037116612433946
  -0.143505383088567
  -0.320913058296218
  -0.080165239376112
   0.570492102126747
   0.118456246032293
   0.001284074526957
   0.000187431264363
   0.000658622272076
   0.000000001246649
   0.000493333112422
  -0.000002373383341
   0.000742836756334
   0.001847968088297
   0.003042715189680
   0.028353641286187
  -0.172451148776491
   0.066272545003324
  -0.097965847064134
  -0.001130031540995
  -0.000966391307624
  -0.001460011801732
   0.009376612358538
   0.000866571092603
   0.000000000919806
   0.000720975756112
   0.006447510945616
   0.003277403584216
   0.005190790211385
   0.003804387050954
   0.002922782040832
   0.142462851883902
   0.009366473783839
  -1.258283458852475
  -0.286678742482496
  -0.147523319086346
   0.960225699427041
   0.196132554717740
   0.000000247127069


logL =

 -71.688721890687219


exitflag =

     0

-----
   0.938748715336823
   0.150494795233391
   1.386759647104061
  -0.003027718637929
  -0.048254694450911
  -0.009742934923438
   0.047927436516328
   3.437086519481399
   0.867808102427157
   0.698698246771419
   0.337705843907876
  -0.508813809487275
  -1.357398377298077
  -0.735353817300507
   2.300735343805516
   2.692041171948162
   0.037202996166201
  -0.143298140320292
  -0.321140166553168
  -0.080122967839002
   0.572824128344670
   0.117349881917560
   0.001286628379673
   0.000182834936996
   0.000659835312881
   0.000000001205319
   0.000493710319600
  -0.000000841687014
   0.000743115310417
   0.001847980322301
   0.003055706536951
   0.028358494043089
  -0.171866386355550
   0.066185136187163
  -0.097616170470396
  -0.001125125159180
  -0.000969422044097
  -0.001461202567859
   0.009398201469823
   0.000864587569619
   0.000000000943251
   0.000718634138488
   0.006434700938238
   0.003278028620207
   0.005178458392455
   0.003806211600571
   0.002910876561872
   0.143999440449333
   0.009200518163913
  -1.262778057423370
  -0.286855461785616
  -0.142054026527034
   0.969206054212585
   0.198330987941331
   0.000000415708584


logL =

 -71.689126000115365


exitflag =

     0

-----
   0.941853374544263
   0.150294202419864
   1.386867079664210
  -0.003022711833451
  -0.048250434261264
  -0.009744647882502
   0.047954326073089
   3.426649681158515
   0.867416767786505
   0.696166470859381
   0.338220085067217
  -0.508788564831412
  -1.354630399888843
  -0.735491262934896
   2.307377325111674
   2.690467783813594
   0.037239824865246
  -0.143163357856968
  -0.321106875162459
  -0.080011437746264
   0.573286651576932
   0.117165292388829
   0.001284612019913
   0.000184682821190
   0.000659427631920
   0.000000001203711
   0.000494056867681
  -0.000000955087185
   0.000742760795696
   0.001844585318033
   0.003054877703545
   0.028358118950123
  -0.172283624468353
   0.066175150806393
  -0.097639686350837
  -0.001121017669063
  -0.000971156719232
  -0.001462430099274
   0.009377256032128
   0.000867861690853
   0.000000000767643
   0.000719838233708
   0.006448905428429
   0.003275313790950
   0.005172224162892
   0.003804809355520
   0.002921452031212
   0.143167336114029
   0.009297904898210
  -1.245867296268764
  -0.285804707539938
  -0.143839076617558
   0.967182309068325
   0.196976909039035
   0.000000427911768


logL =

 -71.689357004150736


exitflag =

     0

-----
   0.940150311019248
   0.150014806114222
   1.385731120105939
  -0.003003541154474
  -0.048257766008020
  -0.009722282906426
   0.048007494164849
   3.442202822816677
   0.863973437417775
   0.700782127775267
   0.336111691365059
  -0.510174812086226
  -1.354936020754701
  -0.735283910231592
   2.313180662521798
   2.691514747116232
   0.037243504129319
  -0.142383874663518
  -0.321178978848913
  -0.079822561244550
   0.574765589713062
   0.117433280990251
   0.001285191808046
   0.000181774787500
   0.000658051342029
   0.000000001716030
   0.000493233440398
  -0.000000543853135
   0.000742282255748
   0.001841975777193
   0.003066923068252
   0.028336376921991
  -0.173073361349128
   0.066059527340894
  -0.097338627920037
  -0.001104104492761
  -0.000974573645732
  -0.001464417405325
   0.009383579631300
   0.000868557606354
   0.000000001082503
   0.000720246252342
   0.006407544362238
   0.003252263508252
   0.005154509248095
   0.003814806340127
   0.002913812462193
   0.142530094651799
   0.009445435041178
  -1.253560368876503
  -0.286119813291550
  -0.142881510545699
   0.967688788705500
   0.199266817406782
   0.000000470734848


logL =

 -71.689648636394878


exitflag =

     0

-----
   0.942422568711936
   0.149345901921945
   1.385203037109624
  -0.002955089866320
  -0.048286033727228
  -0.009712394125216
   0.047989159141453
   3.423663714055128
   0.865139378892067
   0.696163895259440
   0.339770976011917
  -0.509326352013932
  -1.353982529797645
  -0.735226057285609
   2.315874677070400
   2.692015573472840
   0.037276155134061
  -0.142406029889133
  -0.321153892151279
  -0.079562099360264
   0.574733765979695
   0.117209734212768
   0.001287556580009
   0.000184626541851
   0.000658717108700
   0.000000001988438
   0.000494406323718
  -0.000000271969495
   0.000742642062392
   0.001843327304241
   0.003048948644209
   0.028354532607684
  -0.173312292169788
   0.066032055858517
  -0.097224059923603
  -0.001095046125526
  -0.000976979892898
  -0.001465213901383
   0.009340079684306
   0.000866330824291
   0.000000001348192
   0.000718291181281
   0.006439351586346
   0.003260533155657
   0.005163708228046
   0.003805635559034
   0.002918824556127
   0.144041733794795
   0.009357438494815
  -1.243911404082254
  -0.285124303257267
  -0.143646317980450
   0.968981476456109
   0.198903197417244
   0.000000510593835


logL =

 -71.689933234131644


exitflag =

     0

-----
   0.939836697103613
   0.149254815908101
   1.385131319953596
  -0.002918213403214
  -0.048304426879529
  -0.009708057114558
   0.048059282185853
   3.424277390232639
   0.864508323543700
   0.698240969811412
   0.336398311152322
  -0.509837601894008
  -1.348254694003651
  -0.734893083983497
   2.320088132723552
   2.689874627275190
   0.037303802670535
  -0.141741745229687
  -0.321196231710739
  -0.079389181303632
   0.577037716513435
   0.116513066321765
   0.001285271698046
   0.000179653511998
   0.000659303182384
   0.000000000739390
   0.000494090033181
  -0.000000501653677
   0.000742678416415
   0.001843829317942
   0.003046985159277
   0.028323916759083
  -0.173267911039634
   0.066018569168537
  -0.097042253731916
  -0.001081879614454
  -0.000980590402553
  -0.001466773990651
   0.009371774286378
   0.000870309514396
   0.000000001329911
   0.000721572472472
   0.006421125248451
   0.003281469608775
   0.005157551695280
   0.003793027022716
   0.002935182553918
   0.143529268948673
   0.009341029651824
  -1.224353688828399
  -0.287844808122519
  -0.137642268451140
   0.960601329988399
   0.199975716018467
   0.000000514623627


logL =

 -71.690198374233773


exitflag =

     0

-----
   0.943146325426302
   0.148529599952307
   1.384519963777412
  -0.002916190768979
  -0.048239059343897
  -0.009660837044842
   0.047903131658932
   3.415984308946863
   0.862428045348267
   0.695949171191348
   0.338047547911009
  -0.510131887877558
  -1.342971364100935
  -0.734848514689129
   2.327197836120848
   2.688666032628093
   0.037337139661144
  -0.141724796179668
  -0.321285680002480
  -0.079045708261085
   0.577936720523780
   0.115360923034585
   0.001287178787927
   0.000183848311390
   0.000658979110464
   0.000000000900507
   0.000494523665780
  -0.000000723014803
   0.000743478954241
   0.001846804773755
   0.003046813114248
   0.028345962523289
  -0.173378009501358
   0.066037601464750
  -0.096915177576396
  -0.001077982329232
  -0.000981255877434
  -0.001471696655382
   0.009390462054148
   0.000868360320758
   0.000000000954772
   0.000720801495124
   0.006447948206777
   0.003291042653854
   0.005167261761322
   0.003797461369004
   0.002924082136896
   0.144584655213603
   0.009319436763943
  -1.212268002676354
  -0.284505807274023
  -0.135677483282958
   0.976217633846363
   0.198659087890917
   0.000000749264694


logL =

 -71.690532509634053


exitflag =

     0

-----
   0.940823110689631
   0.148493187498464
   1.384036483034230
  -0.002898317503881
  -0.048255242630969
  -0.009654166178759
   0.048020255846104
   3.422829788829929
   0.863101002450581
   0.698346584226328
   0.337068487564538
  -0.510410735347510
  -1.345286187454752
  -0.734799471947596
   2.329136957553790
   2.688333379736770
   0.037337447054544
  -0.141333814609202
  -0.321400368799301
  -0.079047391969966
   0.578796959716726
   0.115157867356891
   0.001285939945563
   0.000180514009433
   0.000659478262690
   0.000000001270076
   0.000494316442095
  -0.000000508761471
   0.000742894557530
   0.001842268589779
   0.003054845354480
   0.028350019583919
  -0.173329222556516
   0.066027909244919
  -0.096803286036703
  -0.001075163358148
  -0.000983283955771
  -0.001471685329463
   0.009388534658839
   0.000866320344941
   0.000000000658350
   0.000720114647076
   0.006427184761105
   0.003272860536831
   0.005163987030701
   0.003807720384369
   0.002923747330599
   0.143563301522707
   0.009330601755144
  -1.224650959219710
  -0.286141342979060
  -0.136898179349750
   0.968223982522513
   0.199161269706661
   0.000000749508132


logL =

 -71.690718546685702


exitflag =

     0

-----
   0.943194498484618
   0.148204235089409
   1.383148850304008
  -0.002896213222508
  -0.048265489179323
  -0.009641092111926
   0.048092497858409
   3.415594394276957
   0.863371613352094
   0.696067357966033
   0.336741391987030
  -0.509955114717981
  -1.340472445020841
  -0.734699108545345
   2.340612475733401
   2.688804354762942
   0.037475727668617
  -0.140876987365578
  -0.321468043359714
  -0.078927927163402
   0.579504020212845
   0.114835624910218
   0.001287860895666
   0.000183764457060
   0.000658308074736
   0.000000002247009
   0.000494300784729
  -0.000000322243105
   0.000743577532469
   0.001840685079358
   0.003046842401340
   0.028355436648100
  -0.173433935272224
   0.066010947262389
  -0.096668773977663
  -0.001065983563137
  -0.000987813406438
  -0.001472605577723
   0.009391921166964
   0.000865511939458
   0.000000000401830
   0.000718458855933
   0.006494691190207
   0.003286476118128
   0.005161433091221
   0.003797469035452
   0.002919845825447
   0.144434622364523
   0.009261526541066
  -1.209341744032344
  -0.283781657773548
  -0.135891586441693
   0.970553745845279
   0.198783140945175
   0.000000581744619


logL =

 -71.690943933420641


exitflag =

     0

-----
   0.940161485356489
   0.148166987158056
   1.381937328146177
  -0.002885180629701
  -0.048308185624179
  -0.009635558728486
   0.048121111050061
   3.426857323232236
   0.862018084862747
   0.699059147479202
   0.337072475371693
  -0.511166191589953
  -1.344049923437403
  -0.734654589677612
   2.341797459623578
   2.688750868352169
   0.037473788478370
  -0.140765074929044
  -0.321629807197090
  -0.078916349206774
   0.580762153907265
   0.114764574067279
   0.001285473162788
   0.000179405444976
   0.000660091895077
   0.000000002865328
   0.000493961609450
  -0.000000323292193
   0.000742747146765
   0.001839294594200
   0.003057380856136
   0.028354919492702
  -0.173520086281044
   0.065969325420777
  -0.096342936909906
  -0.001060892225921
  -0.000991180586085
  -0.001474308823633
   0.009374553843349
   0.000867980533422
   0.000000000310121
   0.000719857978621
   0.006436192600783
   0.003280445236706
   0.005167606495925
   0.003803906381226
   0.002920536887116
   0.143805374169426
   0.009266044118683
  -1.226196372691557
  -0.286026644537110
  -0.136353812421601
   0.969231050674924
   0.199175821023859
   0.000000651907216


logL =

 -71.691196017716052


exitflag =

     0

-----
   0.942470490283318
   0.147839998370793
   1.381470063717276
  -0.002866043910331
  -0.048303095458439
  -0.009622417477684
   0.048095377658146
   3.413326521789984
   0.863931719221488
   0.695726804186562
   0.338646248022628
  -0.511812844168705
  -1.343473043563523
  -0.734844234155012
   2.346628996661299
   2.688162983813930
   0.037500021126415
  -0.140587177157107
  -0.321626574497599
  -0.078816052103159
   0.581312156947572
   0.114951571772840
   0.001285210710915
   0.000182451924740
   0.000659056673876
   0.000000004283827
   0.000494389204905
  -0.000000170423002
   0.000743804867539
   0.001838957499990
   0.003064814923831
   0.028357364630565
  -0.173746891534909
   0.065953959885174
  -0.096297951244334
  -0.001053093293373
  -0.000993502798954
  -0.001475348483157
   0.009369793980433
   0.000867129316944
   0.000000000328185
   0.000720865271882
   0.006449745360929
   0.003274587486002
   0.005153672134290
   0.003798250519174
   0.002916941752189
   0.143513832826455
   0.009264644137853
  -1.209819283218580
  -0.285685739809276
  -0.136209711726426
   0.965335216795055
   0.198356500846969
   0.000000664467225


logL =

 -71.691376621833768


exitflag =

     0

-----
   0.941788748681944
   0.147569408576751
   1.380183616604111
  -0.002852676356669
  -0.048284697290103
  -0.009611627545482
   0.047934772884487
   3.434722257148104
   0.859704706384916
   0.700948764303385
   0.338204117108429
  -0.512903255952209
  -1.342936594586828
  -0.735267558934350
   2.354029010809860
   2.686353502942033
   0.037551750477818
  -0.140481493936443
  -0.322335265282119
  -0.078685240391756
   0.583411281926929
   0.115116623255276
   0.001282822366423
   0.000180742657810
   0.000659426662219
   0.000000002852199
   0.000494074526709
  -0.000000176819485
   0.000743745263572
   0.001833409129218
   0.003061759023581
   0.028341837292137
  -0.173984867165582
   0.065947614266307
  -0.096057956599178
  -0.001040028859415
  -0.000998563877122
  -0.001474755203970
   0.009399604392216
   0.000862640256613
   0.000000000388179
   0.000720892010790
   0.006430139280362
   0.003269419157903
   0.005173106633658
   0.003802048516775
   0.002917995953451
   0.144150444758351
   0.009135376961410
  -1.210353092502342
  -0.284987393878064
  -0.131190980107877
   0.969850658628606
   0.198083979732555
   0.000000829478589


logL =

 -71.691659078178944


exitflag =

     0

-----
