   0.879827174869795
   0.136676781421871
   1.447294240878790
  -0.006935343022228
  -0.045186863363826
  -0.009686920348521
   0.047345903856018
   3.772343300716693
   0.895183130460821
   0.739790198129056
   0.307279490317847
  -0.408537703642677
  -1.233195040745562
  -0.694010465657616
   2.113043355724217
   3.178832667409866
   0.030392958476213
  -0.143960242446123
  -0.350526171296919
  -0.066405899989179
   0.570349172643620
   0.128095773976990
   0.001323657015903
   0.000183208888583
   0.000657008625219
   0.000000000000000
   0.000397218112930
  -0.000000000000001
   0.000529298428788
   0.001886479136480
   0.002944078095088
   0.026807560337462
  -0.098763320389107
   0.118172707006635
  -0.229943686982747
  -0.000657406648920
  -0.000055579646865
  -0.000615032637428
   0.009139346059945
   0.005986509410064
   0.004702858981277
   0.004114711779935
   0.100000000000000
   0.100000000000000


logL =

 -60.496548152030812

   0.879827174869795
   0.136676781421871
   1.447294240878790
  -0.006935343022228
  -0.045186863363826
  -0.009686920348521
   0.047345903856018
   3.772343300716693
   0.895183130460821
   0.739790198129056
   0.307279490317847
  -0.408537703642677
  -1.233195040745562
  -0.694010465657616
   2.113043355724217
   3.178832667409866
   0.030392958476213
  -0.143960242446123
  -0.350526171296919
  -0.066405899989179
   0.570349172643620
   0.128095773976990
   0.001323657015903
   0.000183208888583
   0.000657008625219
   0.000000000000000
   0.000397218112930
  -0.000000000000001
   0.000529298428788
   0.001886479136480
   0.002944078095088
   0.026807560337462
  -0.098763320389107
   0.118172707006635
  -0.229943686982747
  -0.000657406648920
  -0.000055579646865
  -0.000615032637428
   0.009139346059945
   0.005986509410064
   0.004702858981277
   0.004114711779935
   0.010000000000000
   0.010000000000000


logL =

 -61.021512301499364

   0.879827174869795
   0.136676781421871
   1.447294240878790
  -0.006935343022228
  -0.045186863363826
  -0.009686920348521
   0.047345903856018
   3.772343300716693
   0.895183130460821
   0.739790198129056
   0.307279490317847
  -0.408537703642677
  -1.233195040745562
  -0.694010465657616
   2.113043355724217
   3.178832667409866
   0.030392958476213
  -0.143960242446123
  -0.350526171296919
  -0.066405899989179
   0.570349172643620
   0.128095773976990
   0.001323657015903
   0.000183208888583
   0.000657008625219
   0.000000000000000
   0.000397218112930
  -0.000000000000001
   0.000529298428788
   0.001886479136480
   0.002944078095088
   0.026807560337462
  -0.098763320389107
   0.118172707006635
  -0.229943686982747
  -0.000657406648920
  -0.000055579646865
  -0.000615032637428
   0.009139346059945
   0.005986509410064
   0.004702858981277
   0.004114711779935
   0.100000000000000
   0.100000000000000


logL =

 -60.496548152030812

   0.879827174869795
   0.136676781421871
   1.447294240878790
  -0.006935343022228
  -0.045186863363826
  -0.009686920348521
   0.047345903856018
   3.772343300716693
   0.895183130460821
   0.739790198129056
   0.307279490317847
  -0.408537703642677
  -1.233195040745562
  -0.694010465657616
   2.113043355724217
   3.178832667409866
   0.030392958476213
  -0.143960242446123
  -0.350526171296919
  -0.066405899989179
   0.570349172643620
   0.128095773976990
   0.001323657015903
   0.000183208888583
   0.000657008625219
   0.000000000000000
   0.000397218112930
  -0.000000000000001
   0.000529298428788
   0.001886479136480
   0.002944078095088
   0.026807560337462
  -0.098763320389107
   0.118172707006635
  -0.229943686982747
  -0.000657406648920
  -0.000055579646865
  -0.000615032637428
   0.009139346059945
   0.005986509410064
   0.004702858981277
   0.004114711779935
   0.001000000000000
   0.001000000000000


logL =

 -57.050254428518713

   0.879827174869795
   0.136676781421871
   1.447294240878790
  -0.006935343022228
  -0.045186863363826
  -0.009686920348521
   0.047345903856018
   3.772343300716693
   0.895183130460821
   0.739790198129056
   0.307279490317847
  -0.408537703642677
  -1.233195040745562
  -0.694010465657616
   2.113043355724217
   3.178832667409866
   0.030392958476213
  -0.143960242446123
  -0.350526171296919
  -0.066405899989179
   0.570349172643620
   0.128095773976990
   0.001323657015903
   0.000183208888583
   0.000657008625219
   0.000000000000000
   0.000397218112930
  -0.000000000000001
   0.000529298428788
   0.001886479136480
   0.002944078095088
   0.026807560337462
  -0.098763320389107
   0.118172707006635
  -0.229943686982747
  -0.000657406648920
  -0.000055579646865
  -0.000615032637428
   0.009139346059945
   0.005986509410064
   0.004702858981277
   0.004114711779935
   0.010000000000000
   0.010000000000000


logL =

 -61.021512301499364

   0.879827174869795
   0.136676781421871
   1.447294240878790
  -0.006935343022228
  -0.045186863363826
  -0.009686920348521
   0.047345903856018
   3.772343300716693
   0.895183130460821
   0.739790198129056
   0.307279490317847
  -0.408537703642677
  -1.233195040745562
  -0.694010465657616
   2.113043355724217
   3.178832667409866
   0.030392958476213
  -0.143960242446123
  -0.350526171296919
  -0.066405899989179
   0.570349172643620
   0.128095773976990
   0.001323657015903
   0.000183208888583
   0.000657008625219
   0.000000000000000
   0.000397218112930
  -0.000000000000001
   0.000529298428788
   0.001886479136480
   0.002944078095088
   0.026807560337462
  -0.098763320389107
   0.118172707006635
  -0.229943686982747
  -0.000657406648920
  -0.000055579646865
  -0.000615032637428
   0.009139346059945
   0.005986509410064
   0.004702858981277
   0.004114711779935
   0.010000000000000
   0.010000000000000


logL =

 -61.021512301499364

   0.879827174869795
   0.136676781421871
   1.447294240878790
  -0.006935343022228
  -0.045186863363826
  -0.009686920348521
   0.047345903856018
   3.772343300716693
   0.895183130460821
   0.739790198129056
   0.307279490317847
  -0.408537703642677
  -1.233195040745562
  -0.694010465657616
   2.113043355724217
   3.178832667409866
   0.030392958476213
  -0.143960242446123
  -0.350526171296919
  -0.066405899989179
   0.570349172643620
   0.128095773976990
   0.001323657015903
   0.000183208888583
   0.000657008625219
   0.000000000000000
   0.000397218112930
  -0.000000000000001
   0.000529298428788
   0.001886479136480
   0.002944078095088
   0.026807560337462
  -0.098763320389107
   0.118172707006635
  -0.229943686982747
  -0.000657406648920
  -0.000055579646865
  -0.000615032637428
   0.009139346059945
   0.005986509410064
   0.004702858981277
   0.004114711779935
   0.200000000000000
   0.200000000000000


logL =

 -60.324771586431062

   0.862271027534985
   0.121558950753069
   1.385701323974514
  -0.007995038259140
  -0.046000103014239
  -0.011119552543762
   0.047190567484110
   4.059976732786877
   0.981037284492582
   0.749692525255963
   0.290849699189051
  -0.418746664198123
  -1.319328550143268
  -0.709490476456783
   2.144331095602149
   3.218976708428545
   0.036997136556698
  -0.135133310587008
  -0.399966532695350
  -0.068135014138990
   0.562733052351076
   0.145215395320882
   0.001240188818426
   0.000179225269848
   0.000615371278994
   0.000000000000000
   0.000418563046523
  -0.000000000000001
   0.000489382141534
   0.002084525327416
   0.002131856148924
   0.028388736578477
  -0.091058068942444
   0.183461554339158
  -0.270840805046702
  -0.000316174726871
  -0.000107789020247
  -0.000510669654215
   0.010684984767719
   0.006708165722716
   0.004791476663952
   0.004786955977021
   0.007755647054954
   0.004245208201928


logL =

 -60.941277663878964


exitflag =

     0

-----
   0.854777882072529
   0.137130637237287
   1.413439783127764
  -0.007709792735276
  -0.046784502769807
  -0.009795550979802
   0.049208310701619
   4.027817857675911
   0.912927984929194
   0.759084839801514
   0.296236394323339
  -0.421825407968162
  -1.297993144953095
  -0.687506462027311
   2.151806155459060
   3.257472719150909
   0.038268457481677
  -0.143938116614710
  -0.402778568691869
  -0.068308332988629
   0.562235360659286
   0.147337866329995
   0.001320311781094
   0.000142483129524
   0.000662876177336
   0.000000000000000
   0.000398164268039
  -0.000000000000001
   0.000531493553824
   0.001906136507573
   0.002976476091142
   0.026047216206825
  -0.118250340180624
   0.147569908516312
  -0.181645600086965
  -0.000326467879750
  -0.000106303644009
  -0.000718398810125
   0.009190638420602
   0.006032709933230
   0.004755731900355
   0.004127750363236
   0.006751309371107
   0.003861472988528


logL =

 -61.096899235385187


exitflag =

     0

-----
   0.854958723735123
   0.137333104706173
   1.420968964575045
  -0.007902319833343
  -0.046637165086171
  -0.009979788890082
   0.047933740004687
   3.963268191898796
   0.908202367036020
   0.736970394586718
   0.298289137517547
  -0.425387434390603
  -1.288966570698319
  -0.688135175634002
   2.138082927205252
   3.315805505241003
   0.037614993036755
  -0.145469156888053
  -0.398934590665839
  -0.067972180806330
   0.563124511762385
   0.149184772796953
   0.001326553592956
   0.000182820385958
   0.000658690737200
   0.000000000000000
   0.000398618314436
  -0.000000000000000
   0.000529118383937
   0.001893105315769
   0.002938098747779
   0.025814085328448
  -0.117566967212998
   0.144019743413290
  -0.174103151954352
  -0.000443976994657
  -0.000153629508051
  -0.000770416993084
   0.009124237733997
   0.006054775032321
   0.004756327172068
   0.004091572275399
   0.006697184115820
   0.003859730240485


logL =

 -61.098964259677466


exitflag =

     0

-----
   0.857498113273356
   0.137133606686201
   1.424524045950944
  -0.007830694778956
  -0.046422080492633
  -0.009893756481414
   0.047951136651209
   3.939201611129305
   0.902800347401270
   0.737611437320530
   0.299583479255682
  -0.422518167246956
  -1.296088276493502
  -0.689159880693326
   2.136358809143021
   3.321601955450720
   0.035980823287125
  -0.145948620188830
  -0.391916870043937
  -0.068104761534118
   0.563871421218353
   0.155235395658305
   0.001324199230232
   0.000183759995273
   0.000657987857869
   0.000000000000000
   0.000397200710444
  -0.000000000000001
   0.000528548287809
   0.001884857750473
   0.002947181507889
   0.025724430800823
  -0.095623938271587
   0.140108720889311
  -0.172840460855401
  -0.000738639461124
  -0.000094385389253
  -0.000736491491696
   0.009088296789803
   0.006064681993405
   0.004770889186519
   0.004097419943603
   0.006674596272331
   0.003843773252400


logL =

 -61.099326019362486


exitflag =

     0

-----
   0.857800578058598
   0.137130765290926
   1.428398298343996
  -0.007804770226930
  -0.046276584287956
  -0.009942733760876
   0.047862930018319
   3.918219800334398
   0.902228661003931
   0.735485316887064
   0.299870319894371
  -0.420712384905518
  -1.292346884191385
  -0.690060336944289
   2.131577916937075
   3.339865357570117
   0.035476772653657
  -0.146602587437605
  -0.390292906373601
  -0.068128125813036
   0.564522060592860
   0.157033257009232
   0.001324445973321
   0.000185043539129
   0.000657500993717
   0.000000000000000
   0.000397370881265
  -0.000000000000001
   0.000528824264445
   0.001881981519764
   0.002946700839545
   0.025661937780593
  -0.102095759627696
   0.137900495600529
  -0.170950672393133
  -0.000534451020027
  -0.000076781931885
  -0.000685671303089
   0.009104800898977
   0.006063664586281
   0.004766274677690
   0.004100121914023
   0.006717902790060
   0.003853546209702


logL =

 -61.099469048714369


exitflag =

     0

-----
   0.859354279820677
   0.136353694505318
   1.429521560629038
  -0.007767837614821
  -0.046279257617537
  -0.009895274293648
   0.047862890921325
   3.925749856861954
   0.901973527532560
   0.737740752663612
   0.299376393712410
  -0.420413287383993
  -1.288096050842714
  -0.690984730638688
   2.127459978816810
   3.345684407148116
   0.034958147097498
  -0.145798551181727
  -0.387037491918765
  -0.068060082577658
   0.563655592169467
   0.157152668979941
   0.001324017175317
   0.000184849195486
   0.000657643394181
   0.000000000000000
   0.000397681187579
  -0.000000000000001
   0.000528698762108
   0.001883990856906
   0.002944255888234
   0.025595888474386
  -0.088222439031143
   0.135638858785388
  -0.169148667081425
  -0.000671120468367
  -0.000007776592639
  -0.000660913513913
   0.009096767696764
   0.006066862604856
   0.004769504309317
   0.004092794083167
   0.006702648649567
   0.003848649352915


logL =

 -61.099537835968491


exitflag =

     0

-----
   0.861156773956855
   0.137417917406612
   1.432595284862497
  -0.007665358721342
  -0.046111837118121
  -0.009854473554273
   0.047713271739674
   3.899857591959712
   0.899238630207686
   0.737135153992476
   0.300320129437530
  -0.416629273375800
  -1.274589753615446
  -0.692014397166892
   2.125319865311616
   3.344653307927819
   0.034254034701582
  -0.146650975998523
  -0.382373702004122
  -0.068077344600071
   0.564685827370455
   0.158024948584875
   0.001323442065046
   0.000184673314757
   0.000657668436075
  -0.000000000000000
   0.000397920772029
  -0.000000000000002
   0.000529068114397
   0.001883179525050
   0.002949731796537
   0.025605972872047
  -0.076656954287045
   0.135878140459820
  -0.162280780724509
  -0.000554976628494
  -0.000001684101253
  -0.000720011300363
   0.009103578423675
   0.006070548243286
   0.004771514611348
   0.004099913392930
   0.006692626212009
   0.003845476994371


logL =

 -61.099619847478039


exitflag =

     0

-----
   0.861549141308540
   0.136732305096766
   1.430935657108071
  -0.007661503800834
  -0.046015396139250
  -0.009886832997332
   0.047739294946975
   3.902977585536681
   0.901688685071562
   0.738972421769201
   0.300091013677696
  -0.415856995971603
  -1.272445170839806
  -0.693135488830080
   2.125170562581881
   3.343560437983494
   0.034305957011451
  -0.145167328651423
  -0.380845312293681
  -0.068387967058396
   0.565134859709305
   0.160286212372918
   0.001324216752638
   0.000184672146038
   0.000658027940518
  -0.000000000000000
   0.000397764481647
  -0.000000000000001
   0.000528751693068
   0.001886452391559
   0.002943855447261
   0.025529816882770
  -0.060035159480492
   0.134511306222748
  -0.159554111791284
  -0.000678860941023
  -0.000002618002662
  -0.000704734847597
   0.009089197181235
   0.006065194069443
   0.004771720045971
   0.004098398198043
   0.006704199304077
   0.003851832063805


logL =

 -61.099677434007610


exitflag =

     0

-----
   0.862371959566115
   0.136361625356517
   1.431295838009598
  -0.007629950988828
  -0.046015461930756
  -0.009864676400327
   0.047689801286284
   3.903284764098657
   0.901439112749466
   0.739701744825311
   0.300288753389197
  -0.415659018193145
  -1.269443140754630
  -0.693386219503675
   2.123241927026198
   3.344077450862831
   0.033983039876505
  -0.145402964884757
  -0.379688808325856
  -0.068475035435185
   0.565117851642322
   0.161320611344281
   0.001323210275576
   0.000183713077286
   0.000657922352873
  -0.000000000000000
   0.000397548459584
  -0.000000000000001
   0.000528825419915
   0.001885269373686
   0.002944353203973
   0.025492146724292
  -0.046590356180416
   0.133042158871173
  -0.152975805577875
  -0.000550684278693
  -0.000001843011375
  -0.000698823285930
   0.009096488514665
   0.006061865071058
   0.004770908966919
   0.004095781064980
   0.006690575750251
   0.003851293216568


logL =

 -61.099715639394695


exitflag =

     0

-----
   0.863630455379920
   0.135844364615848
   1.431879454528289
  -0.007594141409251
  -0.046021185916311
  -0.009827785460261
   0.047635018249563
   3.902309838505909
   0.900152533696591
   0.740876161421674
   0.300302351600971
  -0.414123127310615
  -1.264593246742834
  -0.693836864091597
   2.121760263422186
   3.340263912167922
   0.033604143202826
  -0.145326415556970
  -0.378431335681140
  -0.068482418614096
   0.564786962400399
   0.161860629290015
   0.001324247560695
   0.000182333200456
   0.000657638254347
  -0.000000000000000
   0.000397669835032
  -0.000000000000001
   0.000528777198625
   0.001885072575339
   0.002945636562861
   0.025450255776865
  -0.032498985779718
   0.132050836274054
  -0.151605586823041
  -0.000656305330840
  -0.000002212087461
  -0.000681083892329
   0.009096046376222
   0.006063149751032
   0.004768332723500
   0.004099257882758
   0.006688411586950
   0.003841129550050


logL =

 -61.099747149453108


exitflag =

     0

-----
   0.864740151745895
   0.135705580075270
   1.431907881008759
  -0.007495125036560
  -0.045949352776469
  -0.009815981099726
   0.047635058655546
   3.892469127845745
   0.900693901423886
   0.741738899287311
   0.300274999515765
  -0.413953074183036
  -1.257730505260229
  -0.694859908626519
   2.121280920511258
   3.338741603673309
   0.033378908570432
  -0.144792388779712
  -0.375739042270638
  -0.068391145347707
   0.565438464505958
   0.161241710287933
   0.001324937996576
   0.000181617143140
   0.000657456526666
  -0.000000000000000
   0.000397968757949
  -0.000000000000001
   0.000528588062096
   0.001883917057241
   0.002944265144243
   0.025400281823783
  -0.026063586542506
   0.130454240959547
  -0.148976339825290
  -0.000617888159181
  -0.000002852550214
  -0.000651136453463
   0.009088680434931
   0.006060436647188
   0.004768899263644
   0.004099641060978
   0.006698746901953
   0.003850182980977


logL =

 -61.099777029342476


exitflag =

     0

-----
   0.866840881435065
   0.136012426533460
   1.432654492232520
  -0.007453528392078
  -0.045894058962087
  -0.009782724260943
   0.047615650716816
   3.885193664942531
   0.899556141651969
   0.742324575673154
   0.300375035711525
  -0.413724617188632
  -1.257044307532400
  -0.696611524019690
   2.122430408528762
   3.333684675574199
   0.033060914899416
  -0.145051793448188
  -0.373571797420009
  -0.068651984582190
   0.565838892589845
   0.161974351412235
   0.001324099460818
   0.000181238315587
   0.000657497119368
  -0.000000000000000
   0.000397581132642
  -0.000000000000000
   0.000528681784946
   0.001883662506080
   0.002943104788706
   0.025410922129399
  -0.021274766821016
   0.130470194193839
  -0.147001185576678
  -0.000594803085174
  -0.000004164727096
  -0.000675922907835
   0.009099625335294
   0.006058812282630
   0.004774319926930
   0.004100836114891
   0.006688563279453
   0.003845281854992


logL =

 -61.099798699615008


exitflag =

     0

-----
   0.867054017123719
   0.136059947968407
   1.432779084529803
  -0.007399210213791
  -0.045894056861228
  -0.009797849597255
   0.047594303048386
   3.880341732384492
   0.899764171744722
   0.742062105527997
   0.300605892142491
  -0.414169303771739
  -1.254852254645798
  -0.696814947882338
   2.122147860811362
   3.334100329856032
   0.033051978049465
  -0.144955495781903
  -0.372997497349366
  -0.068612607391597
   0.566051092041356
   0.161662809856860
   0.001324285693857
   0.000181451942047
   0.000657705055294
  -0.000000000000000
   0.000397892485190
  -0.000000000000001
   0.000528850871718
   0.001885433453042
   0.002944210074873
   0.025387402662277
  -0.016145000096474
   0.129896521871502
  -0.145226182071762
  -0.000607323089517
  -0.000004100523959
  -0.000671301351029
   0.009097612653591
   0.006061846564466
   0.004771642506855
   0.004099663985239
   0.006693374351554
   0.003842850766479


logL =

 -61.099810766337519


exitflag =

     0

-----
   0.879827174869795
   0.136676781421871
   1.447294240878790
  -0.006935343022228
  -0.045186863363826
  -0.009686920348521
   0.047345903856018
   3.772343300716693
   0.895183130460821
   0.739790198129056
   0.307279490317847
  -0.408537703642677
  -1.233195040745562
  -0.694010465657616
   2.113043355724217
   3.178832667409866
   0.030392958476213
  -0.143960242446123
  -0.350526171296919
  -0.066405899989179
   0.570349172643620
   0.128095773976990
   0.001323657015903
   0.000183208888583
   0.000657008625219
   0.000000000000000
   0.000397218112930
  -0.000000000000001
   0.000529298428788
   0.001886479136480
   0.002944078095088
   0.026807560337462
  -0.098763320389107
   0.118172707006635
  -0.229943686982747
  -0.000657406648920
  -0.000055579646865
  -0.000615032637428
   0.009139346059945
   0.005986509410064
   0.004702858981277
   0.004114711779935
   0.200000000000000
   0.200000000000000


logL =

 -60.324771772768194

   0.879827174869795
   0.136676781421871
   1.447294240878790
  -0.006935343022228
  -0.045186863363826
  -0.009686920348521
   0.047345903856018
   3.772343300716693
   0.895183130460821
   0.739790198129056
   0.307279490317847
  -0.408537703642677
  -1.233195040745562
  -0.694010465657616
   2.113043355724217
   3.178832667409866
   0.030392958476213
  -0.143960242446123
  -0.350526171296919
  -0.066405899989179
   0.570349172643620
   0.128095773976990
   0.001323657015903
   0.000183208888583
   0.000657008625219
   0.000000000000000
   0.000397218112930
  -0.000000000000001
   0.000529298428788
   0.001886479136480
   0.002944078095088
   0.026807560337462
  -0.098763320389107
   0.118172707006635
  -0.229943686982747
  -0.000657406648920
  -0.000055579646865
  -0.000615032637428
   0.009139346059945
   0.005986509410064
   0.004702858981277
   0.004114711779935
   0.100000000000000
   0.100000000000000


logL =

 -60.496548888885201

   0.879827174869795
   0.136676781421871
   1.447294240878790
  -0.006935343022228
  -0.045186863363826
  -0.009686920348521
   0.047345903856018
   3.772343300716693
   0.895183130460821
   0.739790198129056
   0.307279490317847
  -0.408537703642677
  -1.233195040745562
  -0.694010465657616
   2.113043355724217
   3.178832667409866
   0.030392958476213
  -0.143960242446123
  -0.350526171296919
  -0.066405899989179
   0.570349172643620
   0.128095773976990
   0.001323657015903
   0.000183208888583
   0.000657008625219
   0.000000000000000
   0.000397218112930
  -0.000000000000001
   0.000529298428788
   0.001886479136480
   0.002944078095088
   0.026807560337462
  -0.098763320389107
   0.118172707006635
  -0.229943686982747
  -0.000657406648920
  -0.000055579646865
  -0.000615032637428
   0.009139346059945
   0.005986509410064
   0.004702858981277
   0.004114711779935
   0.200000000000000
   0.200000000000000


logL =

 -60.324771772768194

   0.879827174869795
   0.136676781421871
   1.447294240878790
  -0.006935343022228
  -0.045186863363826
  -0.009686920348521
   0.047345903856018
   3.772343300716693
   0.895183130460821
   0.739790198129056
   0.307279490317847
  -0.408537703642677
  -1.233195040745562
  -0.694010465657616
   2.113043355724217
   3.178832667409866
   0.030392958476213
  -0.143960242446123
  -0.350526171296919
  -0.066405899989179
   0.570349172643620
   0.128095773976990
   0.001323657015903
   0.000183208888583
   0.000657008625219
   0.000000000000000
   0.000397218112930
  -0.000000000000001
   0.000529298428788
   0.001886479136480
   0.002944078095088
   0.026807560337462
  -0.098763320389107
   0.118172707006635
  -0.229943686982747
  -0.000657406648920
  -0.000055579646865
  -0.000615032637428
   0.009139346059945
   0.005986509410064
   0.004702858981277
   0.004114711779935
   0.010000000000000
   0.010000000000000


logL =

 -61.021586775474148

   0.879827174869795
   0.136676781421871
   1.447294240878790
  -0.006935343022228
  -0.045186863363826
  -0.009686920348521
   0.047345903856018
   3.772343300716693
   0.895183130460821
   0.739790198129056
   0.307279490317847
  -0.408537703642677
  -1.233195040745562
  -0.694010465657616
   2.113043355724217
   3.178832667409866
   0.030392958476213
  -0.143960242446123
  -0.350526171296919
  -0.066405899989179
   0.570349172643620
   0.128095773976990
   0.001323657015903
   0.000183208888583
   0.000657008625219
   0.000000000000000
   0.000397218112930
  -0.000000000000001
   0.000529298428788
   0.001886479136480
   0.002944078095088
   0.026807560337462
  -0.098763320389107
   0.118172707006635
  -0.229943686982747
  -0.000657406648920
  -0.000055579646865
  -0.000615032637428
   0.009139346059945
   0.005986509410064
   0.004702858981277
   0.004114711779935
   0.001000000000000
   0.001000000000000


logL =

 -57.057198931785628

   0.879827174869795
   0.136676781421871
   1.447294240878790
  -0.006935343022228
  -0.045186863363826
  -0.009686920348521
   0.047345903856018
   3.772343300716693
   0.895183130460821
   0.739790198129056
   0.307279490317847
  -0.408537703642677
  -1.233195040745562
  -0.694010465657616
   2.113043355724217
   3.178832667409866
   0.030392958476213
  -0.143960242446123
  -0.350526171296919
  -0.066405899989179
   0.570349172643620
   0.128095773976990
   0.001323657015903
   0.000183208888583
   0.000657008625219
   0.000000000000000
   0.000397218112930
  -0.000000000000001
   0.000529298428788
   0.001886479136480
   0.002944078095088
   0.026807560337462
  -0.098763320389107
   0.118172707006635
  -0.229943686982747
  -0.000657406648920
  -0.000055579646865
  -0.000615032637428
   0.009139346059945
   0.005986509410064
   0.004702858981277
   0.004114711779935
   0.005000000000000
   0.005000000000000


logL =

 -61.052164405424328

   0.879827174869795
   0.136676781421871
   1.447294240878790
  -0.006935343022228
  -0.045186863363826
  -0.009686920348521
   0.047345903856018
   3.772343300716693
   0.895183130460821
   0.739790198129056
   0.307279490317847
  -0.408537703642677
  -1.233195040745562
  -0.694010465657616
   2.113043355724217
   3.178832667409866
   0.030392958476213
  -0.143960242446123
  -0.350526171296919
  -0.066405899989179
   0.570349172643620
   0.128095773976990
   0.001323657015903
   0.000183208888583
   0.000657008625219
   0.000000000000000
   0.000397218112930
  -0.000000000000001
   0.000529298428788
   0.001886479136480
   0.002944078095088
   0.026807560337462
  -0.098763320389107
   0.118172707006635
  -0.229943686982747
  -0.000657406648920
  -0.000055579646865
  -0.000615032637428
   0.009139346059945
   0.005986509410064
   0.004702858981277
   0.004114711779935
   0.010000000000000
   0.010000000000000


logL =

 -61.021586775474148

   0.879827174869795
   0.136676781421871
   1.447294240878790
  -0.006935343022228
  -0.045186863363826
  -0.009686920348521
   0.047345903856018
   3.772343300716693
   0.895183130460821
   0.739790198129056
   0.307279490317847
  -0.408537703642677
  -1.233195040745562
  -0.694010465657616
   2.113043355724217
   3.178832667409866
   0.030392958476213
  -0.143960242446123
  -0.350526171296919
  -0.066405899989179
   0.570349172643620
   0.128095773976990
   0.001323657015903
   0.000183208888583
   0.000657008625219
   0.000000000000000
   0.000397218112930
  -0.000000000000001
   0.000529298428788
   0.001886479136480
   0.002944078095088
   0.026807560337462
  -0.098763320389107
   0.118172707006635
  -0.229943686982747
  -0.000657406648920
  -0.000055579646865
  -0.000615032637428
   0.009139346059945
   0.005986509410064
   0.004702858981277
   0.004114711779935
   0.005000000000000
   0.005000000000000


logL =

 -61.052164405424328

   0.879827174869795
   0.136676781421871
   1.447294240878790
  -0.006935343022228
  -0.045186863363826
  -0.009686920348521
   0.047345903856018
   3.772343300716693
   0.895183130460821
   0.739790198129056
   0.307279490317847
  -0.408537703642677
  -1.233195040745562
  -0.694010465657616
   2.113043355724217
   3.178832667409866
   0.030392958476213
  -0.143960242446123
  -0.350526171296919
  -0.066405899989179
   0.570349172643620
   0.128095773976990
   0.001323657015903
   0.000183208888583
   0.000657008625219
   0.000000000000000
   0.000397218112930
  -0.000000000000001
   0.000529298428788
   0.001886479136480
   0.002944078095088
   0.026807560337462
  -0.098763320389107
   0.118172707006635
  -0.229943686982747
  -0.000657406648920
  -0.000055579646865
  -0.000615032637428
   0.009139346059945
   0.005986509410064
   0.004702858981277
   0.004114711779935
   0.005000000000000
   0.005000000000000


logL =

 -61.052164405424328

   0.877699630684797
   0.130541895780121
   1.450885393166547
  -0.006970371313735
  -0.045475700831339
  -0.009392833626671
   0.047787346575606
   3.772131720760927
   0.881298108178418
   0.740183991566037
   0.308557981887773
  -0.405874166435331
  -1.241180450575670
  -0.695047194140239
   2.118379020613022
   3.168926232083680
   0.030223216119696
  -0.140830037341709
  -0.357437796389028
  -0.066537526572347
   0.571160040965067
   0.127650604400494
   0.001319988592458
   0.000182131074724
   0.000653900135966
   0.000000000000000
   0.000395949850695
  -0.000000000000001
   0.000528533235270
   0.001889774210929
   0.002964116117989
   0.026131339263521
  -0.090558884181976
   0.137141032780250
  -0.192285408003964
  -0.000756540429498
  -0.000059672569568
  -0.000620926473215
   0.009164650246125
   0.006061592209743
   0.004785719003635
   0.004060099006798
   0.006394205135498
   0.003820790135562


logL =

 -61.096740673081925


exitflag =

     0

-----
   0.879271220404863
   0.130265454813355
   1.449716447763989
  -0.006908206498453
  -0.045349496540835
  -0.009620128157678
   0.047721478379569
   3.786003655566836
   0.887536962255249
   0.743257075703031
   0.310699249032643
  -0.407464462683556
  -1.244392701454783
  -0.693633802070439
   2.116240362355292
   3.177000111268117
   0.030538416270414
  -0.142143285914770
  -0.359177038770056
  -0.066599710511077
   0.571454742936697
   0.128054750292748
   0.001322861658729
   0.000176985270872
   0.000656661017120
   0.000000000000000
   0.000396897731156
  -0.000000000000001
   0.000528526237771
   0.001889113005765
   0.002950121339980
   0.025912135389372
  -0.097217053121395
   0.130946440742809
  -0.186685549257142
  -0.000713709122378
  -0.000058918021849
  -0.000617717029205
   0.009096082798234
   0.006051632277874
   0.004764673818995
   0.004078897514295
   0.006863787083553
   0.003881807004849


logL =

 -61.098957007547519


exitflag =

     0

-----
   0.879538790602358
   0.130898457340893
   1.449524564016556
  -0.006896986235585
  -0.045332262734474
  -0.009537936055716
   0.047726072001390
   3.783842688581545
   0.887928332739946
   0.743170116725538
   0.312031113694506
  -0.408752686522893
  -1.242633623776220
  -0.693855037537963
   2.114544031500750
   3.181427088244378
   0.030556444587872
  -0.142879090944507
  -0.359260343039210
  -0.066454496220390
   0.571621506355144
   0.126873269730154
   0.001325543144004
   0.000178654068953
   0.000658639985406
   0.000000000000000
   0.000397524945534
  -0.000000000000001
   0.000528752975783
   0.001893729746017
   0.002949455189776
   0.025788159104902
  -0.114548655929698
   0.131652286437668
  -0.181784338164636
  -0.000683766347080
  -0.000054086546254
  -0.000674145561565
   0.009078009658400
   0.006072311493509
   0.004775961113063
   0.004091937371265
   0.006676095208837
   0.003854505160573


logL =

 -61.099400371534735


exitflag =

     0

-----
   0.879820423514764
   0.131098078025731
   1.449377036040058
  -0.006904019379859
  -0.045308443709768
  -0.009569267397546
   0.047642772219552
   3.783421003034547
   0.888476154546232
   0.742621816958057
   0.312234827240037
  -0.409067467778389
  -1.242163571522222
  -0.693756517356812
   2.114346454978383
   3.183722550731935
   0.030613313462676
  -0.143155457050780
  -0.359080544977129
  -0.066408883547570
   0.571705144617885
   0.126898008044982
   0.001323356015895
   0.000178958897542
   0.000657203755944
   0.000000000000000
   0.000397615221871
  -0.000000000000001
   0.000529067119892
   0.001883876818636
   0.002939967896866
   0.025797421855367
  -0.115520600802490
   0.130977285435420
  -0.181758676959760
  -0.000659234465114
  -0.000054549516251
  -0.000685351693614
   0.009093344206995
   0.006066729927012
   0.004764811016002
   0.004093244183684
   0.006728998002203
   0.003854723554812


logL =

 -61.099463182604779


exitflag =

     0

-----
   0.879913933225497
   0.131705931410034
   1.449043885518682
  -0.006908135413509
  -0.045283047284599
  -0.009584439110634
   0.047535316697888
   3.780387085421948
   0.889067271198875
   0.741761010460982
   0.312465557574494
  -0.409865584532067
  -1.241451567631754
  -0.694063909343685
   2.112926663300359
   3.185991644257445
   0.030705568708056
  -0.143652010178998
  -0.359261362974611
  -0.066383051919215
   0.571830486766373
   0.127190977330117
   0.001324855360925
   0.000180500074808
   0.000658172092930
   0.000000000000000
   0.000397902978211
  -0.000000000000001
   0.000528899872244
   0.001886294753143
   0.002939728789852
   0.025788115471716
  -0.118110799055189
   0.131916921180331
  -0.180864570265115
  -0.000603816395475
  -0.000053636585575
  -0.000688894930641
   0.009100317349303
   0.006070848161946
   0.004770336683299
   0.004093352077436
   0.006675142003758
   0.003851821832203


logL =

 -61.099511207135386


exitflag =

     0

-----
   0.879892024124383
   0.131800157668544
   1.449141479380734
  -0.006906351047298
  -0.045280560930694
  -0.009579769891598
   0.047515259762503
   3.779092138514377
   0.888757339493401
   0.741675022932022
   0.312391562282886
  -0.409859726518668
  -1.241216569429789
  -0.694097736691680
   2.112673222267820
   3.186368548075951
   0.030695212352380
  -0.143710104766968
  -0.359188083969861
  -0.066347691109763
   0.571827330276940
   0.127222198920585
   0.001323589378470
   0.000180122470078
   0.000657914625513
   0.000000000000000
   0.000397642944896
  -0.000000000000001
   0.000528983968954
   0.001886166628043
   0.002942588949598
   0.025788199113332
  -0.118398052561041
   0.131427846520876
  -0.180636697545670
  -0.000602987264152
  -0.000054416403307
  -0.000696184330174
   0.009100703366624
   0.006070984294619
   0.004770281108661
   0.004092549411794
   0.006712349807991
   0.003852509907756


logL =

 -61.099525618947276


exitflag =

     0

-----
   0.879941442877952
   0.131936405532503
   1.449281056936544
  -0.006898992056039
  -0.045268084301820
  -0.009579888897110
   0.047497061803912
   3.776361765131913
   0.888586688101741
   0.741404023781888
   0.312228173484179
  -0.409981255040420
  -1.241047106440540
  -0.694138119263119
   2.112228388734297
   3.186596265335499
   0.030683480445616
  -0.143843550386518
  -0.359317915163537
  -0.066301063436686
   0.571845978985827
   0.127315971769462
   0.001324210061662
   0.000180682921130
   0.000657653829451
   0.000000000000000
   0.000397524045499
  -0.000000000000001
   0.000528924213543
   0.001884844867916
   0.002942591375188
   0.025787502421302
  -0.118660937693389
   0.131872810684769
  -0.180581085669749
  -0.000605382993227
  -0.000061065670731
  -0.000701309358719
   0.009098445203871
   0.006071951330525
   0.004771280582856
   0.004094029747555
   0.006700287176442
   0.003856110712296


logL =

 -61.099533712802305


exitflag =

     0

-----
   0.880085987078598
   0.132220635333265
   1.449325612018780
  -0.006900933280718
  -0.045238202148416
  -0.009586678131649
   0.047468934752580
   3.774163006524979
   0.888870263629067
   0.741076917020120
   0.312069259026295
  -0.410120264333397
  -1.240953129407149
  -0.694197261324463
   2.112188971475616
   3.188237351257680
   0.030693263469289
  -0.144116164557490
  -0.359204694780207
  -0.066264683024379
   0.571936629147607
   0.127421174940241
   0.001323930494768
   0.000180578525947
   0.000657905628964
   0.000000000000000
   0.000397718259841
  -0.000000000000001
   0.000529077646103
   0.001886763527065
   0.002943593118762
   0.025791809801793
  -0.119029202285584
   0.131977190272448
  -0.180483716569396
  -0.000607118154971
  -0.000064408822768
  -0.000709830007615
   0.009095157656747
   0.006071356245078
   0.004770351077299
   0.004094263204041
   0.006704949862134
   0.003852635147227


logL =

 -61.099543602471591


exitflag =

     0

-----
   0.880030759836021
   0.132323573230309
   1.449424442222563
  -0.006898393479502
  -0.045230834798350
  -0.009577485689170
   0.047473340945935
   3.772280465838740
   0.888629260546919
   0.740970233775637
   0.312036542597748
  -0.409991532559457
  -1.240779590268156
  -0.694211036347339
   2.111912260954624
   3.188125113106057
   0.030665880328055
  -0.144156499321028
  -0.359062822572224
  -0.066242539866247
   0.571945389012789
   0.127483105988120
   0.001324274278395
   0.000180741823206
   0.000657616060015
   0.000000000000000
   0.000397603993398
  -0.000000000000001
   0.000528941349939
   0.001884766804146
   0.002942603360547
   0.025788041280716
  -0.117867475727707
   0.132002973319630
  -0.180129564186579
  -0.000598208238023
  -0.000066712639784
  -0.000706611811064
   0.009106766888608
   0.006071144505627
   0.004772163564796
   0.004091836516380
   0.006698986571618
   0.003853742307139


logL =

 -61.099550743521398


exitflag =

     0

-----
   0.880054112863608
   0.132444037675782
   1.449570192079618
  -0.006895447954247
  -0.045223653225396
  -0.009583050390542
   0.047458776551933
   3.771090630133475
   0.888410132699367
   0.740851450583695
   0.311897967916992
  -0.409996960834322
  -1.240573565067748
  -0.694223166155072
   2.111722456614491
   3.188532594164022
   0.030652637430692
  -0.144214470219583
  -0.358994294640587
  -0.066217700866058
   0.571962909412969
   0.127609055024585
   0.001323905883550
   0.000180887983158
   0.000657758971378
   0.000000000000000
   0.000397634881064
  -0.000000000000001
   0.000528964154322
   0.001886686750104
   0.002942755474025
   0.025783238834046
  -0.117341524221959
   0.131918459288743
  -0.179792833734847
  -0.000596520662944
  -0.000071224609167
  -0.000706695835804
   0.009096275812674
   0.006072087533537
   0.004770066154523
   0.004095970145103
   0.006702822667823
   0.003847724937936


logL =

 -61.099557180293658


exitflag =

     0

-----
   0.880179511591208
   0.132581086454702
   1.449601772822648
  -0.006894150108559
  -0.045208099800693
  -0.009588988196414
   0.047444177811277
   3.770173860645391
   0.888872101814406
   0.740787707984852
   0.311752415915616
  -0.410034064626373
  -1.240505331562537
  -0.694274107380348
   2.111518527606137
   3.189540942735679
   0.030637606697772
  -0.144357594092087
  -0.358901528909863
  -0.066192876380783
   0.572019164602011
   0.127814761008765
   0.001324271100832
   0.000180996303580
   0.000657717898189
   0.000000000000000
   0.000397640931955
  -0.000000000000001
   0.000529084240939
   0.001883627171971
   0.002943561653557
   0.025779521867434
  -0.116798254952778
   0.132058860379417
  -0.179569834790018
  -0.000597204990913
  -0.000071641571478
  -0.000708337406935
   0.009104716102614
   0.006072679926593
   0.004774969073365
   0.004092825083469
   0.006707513635218
   0.003856169345491


logL =

 -61.099563534173235


exitflag =

     0

-----
   0.880160160675874
   0.132663057572723
   1.449685589718780
  -0.006890560268564
  -0.045200396214359
  -0.009583715730049
   0.047442919332059
   3.769207266537213
   0.888722438695686
   0.740783981456988
   0.311685312955708
  -0.409995409943719
  -1.240317608581769
  -0.694314863586492
   2.111432374726335
   3.189472492188163
   0.030629985460320
  -0.144369903844336
  -0.358820229965535
  -0.066176948115296
   0.572030896926150
   0.127834238114382
   0.001324097128945
   0.000181027680282
   0.000657627304925
   0.000000000000000
   0.000397755099249
  -0.000000000000001
   0.000528805263749
   0.001887833487171
   0.002942452168617
   0.025774454715864
  -0.116270930726409
   0.131922198369693
  -0.179337386343277
  -0.000597198350153
  -0.000072739821880
  -0.000709100523129
   0.009098761995735
   0.006068846596322
   0.004769329717800
   0.004092917346051
   0.006711905102204
   0.003850498798953


logL =

 -61.099567342742240


exitflag =

     0

-----
   0.880206332331174
   0.132727828100250
   1.449703529868427
  -0.006886204008540
  -0.045188286621397
  -0.009585583061686
   0.047438433262212
   3.767870243897260
   0.888528914283664
   0.740722337675463
   0.311619553244778
  -0.409993802998956
  -1.240109706872962
  -0.694335202406131
   2.111229895790778
   3.189605008737543
   0.030615746560902
  -0.144433641772810
  -0.358722404876776
  -0.066160861987293
   0.572064344923166
   0.127885798837149
   0.001324083783258
   0.000181309553902
   0.000657742524067
   0.000000000000000
   0.000397577355697
  -0.000000000000001
   0.000528986844356
   0.001884509234085
   0.002944263051330
   0.025772753789522
  -0.115648537445794
   0.131846157217914
  -0.179137144426172
  -0.000597499051175
  -0.000072522571381
  -0.000708052707345
   0.009099968032346
   0.006070291295201
   0.004771977972677
   0.004093464605086
   0.006700783663322
   0.003855816997537


logL =

 -61.099571687953187


exitflag =

     0

-----
   0.880212730787130
   0.132789341216379
   1.449735331533988
  -0.006886428200888
  -0.045182839827855
  -0.009588025881672
   0.047437947417956
   3.767216252009850
   0.888505380299294
   0.740680475919698
   0.311571595124462
  -0.409949207525556
  -1.240141304030918
  -0.694338952746863
   2.111100881801573
   3.189659596380998
   0.030610576933877
  -0.144449664088040
  -0.358665487230044
  -0.066151667411748
   0.572066026559440
   0.127963048968153
   0.001324015551934
   0.000181212512483
   0.000657743570295
   0.000000000000000
   0.000397702230245
  -0.000000000000001
   0.000528931273551
   0.001885233775728
   0.002942733247786
   0.025767912129170
  -0.114979650191545
   0.131821564826790
  -0.178934368636958
  -0.000595843540431
  -0.000072781039362
  -0.000705688950077
   0.009099133700807
   0.006068600820318
   0.004770006559231
   0.004093554206507
   0.006710270846708
   0.003848541535659


logL =

 -61.099574951450485


exitflag =

     0

-----
   0.880242791677891
   0.132858628145413
   1.449734837143282
  -0.006885517930445
  -0.045179011583784
  -0.009589144201290
   0.047437724131888
   3.766796169068750
   0.888777683847321
   0.740655460250222
   0.311481064383939
  -0.409954236853135
  -1.240130570934121
  -0.694358239198492
   2.111106223025353
   3.189879121019676
   0.030606851285871
  -0.144501085968811
  -0.358611953337379
  -0.066143576938914
   0.572079817941334
   0.128016450176290
   0.001324172513481
   0.000181389868290
   0.000658028880202
   0.000000000000000
   0.000397607951902
  -0.000000000000001
   0.000528904427487
   0.001886424480698
   0.002943363554355
   0.025765978278168
  -0.114653405970961
   0.131772403149929
  -0.178817564347047
  -0.000595153258767
  -0.000073707843761
  -0.000705758394706
   0.009102689995589
   0.006071605269033
   0.004770786996574
   0.004092766760659
   0.006705419393273
   0.003854063887646


logL =

 -61.099577374247019


exitflag =

     0

-----
   0.880237565817465
   0.132912415781521
   1.449803987854708
  -0.006886002229369
  -0.045175639058486
  -0.009586963643599
   0.047437321086322
   3.766334154553938
   0.888484366045614
   0.740646971204400
   0.311454577522946
  -0.409941314288925
  -1.240059720363960
  -0.694334431395955
   2.111044673142512
   3.190007875060122
   0.030603237010050
  -0.144480898021086
  -0.358537595137347
  -0.066138834196960
   0.572091520162809
   0.128087322490181
   0.001324412854499
   0.000181147966442
   0.000657422267742
   0.000000000000000
   0.000397683120518
  -0.000000000000001
   0.000528942444617
   0.001884968669585
   0.002941665346043
   0.025761848761618
  -0.113617412080489
   0.131705214853998
  -0.178504026083335
  -0.000592263746536
  -0.000076455722097
  -0.000703950526307
   0.009097078067469
   0.006069825676600
   0.004769741945513
   0.004093960023186
   0.006713720999191
   0.003852680448983


logL =

 -61.099580218333081


exitflag =

     0

-----
   0.880182362191408
   0.132961407713917
   1.449806245476178
  -0.006886273979573
  -0.045166851391867
  -0.009585342060521
   0.047431652882077
   3.765834987530702
   0.888743589850095
   0.740593838869632
   0.311339404475391
  -0.409893146732974
  -1.239999242900013
  -0.694357302714883
   2.110903561787380
   3.190194725473461
   0.030601584621124
  -0.144482769367572
  -0.358417070801944
  -0.066130801195169
   0.572108721193400
   0.128170310153878
   0.001323892465741
   0.000181370247208
   0.000658010341212
   0.000000000000000
   0.000397733468385
  -0.000000000000001
   0.000528858697150
   0.001886290718992
   0.002943072262534
   0.025759324040632
  -0.112741345740776
   0.131558501437692
  -0.178242587763415
  -0.000585337994030
  -0.000076741897750
  -0.000700668053089
   0.009105320868577
   0.006067679843467
   0.004769810399933
   0.004092034137381
   0.006703715084398
   0.003856019622494


logL =

 -61.099583862933045


exitflag =

     0

-----
   0.880230276862734
   0.133007913634525
   1.449755718063536
  -0.006886033258940
  -0.045160213833754
  -0.009591034346428
   0.047434969169570
   3.765419204045799
   0.888680646665583
   0.740614021708320
   0.311257013731988
  -0.409904859035236
  -1.239843115000143
  -0.694355941128619
   2.110777706431465
   3.190288831136220
   0.030598745606244
  -0.144497492005351
  -0.358391526463618
  -0.066120048429776
   0.572116763220317
   0.128226101271738
   0.001324347570231
   0.000181466399284
   0.000657604601621
   0.000000000000000
   0.000397587371453
  -0.000000000000001
   0.000528991482179
   0.001885640658493
   0.002943225592033
   0.025755660752400
  -0.112344200159782
   0.131532211646604
  -0.178110684592875
  -0.000588411445862
  -0.000075703870556
  -0.000700776500934
   0.009100748120490
   0.006072179730276
   0.004770825968244
   0.004092316267045
   0.006709800471754
   0.003851866161109


logL =

 -61.099586412164754


exitflag =

     0

-----
   0.880238090911467
   0.133069382660685
   1.449805399578320
  -0.006886036780089
  -0.045153513032146
  -0.009589167225387
   0.047430046682247
   3.764615347951142
   0.888817241606877
   0.740562282548951
   0.311173013834962
  -0.409877779097017
  -1.239643908973742
  -0.694364834219533
   2.110698681578720
   3.190491752073673
   0.030595326789855
  -0.144530800511890
  -0.358287697068910
  -0.066110350964181
   0.572145159508600
   0.128279081029466
   0.001323896823028
   0.000181279106933
   0.000657745047747
   0.000000000000000
   0.000397708846200
  -0.000000000000001
   0.000528879137422
   0.001885849954040
   0.002941651638623
   0.025751131062973
  -0.111755927874061
   0.131501435825426
  -0.177836343715342
  -0.000590999085123
  -0.000077604176542
  -0.000701767410313
   0.009101961226476
   0.006072880625846
   0.004769988330679
   0.004093962139580
   0.006706059093087
   0.003853629360381


logL =

 -61.099589328173522


exitflag =

     0

-----
   0.880249257965445
   0.133134968161552
   1.449836231879934
  -0.006884982687757
  -0.045141187129655
  -0.009589475471967
   0.047421288303512
   3.763754852836890
   0.888726579686009
   0.740484867917126
   0.311139414745169
  -0.409827609801872
  -1.239574961852438
  -0.694382131224811
   2.110601986856265
   3.190339893567282
   0.030580930478999
  -0.144518529127748
  -0.358170340126569
  -0.066104505755431
   0.572141866683022
   0.128342783932170
   0.001324411053380
   0.000181407491069
   0.000657756154311
   0.000000000000000
   0.000397651603281
  -0.000000000000001
   0.000529003855281
   0.001884539603738
   0.002942256434995
   0.025746964791610
  -0.110614327825015
   0.131389442958269
  -0.177588887541999
  -0.000588734079010
  -0.000072906886004
  -0.000699543604053
   0.009098596505666
   0.006066646641638
   0.004770404151019
   0.004092183570384
   0.006709441179191
   0.003852060713648


logL =

 -61.099592505883798


exitflag =

     0

-----
   0.880290464764239
   0.133171015204042
   1.449839781974218
  -0.006885277432547
  -0.045140028147307
  -0.009592658650154
   0.047423610416881
   3.763655252317106
   0.888853924042522
   0.740534943275744
   0.311093677148022
  -0.409845066377897
  -1.239599193755936
  -0.694390070543254
   2.110514196040979
   3.190713181585661
   0.030576125507057
  -0.144558481304025
  -0.358133574704367
  -0.066095643386650
   0.572164560471338
   0.128405677674739
   0.001324210016006
   0.000181457971097
   0.000657689352503
   0.000000000000000
   0.000397688171099
  -0.000000000000001
   0.000528925007001
   0.001886091722930
   0.002942230131575
   0.025744500297856
  -0.110232352806440
   0.131410986664367
  -0.177431108105374
  -0.000590073812530
  -0.000073623853327
  -0.000700463486836
   0.009100644854759
   0.006069536315602
   0.004771804287389
   0.004094180582878
   0.006709061443516
   0.003855304312523


logL =

 -61.099594758528184


exitflag =

     0

-----
   0.880297256139650
   0.133198703042538
   1.449890081631355
  -0.006883467473560
  -0.045135049255489
  -0.009592629305806
   0.047425091684015
   3.763381782666631
   0.888946489694645
   0.740551755863082
   0.311021724653442
  -0.409817444717593
  -1.239512882779183
  -0.694411113406327
   2.110411775324556
   3.190687755719304
   0.030574053118702
  -0.144550051551943
  -0.358047517385494
  -0.066090045897957
   0.572173582956516
   0.128436510727606
   0.001324052090536
   0.000181695953282
   0.000657682805195
   0.000000000000000
   0.000397596921745
  -0.000000000000001
   0.000528922533937
   0.001885167693872
   0.002943312079508
   0.025742218880434
  -0.109950468703661
   0.131368689270762
  -0.177300493306340
  -0.000588479808352
  -0.000074202418336
  -0.000699561424036
   0.009102798269595
   0.006070326902332
   0.004769232933346
   0.004092623634634
   0.006706415004342
   0.003854268546631


logL =

 -61.099596461583850


exitflag =

     0

-----
   0.880287020616767
   0.133254213003064
   1.449944191070230
  -0.006882711343292
  -0.045127335823032
  -0.009595456459834
   0.047425580910761
   3.762740546681595
   0.888978524817679
   0.740567657564563
   0.310968336086677
  -0.409777812350264
  -1.239620914636712
  -0.694412201196065
   2.110258742487346
   3.190959742406122
   0.030570834572361
  -0.144553915247797
  -0.357991576687190
  -0.066077399689769
   0.572176946116642
   0.128470716925462
   0.001324175536895
   0.000181720341589
   0.000657632329601
   0.000000000000000
   0.000397629700583
  -0.000000000000001
   0.000528804812751
   0.001885013748174
   0.002942249420527
   0.025737513742933
  -0.109438213162015
   0.131269354788306
  -0.177087093507584
  -0.000592078769592
  -0.000069762663936
  -0.000699340332992
   0.009096199290236
   0.006070041707016
   0.004771590491534
   0.004094099082871
   0.006709228728892
   0.003851742111600


logL =

 -61.099598754332206


exitflag =

     0

-----
   0.880285167537517
   0.133294379414319
   1.449971973375497
  -0.006882059463392
  -0.045121005099223
  -0.009597129781068
   0.047420578523022
   3.762469276335789
   0.889039488869724
   0.740529008294916
   0.310918998752347
  -0.409748118569174
  -1.239595701702035
  -0.694398571122439
   2.110218740259073
   3.191053400392857
   0.030570827393597
  -0.144556601677491
  -0.357924557455587
  -0.066070385141778
   0.572176306263713
   0.128499979047110
   0.001324060149084
   0.000181327987631
   0.000657729616090
   0.000000000000000
   0.000397698923072
  -0.000000000000001
   0.000528982860384
   0.001885346439026
   0.002942649828255
   0.025734533673853
  -0.108587530114330
   0.131229335477195
  -0.176873827593591
  -0.000589042974398
  -0.000067568375631
  -0.000697278575715
   0.009101242120590
   0.006070186542509
   0.004769844328784
   0.004092000833434
   0.006706027145716
   0.003853121439943


logL =

 -61.099601026613065


exitflag =

     0

-----
   0.880267640168700
   0.133335813907982
   1.449963233931331
  -0.006881941255786
  -0.045116503572732
  -0.009596200625758
   0.047421040105059
   3.762053942820522
   0.889133404711181
   0.740536692907132
   0.310896954374225
  -0.409724541495184
  -1.239467234640696
  -0.694442537402176
   2.110154233595066
   3.191270401075988
   0.030568298698993
  -0.144535849602115
  -0.357830320257959
  -0.066064271292190
   0.572176494456722
   0.128516759508295
   0.001324271875096
   0.000181723652557
   0.000657595856863
   0.000000000000000
   0.000397611405996
  -0.000000000000001
   0.000528886515069
   0.001885277305879
   0.002943058040270
   0.025730289204195
  -0.107466069462429
   0.131133385360050
  -0.176657429430626
  -0.000592781961917
  -0.000068355872501
  -0.000695252292451
   0.009097927995846
   0.006070257715793
   0.004770905555498
   0.004094272671365
   0.006706014915822
   0.003851499482109


logL =

 -61.099603416837297


exitflag =

     0

-----
   0.880307946478511
   0.133387603014697
   1.449994757124448
  -0.006882363606659
  -0.045108811751090
  -0.009599941760886
   0.047409867181871
   3.761889365404725
   0.889161828739727
   0.740511706409650
   0.310753493964966
  -0.409677937566119
  -1.239208180593567
  -0.694474732467481
   2.109892310508110
   3.191276587486774
   0.030572640017814
  -0.144559190837221
  -0.357831749803478
  -0.066041856160607
   0.572183948616942
   0.128517938688364
   0.001324027890284
   0.000181756525635
   0.000657769811068
   0.000000000000000
   0.000397702551037
  -0.000000000000001
   0.000528919995768
   0.001885718737139
   0.002942786778046
   0.025725694176836
  -0.106941772733177
   0.131070127506311
  -0.176406835519529
  -0.000597362923297
  -0.000068733809594
  -0.000697694437370
   0.009102439157883
   0.006069528066807
   0.004769820073239
   0.004092477365726
   0.006710162939233
   0.003855429943765


logL =

 -61.099605680037044


exitflag =

     0

-----
   0.880272750558276
   0.133402087606453
   1.450069748731472
  -0.006881091689042
  -0.045109607264916
  -0.009598290515135
   0.047418277637787
   3.761339521456399
   0.888874126626627
   0.740541272564939
   0.310724675178636
  -0.409642220258070
  -1.239108661230066
  -0.694407188805951
   2.109865383596993
   3.191198347037221
   0.030555850541036
  -0.144543673948307
  -0.357717684059740
  -0.066044433049654
   0.572166048904517
   0.128589516609120
   0.001324238463319
   0.000181408993043
   0.000657720699728
   0.000000000000000
   0.000397681125799
  -0.000000000000001
   0.000528929442138
   0.001884803715356
   0.002941603053710
   0.025722650591073
  -0.105762613404251
   0.131003197038163
  -0.176152218567163
  -0.000591958286413
  -0.000069040320442
  -0.000692621610938
   0.009096747223976
   0.006070549946662
   0.004771481213084
   0.004093240056572
   0.006703415159450
   0.003852255380601


logL =

 -61.099607968620731


exitflag =

     0

-----
   0.880315339839043
   0.133431204784416
   1.450030360281091
  -0.006882902979401
  -0.045099650319497
  -0.009600026787831
   0.047412130321785
   3.761377038667099
   0.889241061344546
   0.740598524671793
   0.310655560898997
  -0.409669008626926
  -1.239112049225230
  -0.694430465568659
   2.109736626714414
   3.191142240805370
   0.030562790919720
  -0.144561116984583
  -0.357738784113259
  -0.066038808545998
   0.572199270295616
   0.128626067018433
   0.001324158607483
   0.000181655476561
   0.000657699021909
   0.000000000000000
   0.000397714741779
  -0.000000000000001
   0.000528904342012
   0.001885564222810
   0.002943026226701
   0.025720462177935
  -0.105353301949478
   0.130974555322123
  -0.176007600984732
  -0.000592835601824
  -0.000069343444225
  -0.000693462395755
   0.009101083065850
   0.006070041825234
   0.004771281772592
   0.004092518961764
   0.006711002176115
   0.003853683306158


logL =

 -61.099610182608146


exitflag =

     0

-----
   0.880292700664499
   0.133453151699846
   1.450010663625815
  -0.006884373368174
  -0.045096186074416
  -0.009600279229165
   0.047413683605591
   3.761313213372624
   0.889184542527857
   0.740611903586832
   0.310609598086188
  -0.409626933414734
  -1.239076487995575
  -0.694445510708398
   2.109611404074714
   3.191112286655910
   0.030559330274874
  -0.144561490232969
  -0.357684076425907
  -0.066034628287628
   0.572234458233567
   0.128661814849193
   0.001324235487429
   0.000181512910007
   0.000657615225574
   0.000000000000000
   0.000397707946353
  -0.000000000000001
   0.000528893936983
   0.001886166111568
   0.002942990035285
   0.025717528050767
  -0.104581322855916
   0.130895579049991
  -0.175792116862113
  -0.000591677653394
  -0.000069510820018
  -0.000692440351581
   0.009100978388725
   0.006070451697314
   0.004770425493538
   0.004094200332347
   0.006710786986128
   0.003855176274111


logL =

 -61.099611971961096


exitflag =

     0

-----
   0.880261241377148
   0.133483024126528
   1.450036444369574
  -0.006885478217117
  -0.045090880071653
  -0.009595529430316
   0.047417608213954
   3.760595810028724
   0.888970480019289
   0.740702105526943
   0.310508457641528
  -0.409599777831470
  -1.238878384083694
  -0.694424305996448
   2.109517871767785
   3.191007140807210
   0.030544193501524
  -0.144516885283737
  -0.357505952103266
  -0.066039536648049
   0.572226465869022
   0.128797583220077
   0.001324134080926
   0.000181300422975
   0.000657815936838
   0.000000000000000
   0.000397702741178
  -0.000000000000001
   0.000528928712584
   0.001885009942293
   0.002941713548869
   0.025710592443348
  -0.103248865103233
   0.130702866086902
  -0.175380213213646
  -0.000591260612957
  -0.000072015188521
  -0.000688606219602
   0.009100517602202
   0.006069942845795
   0.004770178578117
   0.004092669838412
   0.006704437490163
   0.003850829593809


logL =

 -61.099614885966339


exitflag =

     0

-----
   0.880280432020317
   0.133507705579932
   1.450038357406348
  -0.006884343159625
  -0.045086346277302
  -0.009598127088732
   0.047411535429930
   3.760842522654044
   0.889192368547594
   0.740701417021165
   0.310485884242349
  -0.409646263301833
  -1.239005204039344
  -0.694437475358294
   2.109395544164403
   3.191177176830692
   0.030539427355872
  -0.144545420974081
  -0.357476785823599
  -0.066031244738189
   0.572247600713992
   0.128818633738336
   0.001324203221475
   0.000181513335465
   0.000657654807394
   0.000000000000000
   0.000397694015667
  -0.000000000000001
   0.000528940179702
   0.001885208665656
   0.002942104457147
   0.025709304852831
  -0.102672360044477
   0.130700654792357
  -0.175276131738358
  -0.000592320585273
  -0.000071695065234
  -0.000689073703777
   0.009099938769511
   0.006069611038535
   0.004770298074680
   0.004093567041416
   0.006706133523720
   0.003852978412881


logL =

 -61.099617249309595


exitflag =

     0

-----
   0.880326015030338
   0.133524483615306
   1.450058159520201
  -0.006883703993539
  -0.045078291266236
  -0.009600313263248
   0.047412867086265
   3.760695320947072
   0.889182456341415
   0.740795983329032
   0.310410755086922
  -0.409654611158383
  -1.238940340413253
  -0.694445096506589
   2.109257714013063
   3.191430469425539
   0.030535781832644
  -0.144542157683573
  -0.357398056443804
  -0.066019884429487
   0.572258690561212
   0.128858843136012
   0.001324507223409
   0.000181388101015
   0.000657649571053
   0.000000000000000
   0.000397665728741
  -0.000000000000001
   0.000528908868193
   0.001885539998303
   0.002943467221183
   0.025704772084440
  -0.102225489728603
   0.130657618749332
  -0.175116644894349
  -0.000596544395971
  -0.000068596368300
  -0.000689109759614
   0.009099336744407
   0.006068976649722
   0.004770889649816
   0.004093455635107
   0.006708157114984
   0.003853777635348


logL =

 -61.099619029676482


exitflag =

     0

-----
   0.880316220267543
   0.133560575469190
   1.450128802860523
  -0.006883729201905
  -0.045074475651585
  -0.009598450724320
   0.047412845454472
   3.760370100833696
   0.889260934891468
   0.740714740209893
   0.310307266489394
  -0.409640509387144
  -1.238907277105915
  -0.694435497481125
   2.109313576123436
   3.191658111082036
   0.030523458962159
  -0.144519622811360
  -0.357264065699900
  -0.066012019076184
   0.572280139458038
   0.128946524117837
   0.001323763873136
   0.000181467238741
   0.000657804098624
   0.000000000000000
   0.000397750699036
  -0.000000000000001
   0.000528937566899
   0.001885566564548
   0.002941786129969
   0.025702460943640
  -0.101230213467510
   0.130583922474641
  -0.174780055362164
  -0.000591855919400
  -0.000065158473327
  -0.000687409174631
   0.009101877924564
   0.006070863399637
   0.004770885419894
   0.004093662166940
   0.006704403860867
   0.003850167138828


logL =

 -61.099621636806560


exitflag =

     0

-----
   0.880319040423688
   0.133580040559902
   1.450121698336030
  -0.006883370124245
  -0.045069774511584
  -0.009600602999285
   0.047411928509930
   3.759965696551536
   0.889302706775139
   0.740753667923273
   0.310273554217590
  -0.409634390696387
  -1.238907040016251
  -0.694465610851883
   2.109209799907275
   3.191696420689429
   0.030521460710615
  -0.144508407879878
  -0.357212083344088
  -0.066011336495695
   0.572290386412067
   0.128970690820910
   0.001324331459182
   0.000181499877299
   0.000657663217686
   0.000000000000000
   0.000397715767438
  -0.000000000000001
   0.000528919571932
   0.001885415983336
   0.002943195076172
   0.025700134924490
  -0.100969731086917
   0.130525241595347
  -0.174634972993138
  -0.000591989963976
  -0.000065614543774
  -0.000687520932340
   0.009098095809781
   0.006069215676272
   0.004773132806478
   0.004093046803898
   0.006709306865662
   0.003853460797123


logL =

 -61.099623135861670


exitflag =

     0

-----
   0.880316098431874
   0.133585971237753
   1.450121459979785
  -0.006884093734595
  -0.045069302363238
  -0.009601938155639
   0.047413854283464
   3.759839036896928
   0.889255215240635
   0.740720663644322
   0.310247904973235
  -0.409586696878588
  -1.238918985634761
  -0.694454508154215
   2.109171155634395
   3.191623250073238
   0.030516849441321
  -0.144495427547315
  -0.357149279466117
  -0.066010750136728
   0.572286693777401
   0.129013617049200
   0.001323980201328
   0.000181457135499
   0.000657638368071
   0.000000000000000
   0.000397716795789
  -0.000000000000001
   0.000528881342104
   0.001885304471621
   0.002943629069085
   0.025696333230903
  -0.100225396912862
   0.130454571388220
  -0.174453149513523
  -0.000589607804120
  -0.000067557009726
  -0.000685385638977
   0.009100933409682
   0.006070036664614
   0.004769548833963
   0.004093571879974
   0.006707363842641
   0.003857500289675


logL =

 -61.099624513398254


exitflag =

     0

-----
   0.880360111494474
   0.133620743222670
   1.450114504507342
  -0.006882839247853
  -0.045063081294903
  -0.009600201180049
   0.047409475469734
   3.759729991697579
   0.889425824754686
   0.740772921550780
   0.310230509974247
  -0.409635924520108
  -1.238903510086336
  -0.694500518682835
   2.109066141051017
   3.191886869058537
   0.030513105940674
  -0.144497931292528
  -0.357075927362313
  -0.066001089409113
   0.572285508801625
   0.129019465670576
   0.001324149328239
   0.000181767636226
   0.000657618609711
   0.000000000000000
   0.000397681080327
  -0.000000000000001
   0.000528972271416
   0.001885654679796
   0.002942612022100
   0.025693847188979
  -0.099827577031338
   0.130485032647258
  -0.174292097767290
  -0.000594194457023
  -0.000068268398457
  -0.000687754382038
   0.009101868985524
   0.006069754164799
   0.004770863387656
   0.004093157627652
   0.006707974724155
   0.003851335241210


logL =

 -61.099625915567373


exitflag =

     0

-----
   0.880331659720964
   0.133613713655812
   1.450136639260845
  -0.006883623114004
  -0.045057689412040
  -0.009603264627284
   0.047405431924642
   3.759523535840396
   0.889286715600487
   0.740790802470189
   0.310170701478784
  -0.409602583675767
  -1.238916466699536
  -0.694497691704862
   2.109026194544111
   3.192134643615038
   0.030494852920876
  -0.144482652406894
  -0.356978474285520
  -0.066003147363157
   0.572299082709395
   0.129122170171950
   0.001324059613228
   0.000181176763777
   0.000657710709689
   0.000000000000000
   0.000397749319856
  -0.000000000000001
   0.000528913871178
   0.001885369581515
   0.002942706062360
   0.025692085688419
  -0.098170645315452
   0.130305689339188
  -0.173914380936713
  -0.000589949755403
  -0.000070478924225
  -0.000683610016599
   0.009097782661929
   0.006067636963203
   0.004770014668155
   0.004093376529334
   0.006704058191424
   0.003853013076200


logL =

 -61.099628726406650


exitflag =

     0

-----
   0.880363983600058
   0.133647093881079
   1.450151018084999
  -0.006883085316901
  -0.045053297930577
  -0.009603644584358
   0.047412575148371
   3.759308754137962
   0.889470319658517
   0.740804615429336
   0.310088392435767
  -0.409640042424320
  -1.238832120276998
  -0.694499226775224
   2.108812765449725
   3.192185089741258
   0.030496554401641
  -0.144496897238971
  -0.356943200075649
  -0.065989109656268
   0.572326649005834
   0.129123090235536
   0.001324326338000
   0.000181709162310
   0.000657584127612
   0.000000000000000
   0.000397669392454
  -0.000000000000001
   0.000528950914343
   0.001885188957011
   0.002941795724432
   0.025689563793335
  -0.098065988308742
   0.130386156665364
  -0.173758341170678
  -0.000593187701602
  -0.000069853630168
  -0.000686017015641
   0.009099565739116
   0.006069458966963
   0.004770524984418
   0.004093933632145
   0.006707586865073
   0.003852489229669


logL =

 -61.099630424697864


exitflag =

     0

-----
   0.880366837095949
   0.133667743749974
   1.450129148188684
  -0.006883927789190
  -0.045052658849095
  -0.009602969728118
   0.047413969923283
   3.759141577534324
   0.889472038863022
   0.740834661068550
   0.310077798548020
  -0.409602106524947
  -1.238608063903802
  -0.694491309801524
   2.108759972744180
   3.192218815898153
   0.030492779561303
  -0.144495900933095
  -0.356840800096827
  -0.065989883621789
   0.572313588633832
   0.129155976075114
   0.001324153583068
   0.000181479681224
   0.000657616667698
   0.000000000000000
   0.000397663651210
  -0.000000000000001
   0.000528931564920
   0.001885646096545
   0.002943567873231
   0.025686930880870
  -0.097436315835196
   0.130301489878950
  -0.173556619861643
  -0.000592474291664
  -0.000069887178706
  -0.000685526344409
   0.009098555676077
   0.006067930582265
   0.004770271421717
   0.004093217522638
   0.006706635852772
   0.003852303891882


logL =

 -61.099631723527722


exitflag =

     0

-----
   0.880377546026067
   0.133691305614867
   1.450156506927850
  -0.006882469144033
  -0.045047351865538
  -0.009603884443048
   0.047409937010844
   3.758989895469882
   0.889510074681618
   0.740837876202255
   0.310016989442537
  -0.409604239656787
  -1.238568268447968
  -0.694506739196287
   2.108694726587919
   3.192216144472400
   0.030491430234886
  -0.144494890315282
  -0.356827249010098
  -0.065984283070158
   0.572325314633273
   0.129186171976026
   0.001324240498040
   0.000181654702432
   0.000657611212428
   0.000000000000000
   0.000397667531814
  -0.000000000000001
   0.000528938127454
   0.001884984911027
   0.002942174703298
   0.025684966523264
  -0.097222857480126
   0.130330327919455
  -0.173461492832121
  -0.000595248513315
  -0.000069759870855
  -0.000686207208539
   0.009099866819751
   0.006069913947156
   0.004770778629183
   0.004093609820174
   0.006706983355036
   0.003852902730938


logL =

 -61.099632920594779


exitflag =

     0

-----
   0.880350996672211
   0.133741292406091
   1.450144966760507
  -0.006880943803770
  -0.045041329534017
  -0.009602799140344
   0.047404603454203
   3.758132726367320
   0.889494292243818
   0.740807314826696
   0.309942226669512
  -0.409556808602445
  -1.238404422271074
  -0.694509146845643
   2.108517439296547
   3.191863452944761
   0.030482193895973
  -0.144456107359064
  -0.356678530331883
  -0.065975918601615
   0.572321058980789
   0.129223886842050
   0.001324956617922
   0.000181385905491
   0.000657829412495
   0.000000000000000
   0.000397692055803
  -0.000000000000001
   0.000528863061152
   0.001886532773179
   0.002942678377370
   0.025678688579200
  -0.096061546487076
   0.130172592616452
  -0.173070935703900
  -0.000595027650683
  -0.000063335623574
  -0.000684924290015
   0.009094593399010
   0.006070301850219
   0.004768747448740
   0.004093928425757
   0.006708116503977
   0.003853776474655


logL =

 -61.099635178542883


exitflag =

     0

-----
   0.880353591393991
   0.133764836020029
   1.450137547769808
  -0.006880443984685
  -0.045035380952096
  -0.009605922608051
   0.047405853137854
   3.757968348134162
   0.889581854992463
   0.740820226671919
   0.309894599118890
  -0.409548912265675
  -1.238280756688968
  -0.694506654654307
   2.108428932538303
   3.191959114372181
   0.030483689985843
  -0.144451188653683
  -0.356627066872892
  -0.065970470375274
   0.572326712672249
   0.129231459305088
   0.001324116045669
   0.000181491010862
   0.000657640468533
   0.000000000000000
   0.000397702432881
  -0.000000000000001
   0.000528956856212
   0.001884988427745
   0.002942090985936
   0.025676566379931
  -0.095654509698008
   0.130166169595854
  -0.172833877321288
  -0.000595270531203
  -0.000064168102881
  -0.000686015062922
   0.009099204211010
   0.006069868689429
   0.004770882980826
   0.004092602888224
   0.006706173694415
   0.003851392536690


logL =

 -61.099637261417193


exitflag =

     0

-----
