   0.860400000000000
   0.131600000000000
   1.452800000000000
  -0.007358000000000
  -0.044381000000000
  -0.009482000000000
   0.047200000000000
   3.648900000000000
   0.877400000000000
   0.717600000000000
   0.320800000000000
  -0.427000000000000
  -1.243900000000000
  -0.694700000000000
   2.126100000000000
   3.077200000000000
   0.032900000000000
  -0.146800000000000
  -0.363000000000000
  -0.078800000000000
   0.598300000000000
   0.152400000000000
   0.001314000000000
   0.000187000000000
   0.000654000000000
                   0
   0.000395000000000
                   0
   0.000531000000000
   0.001900000000000
   0.002979000000000
   0.026900000000000
  -0.020900000000000
   0.107200000000000
  -0.221400000000000
  -0.000712000000000
  -0.000038000000000
  -0.000601000000000
   0.009136000000000
   0.006006000000000
   0.004707000000000
   0.004112000000000
   0.006000000000000
   0.003500000000000
   0.006006000000000
   0.004707000000000
   0.004112000000000
   0.221100000000000
   0.004200000000000
  -0.362100000000000
  -0.198700000000000
   0.167100000000000
   0.965000000000000
   0.127800000000000
  -0.086700000000000


logL =

 -64.123073772800694

   0.822072697946406
   0.252815659014191
   1.832058674778370
  -0.008570618708497
  -0.043254048245855
  -0.011507402489982
   0.039208556226333
   3.430766945056125
   0.962037564357330
   0.662675873055760
   0.250693675677748
  -0.350697776360160
  -1.199245130968572
  -0.797904146130377
   2.257865014186638
   2.889077312036409
   0.028477342038176
  -0.109212338133291
  -0.351042706195720
  -0.102178103116570
   0.598598998805964
   0.149068589211419
   0.001247441015333
   0.000144962511010
   0.000621994506341
  -0.000056753548688
   0.000424098907213
   0.000063162029774
   0.000525963792545
   0.002828133992062
   0.002969766843207
   0.029888498081507
  -0.029704878064870
   0.096549442717821
  -0.187267944337488
  -0.000678444964307
  -0.000039502659773
  -0.000680233112988
   0.008274072039599
   0.002983067579456
  -0.000311909821079
   0.001177159398101
   0.005994762756473
   0.004511756743779
   0.007051174148050
   0.003413526968805
   0.004141764263816
   0.333957350432906
   0.001329899129377
  -0.268257255585831
  -0.180810025591385
   0.346671270959812
   1.638171306685625
   0.135707995725822
  -0.048336099097811


logL =

 -68.435250188825492


exitflag =

     0

-----
   0.840091399302735
   0.254268725867383
   1.831327094549263
  -0.010201902308833
  -0.043719368529914
  -0.014317160943694
   0.040868794536532
   3.768967753829964
   0.986956791442668
   0.743928027669205
   0.240599419842722
  -0.311350497905802
  -1.240480351244387
  -0.784036437783882
   2.244909903351226
   2.866176335927116
   0.029933562442112
  -0.125546531576589
  -0.352006845654206
  -0.091349858010013
   0.606122070159344
   0.132713911181861
   0.001332275888950
   0.000101349687538
   0.000672729413621
  -0.000049513417479
   0.000390932457349
   0.000054316357226
   0.000550047396871
   0.001827644160987
   0.003160895838477
   0.028544043570879
  -0.031782813747868
   0.093600676456948
  -0.185714031061816
  -0.000758924485118
  -0.000100113431963
  -0.000670108201369
   0.008998986263261
   0.000863356515820
  -0.000110203627558
   0.000768214182066
   0.006703361901210
   0.008011556911722
   0.005263887369898
   0.004272760057861
   0.002897094073141
   0.189699403402469
   0.001981707260320
  -0.374017983362427
  -0.312160782887778
   0.170367542915638
   1.000580471823351
   0.078904220829431
  -0.048156395637409


logL =

 -69.402875631347229


exitflag =

     0

-----
   0.846385681383432
   0.257332939766103
   1.809137357870520
  -0.011273609367223
  -0.041442811747850
  -0.013971625376120
   0.042178122406347
   3.605621178063346
   1.045764409507615
   0.677223302744920
   0.248318959331278
  -0.356224719686191
  -1.279492121935810
  -0.782143136335041
   2.007705165224844
   2.892311911165271
   0.038688280565052
  -0.129142765933917
  -0.327749048196132
  -0.103481239370364
   0.573075253853727
   0.116163759841496
   0.001325370199483
   0.000237968037825
   0.000628552467838
   0.000009649690495
   0.000408754439796
   0.000012225366012
   0.000524412921151
   0.001834055729688
   0.002992169496031
   0.028604988724437
  -0.034770696883113
   0.095087854140403
  -0.183131327966441
  -0.000757207375862
  -0.000245845063066
  -0.000703029453005
   0.009705090041983
   0.000890428965661
   0.000058877029742
   0.000685473416786
   0.007334658862394
   0.006770320779956
   0.005174859120157
   0.003850651792051
   0.003001563089065
   0.186091514218124
   0.002739164856546
  -0.738683522338280
  -0.446269455532961
   0.212387161621592
   1.067058452901999
   0.084378818417226
  -0.048018430294799


logL =

 -69.618852722317200


exitflag =

     0

-----
   0.842493558974440
   0.255003453811231
   1.751356692958614
  -0.011680111349524
  -0.038247115067389
  -0.013892111996035
   0.047254978606546
   3.833080467039363
   1.094196057900001
   0.733218316841081
   0.256846997859773
  -0.368639282993885
  -1.395824547385368
  -0.789270842157928
   1.750777738606614
   2.891500351392353
   0.042215617283682
  -0.166240545005076
  -0.310029366390267
  -0.119037904055642
   0.547160169302665
   0.092921321997119
   0.001330001512490
   0.000227403255201
   0.000642825945661
  -0.000008092933826
   0.000406982950027
   0.000019565912275
   0.000538829584767
   0.002235124326966
   0.002978069780781
   0.028937484934735
  -0.034901473698191
   0.097284773113351
  -0.176526159359738
  -0.000840958979323
  -0.000368993469297
  -0.000705461641230
   0.009346156748300
   0.000939893835965
   0.000044791723747
   0.000713770360626
   0.009631667486068
   0.006193610183700
   0.005443033031012
   0.004071528720714
   0.002894165196984
   0.247695862759975
   0.002083125535018
  -0.725534771761445
  -0.447489262091690
   0.085503953766420
   0.922439624084613
   0.098417969919679
  -0.112738867115911


logL =

 -69.709261092129182


exitflag =

     0

-----
   0.846668160637289
   0.249534671166688
   1.716830986641092
  -0.010287382995714
  -0.037189689784312
  -0.013297645276017
   0.045420342229302
   3.715651347567144
   1.096001836189248
   0.752386285819803
   0.285368263453283
  -0.391303693864359
  -1.399628262705036
  -0.785924041503541
   1.705625684936788
   2.900022220523716
   0.044479862136639
  -0.170279178989631
  -0.297644606613185
  -0.120310653262593
   0.554965775081660
   0.089570290602327
   0.001352228583961
   0.000194984657857
   0.000644284287666
  -0.000012927729163
   0.000408175155972
   0.000008852816064
   0.000523337832272
   0.002002653297938
   0.003100367354974
   0.029138050014477
  -0.043619699775378
   0.098552985659590
  -0.175520231102395
  -0.000958522758124
  -0.000689229593656
  -0.000675384882405
   0.008885556153067
   0.000883963896158
   0.000030723455731
   0.000684690409375
   0.009944732848036
   0.004774480759205
   0.005045193013714
   0.003919063862850
   0.002909671071735
   0.250370898435880
   0.002102773203902
  -0.720983795682177
  -0.420554069215842
   0.084104187104257
   1.012392019232276
   0.095600045148825
  -0.117122129060657


logL =

 -69.758674302222758


exitflag =

     0

-----
   0.853793891611216
   0.253154556691173
   1.711877083349485
  -0.009949046515670
  -0.036391183334603
  -0.013407247814293
   0.048012281943660
   3.690626099686301
   1.129807906074421
   0.764721482105494
   0.295859801713293
  -0.391172634140418
  -1.419880885904452
  -0.788504848689930
   1.674852893570857
   2.878687600895596
   0.045640962497511
  -0.172452991815303
  -0.274309490923486
  -0.122680530366532
   0.562379721588619
   0.080325189212040
   0.001345457123991
   0.000192671919813
   0.000650835064877
  -0.000003335981098
   0.000409197180680
   0.000000300740926
   0.000525303384348
   0.001981054530285
   0.002973084658229
   0.029072244801868
  -0.053622642062103
   0.097171172144819
  -0.168097226056563
  -0.000990225369300
  -0.001106944039509
  -0.000718995413740
   0.009154478503924
   0.000900992612155
   0.000016328216612
   0.000682443003929
   0.009778100705666
   0.004354934435696
   0.005159683128049
   0.003796109273041
   0.002945142640834
   0.266730479358673
   0.001856760966340
  -0.715753088894467
  -0.442388110235072
   0.077614628883107
   0.976523287477733
   0.105950578736462
  -0.135828535791069


logL =

 -69.779884856476755


exitflag =

     0

-----
   0.860193029280418
   0.252799073615899
   1.693010278796108
  -0.010227945605265
  -0.035680225001015
  -0.013249666096514
   0.045912464765323
   3.672765032701665
   1.100029731063504
   0.768924701030286
   0.298855548843845
  -0.400768032684600
  -1.452825895992966
  -0.807171612744786
   1.709150618915486
   2.860001881050250
   0.042116894530944
  -0.163533801363998
  -0.260071412290837
  -0.122404120670475
   0.567557791770348
   0.090226015712929
   0.001339403464789
   0.000189707609375
   0.000652854323903
  -0.000001621858409
   0.000396240496013
   0.000000026151402
   0.000529857511754
   0.002016340584407
   0.003057999524541
   0.028923715349329
  -0.052324524584066
   0.095589595903736
  -0.162712164876376
  -0.001048512066153
  -0.001524982929349
  -0.000753688214773
   0.009272995111366
   0.000923678965116
   0.000024861710954
   0.000697597972662
   0.008675249798134
   0.004092534981923
   0.005200633874599
   0.003864980707646
   0.002885638274046
   0.280916380615796
   0.002411059259345
  -0.642272035948098
  -0.444899938470494
   0.097413382137545
   0.965818066878741
   0.110690456831113
  -0.153453959434847


logL =

 -69.798057115179247


exitflag =

     0

-----
   0.857803225732106
   0.250485272700895
   1.691867493810190
  -0.010049246582823
  -0.035666614652634
  -0.013099743187518
   0.047171747611214
   3.591388465402515
   1.096547210415776
   0.757762458080276
   0.294379965056172
  -0.389318312047368
  -1.422273217792208
  -0.806228765772484
   1.735561147812672
   2.838046216031479
   0.042668400830583
  -0.153960361516086
  -0.257066401200617
  -0.122400311110688
   0.569241441249432
   0.091510863747639
   0.001327818925069
   0.000201259851920
   0.000653538694256
  -0.000002594651259
   0.000403968211328
   0.000000023803511
   0.000525455404124
   0.001954957926733
   0.002959807508338
   0.028883195248811
  -0.051195100198038
   0.094857279767748
  -0.160595787653507
  -0.001052277674738
  -0.001688626463476
  -0.000762021756678
   0.009360138800548
   0.000897632415992
   0.000005646039864
   0.000688573028054
   0.008352171120756
   0.004083694580085
   0.005133427394664
   0.003794327039176
   0.002903314181341
   0.285867677241551
   0.002288142228989
  -0.671145169498718
  -0.428270335968835
   0.115974956496070
   0.985178923786301
   0.126744366471620
  -0.154208589902414


logL =

 -69.805199147316586


exitflag =

     0

-----
   0.863068572002723
   0.248794895465519
   1.691783624983366
  -0.009965826979480
  -0.035369076780862
  -0.012945397742950
   0.045930496038439
   3.553465619371771
   1.077575747353742
   0.759005753761177
   0.305289621786855
  -0.395553154196722
  -1.404686042793965
  -0.805823643018440
   1.740103592098174
   2.835414254321105
   0.042401916119647
  -0.156709603675015
  -0.250799420631181
  -0.122678697076154
   0.583838845207045
   0.095079330358184
   0.001329834206688
   0.000199629548663
   0.000653256512280
  -0.000002164436721
   0.000405755796757
   0.000000003142139
   0.000528278850042
   0.001933865401540
   0.002955557989712
   0.028880345123111
  -0.053154052845586
   0.093956945108194
  -0.158533670359714
  -0.001047097243549
  -0.001806724457173
  -0.000775316020323
   0.009469768322384
   0.000901537589571
   0.000012374461728
   0.000694843660993
   0.008357375767823
   0.003998649685729
   0.005217136208009
   0.003823064181931
   0.002895256467747
   0.293031478780056
   0.002789938316790
  -0.555874929331406
  -0.428883824438762
   0.121280457299122
   0.952562928929384
   0.126572810199820
  -0.165517340637310


logL =

 -69.810277656680768


exitflag =

     0

-----
   0.860509752167297
   0.248483802408395
   1.687399835840622
  -0.009863061928854
  -0.034963355217181
  -0.012944370671082
   0.046606843014148
   3.544156911190535
   1.083559828047583
   0.761128766697731
   0.305249002788023
  -0.392148973392903
  -1.406058419123532
  -0.804310249815460
   1.757045016019698
   2.827904321333241
   0.042242435770115
  -0.157952091978293
  -0.248552384056798
  -0.123608521418789
   0.588056914994656
   0.091877798850948
   0.001330346969949
   0.000204189202842
   0.000650016820676
  -0.000001344919710
   0.000405045222734
   0.000000001852287
   0.000524802208607
   0.001930712187551
   0.002996203533498
   0.028834920414768
  -0.056007115183465
   0.093713781273639
  -0.156114510153660
  -0.001046213596233
  -0.001837023442998
  -0.000773642457540
   0.009427678910759
   0.000904866166068
   0.000013877065160
   0.000686514735902
   0.008175810440374
   0.003857083413272
   0.005172651761468
   0.003849760582625
   0.002914975953290
   0.295984524544101
   0.002514088672527
  -0.602932607188589
  -0.421521617696317
   0.129627953616404
   0.971583327697684
   0.135370256725731
  -0.164901461769332


logL =

 -69.813779054698443


exitflag =

     0

-----
   0.857023289326735
   0.246623057511361
   1.687882861136954
  -0.009788551797152
  -0.035264461623007
  -0.013017732294654
   0.046070004625967
   3.490747154734985
   1.085190376481307
   0.745269686774867
   0.309296996284861
  -0.390789066218498
  -1.395306733112653
  -0.804726966059056
   1.778838095318957
   2.826662819425486
   0.042410927251086
  -0.147756407684348
  -0.244602496014380
  -0.123393241524251
   0.592517191810781
   0.094874826936094
   0.001336601554481
   0.000203266037168
   0.000650979323705
   0.000000222550279
   0.000407341303102
   0.000000000566247
   0.000523761920212
   0.001914646004562
   0.002958624488601
   0.028795156539577
  -0.058028665300741
   0.091837474169115
  -0.152930764871933
  -0.001024425863441
  -0.001961754725552
  -0.000781736502716
   0.009409147852963
   0.000905194695563
  -0.000001168235089
   0.000694374341040
   0.007869010434261
   0.003834552649925
   0.005189504130799
   0.003878865187082
   0.002866655252465
   0.297481971462314
   0.002885104176847
  -0.551757853336606
  -0.431420455399657
   0.132204540781069
   0.962316769968379
   0.134588030599305
  -0.169088694726081


logL =

 -69.817691833099929


exitflag =

     0

-----
   0.858106476837020
   0.246261565613441
   1.680025568965116
  -0.009786274429616
  -0.034943316565063
  -0.012751767548720
   0.046811913282728
   3.502961882907419
   1.080280580076656
   0.755296640766749
   0.308048616466582
  -0.391480464481937
  -1.388932798144163
  -0.805545876922395
   1.787489747074214
   2.821072661651108
   0.041992107775867
  -0.152094594886760
  -0.243972058190826
  -0.123255954922784
   0.598916276926371
   0.091873335806131
   0.001332297011259
   0.000203949661110
   0.000651792199063
   0.000000244354321
   0.000403573784008
   0.000000000506469
   0.000523554294691
   0.001938470828735
   0.002955523545817
   0.028727228180271
  -0.060118516423745
   0.091676768944749
  -0.151293851548838
  -0.001005086835205
  -0.001950214911607
  -0.000787170864782
   0.009512807451127
   0.000903001140893
  -0.000001162419347
   0.000691960547745
   0.007887332223476
   0.003825339432004
   0.005188124475058
   0.003860819025032
   0.002931232522155
   0.303852966644948
   0.002771686514428
  -0.582908412874586
  -0.420679747484322
   0.135477151093632
   0.981278165650658
   0.145334421941598
  -0.172458686289813


logL =

 -69.820266562224816


exitflag =

     0

-----
   0.858354839702078
   0.245153374248463
   1.673877610522554
  -0.009717409901483
  -0.034848449632313
  -0.012816348250993
   0.045827914900506
   3.460753351154221
   1.074173419874519
   0.747606838522084
   0.309695233071808
  -0.399113955291830
  -1.384049198702777
  -0.806539149181909
   1.786833084808341
   2.820984875223019
   0.042190759033170
  -0.149768153086127
  -0.243373176577534
  -0.122275872555434
   0.600104403618166
   0.089497616392009
   0.001337864778362
   0.000205525048783
   0.000650441694171
   0.000000327887391
   0.000402081974860
   0.000000000297457
   0.000526856015388
   0.001919747958277
   0.002953899028702
   0.028677171968600
  -0.061556822154782
   0.090591563956868
  -0.145965001263870
  -0.000988475629314
  -0.002069229434170
  -0.000792811111344
   0.009472111790668
   0.000902461728108
  -0.000001379368157
   0.000696498625952
   0.007716419992062
   0.003703836335776
   0.005228139677348
   0.003857529772948
   0.002908637408812
   0.312310582823580
   0.003053118355213
  -0.561773278118351
  -0.427823738821081
   0.115565274620552
   0.965923069457935
   0.139860941075354
  -0.184125660551911


logL =

 -69.823088302404628


exitflag =

     0

-----
   0.858543865490447
   0.244424702266188
   1.670815893359189
  -0.009662210238939
  -0.034924086037037
  -0.012868084725552
   0.046689253731462
   3.479718874047323
   1.080022447149513
   0.750853539950814
   0.309036098942924
  -0.395409755092266
  -1.383580111550634
  -0.805331046994621
   1.807056317846222
   2.811421816851412
   0.042200905788301
  -0.149509895749538
  -0.242132652352908
  -0.122572462251091
   0.603462881605540
   0.087099844184981
   0.001329699987524
   0.000204019573159
   0.000651273340621
   0.000000265436768
   0.000404644739798
   0.000000000235655
   0.000526524548487
   0.001923487250350
   0.002967213919653
   0.028654034157463
  -0.063733545139106
   0.090387361135432
  -0.144143223090793
  -0.000967117149171
  -0.002094635960893
  -0.000803686283270
   0.009612931390943
   0.000897826927731
  -0.000001893836507
   0.000690176539968
   0.007622256708558
   0.003730450892519
   0.005254879233343
   0.003851554025214
   0.002928318414687
   0.315447729561244
   0.002734418716323
  -0.573592647628167
  -0.417701145535758
   0.134809393151381
   0.981783256857908
   0.148134665745992
  -0.183536500178966


logL =

 -69.825614124315962


exitflag =

     0

-----
   0.857325070488122
   0.243878526765686
   1.667521052464044
  -0.009647672939362
  -0.034889265205709
  -0.012740516329656
   0.046485495622309
   3.459485748838410
   1.073658667294108
   0.747938653133489
   0.311210778744463
  -0.396134059799075
  -1.376945736169430
  -0.805945939467280
   1.813628840957435
   2.809541712268849
   0.042145869122998
  -0.147702986789992
  -0.240445960974048
  -0.122239436854530
   0.605433434315518
   0.083871582883902
   0.001333771520471
   0.000206167985718
   0.000652836933643
   0.000000337026275
   0.000403918010353
   0.000000000198262
   0.000524280747393
   0.001914027634433
   0.002957990183957
   0.028664384666794
  -0.064004945832838
   0.090250243473149
  -0.143641968134290
  -0.000965735699921
  -0.002114033758037
  -0.000809821221627
   0.009515382570011
   0.000907346592797
  -0.000001889692727
   0.000694210393821
   0.007710378732221
   0.003738452192670
   0.005217301413457
   0.003835171198170
   0.002916892930900
   0.314377628434245
   0.002886853263478
  -0.551485360068380
  -0.425829781216772
   0.129204616031179
   0.954253072648177
   0.145739240518136
  -0.186271876435740


logL =

 -69.826871793441853


exitflag =

     0

-----
   0.856710998312969
   0.243178887394809
   1.656575254969874
  -0.009550479263835
  -0.035193764176767
  -0.012500799373438
   0.046693254945335
   3.525085347238942
   1.069240624380219
   0.760173633550039
   0.309769815286452
  -0.403043641711660
  -1.353085981876396
  -0.804961770917420
   1.860312849520878
   2.807875428106498
   0.042592658873275
  -0.145915711390647
  -0.238021088827362
  -0.122667920670271
   0.616060944203790
   0.083017946978482
   0.001327832404782
   0.000203190119677
   0.000651847019616
   0.000000927351944
   0.000401495461856
   0.000000000425894
   0.000523519734005
   0.001901117056799
   0.002987557199717
   0.028607942705275
  -0.066043353848008
   0.089383916613759
  -0.139853105991853
  -0.000952413165648
  -0.002184105234109
  -0.000822998213569
   0.009447620827703
   0.000893995061758
   0.000001973236137
   0.000690420025185
   0.007609017477216
   0.003704003537111
   0.005259407567456
   0.003812312751955
   0.002935793703464
   0.316244783387990
   0.002719284032138
  -0.536606707324544
  -0.410153771959886
   0.156277292049031
   0.976159041921590
   0.152607195131318
  -0.183714447556630


logL =

 -69.829186013285209


exitflag =

     0

-----
   0.857386637673440
   0.242660052445619
   1.655140813907966
  -0.009572556884843
  -0.035134701173496
  -0.012653912743982
   0.046522775901692
   3.476005076762120
   1.072323486827362
   0.751392396340179
   0.310241862379207
  -0.401060912996964
  -1.339305576894442
  -0.805761569237170
   1.860367094009526
   2.802078913569645
   0.042457794192552
  -0.146022871584280
  -0.236938562574434
  -0.122318356298248
   0.621037730578654
   0.082803724573358
   0.001331023510618
   0.000203447987941
   0.000655159956002
   0.000001289520545
   0.000403723733296
   0.000000000233874
   0.000525866548905
   0.001920473793547
   0.002947131826893
   0.028551277495114
  -0.065707012621528
   0.088963160628458
  -0.139556863670571
  -0.000948374337287
  -0.002216594109985
  -0.000819277221264
   0.009542476116209
   0.000902217479173
   0.000002309547151
   0.000691266583590
   0.007438090427034
   0.003654603761660
   0.005217660550772
   0.003872304133831
   0.002932071310621
   0.314186660567075
   0.002794721103194
  -0.501804232400874
  -0.423779742054976
   0.157343570273888
   0.959958979472194
   0.147555524284280
  -0.184791147005258


logL =

 -69.831026302723231


exitflag =

     0

-----
   0.857357057030404
   0.241208890003916
   1.642055238242219
  -0.009571975954714
  -0.035001200310885
  -0.012306004848747
   0.046544101670619
   3.435124410244695
   1.061255525161914
   0.743705951171499
   0.309693202623175
  -0.400411966744853
  -1.327533224461685
  -0.808653058417048
   1.893772831400329
   2.789903925460052
   0.042437889183930
  -0.138430660759404
  -0.234843624199862
  -0.121196110662825
   0.624631770375993
   0.083609322586134
   0.001320047428588
   0.000208292836147
   0.000655722155245
   0.000000182885668
   0.000404313279166
   0.000000000063459
   0.000524868245265
   0.001902098513410
   0.002936483897487
   0.028640929765504
  -0.066511078442981
   0.088052224694144
  -0.138713319586914
  -0.000895026966010
  -0.002259632548396
  -0.000821490264760
   0.009563682565578
   0.000907274099921
   0.000002972732722
   0.000689251628830
   0.007465260678114
   0.003656922051626
   0.005255326034194
   0.003872933869408
   0.002893572434778
   0.311871664427698
   0.002866291036642
  -0.456367930327031
  -0.418575044488547
   0.175820004273688
   0.965350824880808
   0.149921111188323
  -0.182237864617690


logL =

 -69.832933004955805


exitflag =

     0

-----
   0.858658765294088
   0.239924935658785
   1.640024268054441
  -0.009516660743978
  -0.035092578255545
  -0.012581239332563
   0.046591077636655
   3.459660753042160
   1.067957277487124
   0.747660362620841
   0.312286192547371
  -0.400193241637940
  -1.337730099745614
  -0.808020591123535
   1.907242973704685
   2.791390205822074
   0.042259886316429
  -0.140161224157071
  -0.234218026783818
  -0.121582719342865
   0.628775273367405
   0.084211557019228
   0.001328422875914
   0.000207174984872
   0.000652599532193
   0.000000178108583
   0.000401998739047
   0.000000000071992
   0.000524096047052
   0.001908093944687
   0.002946848084421
   0.028561617885632
  -0.067551865620610
   0.087925169046498
  -0.137602846360352
  -0.000895917722478
  -0.002274577445618
  -0.000821080027977
   0.009559533485894
   0.000898405984860
   0.000002762563519
   0.000688080737224
   0.007429089671378
   0.003671025290933
   0.005222539172247
   0.003871326000113
   0.002920389095184
   0.313124191171404
   0.002840623442187
  -0.454767856499027
  -0.417079363951362
   0.177673775033707
   0.971784155833604
   0.153530588244707
  -0.181862944172638


logL =

 -69.834291891344265


exitflag =

     0

-----
   0.857304703215125
   0.238406831094726
   1.639227015300654
  -0.009421345043577
  -0.034385271002755
  -0.012160169551599
   0.046231150990057
   3.333337606250736
   1.053608118859562
   0.735649368505004
   0.307852889804094
  -0.401911182887602
  -1.300404766102474
  -0.808753602455512
   1.911793283172973
   2.774884878768159
   0.041956930847953
  -0.134870436153438
  -0.230306233176503
  -0.119955589294086
   0.638205790896706
   0.081072921672048
   0.001338491762458
   0.000213992032810
   0.000654299471552
   0.000000247583470
   0.000403897768242
   0.000000000095069
   0.000523418595560
   0.001885214001071
   0.002944177912026
   0.028462643323132
  -0.068991272979416
   0.086977995042004
  -0.135952134256023
  -0.000875601474379
  -0.002337070964133
  -0.000835601292316
   0.009588496646035
   0.000896886357453
   0.000005713553816
   0.000690323354514
   0.007271163464833
   0.003725311257619
   0.005185287790155
   0.003880023507332
   0.002937131647803
   0.307980448921076
   0.002749354267664
  -0.413880617075707
  -0.414979654351817
   0.176037063273525
   0.962794011168799
   0.141559476877991
  -0.178601199699420


logL =

 -69.836043504823635


exitflag =

     0

-----
   0.860204704174149
   0.237449424957698
   1.637232540378980
  -0.009387941243702
  -0.034494023490615
  -0.012426846711316
   0.046497620614925
   3.381230345958651
   1.054350756392276
   0.744354494678753
   0.307320690140121
  -0.397712260919148
  -1.295469302622156
  -0.808161455159393
   1.930959014346943
   2.773018003309886
   0.041820315393953
  -0.134877123368633
  -0.227951503119184
  -0.120189476532272
   0.640442617714738
   0.081147616821301
   0.001328007783645
   0.000208511061013
   0.000655081867213
   0.000000221561497
   0.000403642127258
   0.000000000084623
   0.000522391466220
   0.001899019569251
   0.002941632327233
   0.028445143828186
  -0.069479064681671
   0.086903087666011
  -0.135130514184431
  -0.000870894094722
  -0.002357542537938
  -0.000840352742017
   0.009613788736913
   0.000903766667865
   0.000006574964104
   0.000687035864553
   0.007337029536626
   0.003650630244533
   0.005214878795231
   0.003861569520981
   0.002937517586129
   0.307334395080705
   0.002733928290364
  -0.425710683575442
  -0.411431277415421
   0.182374813674573
   0.970574865168365
   0.146810464630134
  -0.176162781839068


logL =

 -69.837569289378379


exitflag =

     0

-----
   0.857842907433211
   0.237098298201581
   1.633527424017564
  -0.009348392486342
  -0.034494886644429
  -0.012086464414109
   0.046412570590267
   3.369042686165209
   1.051833755012594
   0.745169003288630
   0.310457242500445
  -0.399358820181649
  -1.282829080946967
  -0.808625453281156
   1.948371767879554
   2.767466535758987
   0.041913519020701
  -0.132670779447024
  -0.227679024561536
  -0.119866530799223
   0.648391512889636
   0.078997218118173
   0.001333849917836
   0.000207461799527
   0.000650938277309
   0.000000201435371
   0.000402819614140
   0.000000000123081
   0.000523787162814
   0.001892342423698
   0.002943657296442
   0.028452140570543
  -0.069264947463937
   0.086610041662842
  -0.134095096904084
  -0.000849546395818
  -0.002368668039299
  -0.000844190658019
   0.009639441550220
   0.000902253189206
   0.000005860546567
   0.000692488894617
   0.007272260867727
   0.003657292282927
   0.005216068325082
   0.003875958334390
   0.002938750278213
   0.313614943313513
   0.002852887196009
  -0.407816818426264
  -0.417992578877379
   0.180923267284328
   0.956189867485569
   0.147765097594256
  -0.184772476887594


logL =

 -69.838578874506183


exitflag =

     0

-----
   0.858887728639119
   0.234686817303002
   1.632276681604227
  -0.009293428830565
  -0.034242807379062
  -0.012202939681469
   0.046092088154667
   3.351393221153446
   1.044635524256165
   0.745574598887192
   0.309072180921366
  -0.396773887251929
  -1.254175562097845
  -0.808522962418889
   1.993330006232748
   2.769853686085195
   0.041588850537460
  -0.131096779133926
  -0.225754386350922
  -0.119513113027832
   0.666061783199603
   0.082310314228579
   0.001327211139343
   0.000209676625820
   0.000652186916365
   0.000000254148822
   0.000402372142359
   0.000000000099516
   0.000527201393312
   0.001910933984356
   0.002929271205663
   0.028339525793985
  -0.069842017155004
   0.086455133578218
  -0.133855603434976
  -0.000836632718264
  -0.002384448333379
  -0.000847190334211
   0.009644339502123
   0.000895869126461
   0.000005463266488
   0.000692092413697
   0.007331232756204
   0.003682127377735
   0.005194810824664
   0.003835931418350
   0.002934694543354
   0.311824882868099
   0.002764097746907
  -0.379440557609930
  -0.406567911196288
   0.205441473954250
   0.984538662022893
   0.149445620831670
  -0.179285268964731


logL =

 -69.839853742819201


exitflag =

     0

-----
   0.858788141850854
   0.234462689253207
   1.631092851472906
  -0.009266350452138
  -0.034234413406539
  -0.012039694713220
   0.046209779356445
   3.330521339152290
   1.041626831363589
   0.742519094449038
   0.309945174606830
  -0.396893409863354
  -1.251441428369603
  -0.808538344188422
   1.997355978426350
   2.768726794532064
   0.041418145372638
  -0.130908192936067
  -0.225532194910724
  -0.119572917621963
   0.667133524036120
   0.082300227067286
   0.001328665967935
   0.000208775163759
   0.000652714740872
   0.000000241694827
   0.000402537529802
   0.000000000103721
   0.000524286051698
   0.001894768747528
   0.002944180202883
   0.028410991200902
  -0.071060585577245
   0.086439292199118
  -0.133683840442760
  -0.000830470984108
  -0.002388045067294
  -0.000849732520708
   0.009601206401061
   0.000903247392214
   0.000006456194340
   0.000690486349633
   0.007290822487912
   0.003641731658789
   0.005217322446029
   0.003865603897057
   0.002916868402392
   0.312381123005568
   0.002807970130341
  -0.338846133538493
  -0.409345097444878
   0.203843390600129
   0.962018218823388
   0.147132743680351
  -0.182462023511491


logL =

 -69.840719093731707


exitflag =

     0

-----
   0.860905956214331
   0.233730612405627
   1.629670158610494
  -0.009206124877286
  -0.034230262145899
  -0.011860771730647
   0.045824223517475
   3.330396161007551
   1.040024664377825
   0.743812659864391
   0.308319994094594
  -0.399280953690635
  -1.229346529133151
  -0.808558557311739
   2.009546172376625
   2.762579028170141
   0.041354318604217
  -0.130646595362078
  -0.223295898942618
  -0.119187466104062
   0.672573879222672
   0.080972757678280
   0.001335661210524
   0.000211005210674
   0.000651799229782
   0.000000267522958
   0.000402729305207
   0.000000000174731
   0.000524828122253
   0.001903135766236
   0.002907309088938
   0.028371421175986
  -0.071445028134700
   0.085944661793330
  -0.132696099320816
  -0.000817211125236
  -0.002411620769159
  -0.000855481938531
   0.009626815753792
   0.000898642255831
   0.000002417009956
   0.000683805897111
   0.007280711140968
   0.003644195249654
   0.005156263952162
   0.003852704052781
   0.002915200544907
   0.317483347650619
   0.002804214711906
  -0.361717455070018
  -0.405581876174186
   0.208477443430989
   0.981827635993444
   0.149703071669820
  -0.184910461358986


logL =

 -69.841514158629082


exitflag =

     0

-----
   0.860498443274186
   0.233404687351893
   1.627940946410266
  -0.009195835004963
  -0.034204172948776
  -0.011925052815792
   0.046155063758388
   3.322607147758731
   1.038421506561183
   0.743484624774645
   0.308763617355897
  -0.399932660824309
  -1.233330405275669
  -0.808192389028143
   2.017565567580621
   2.762912917455246
   0.041224938636462
  -0.130874420557823
  -0.222667419502158
  -0.119106130845429
   0.676227186434976
   0.080674156531033
   0.001328229542317
   0.000209962712419
   0.000652306246528
   0.000000301304074
   0.000401992054998
   0.000000000133154
   0.000526699720414
   0.001902059001548
   0.002937998229859
   0.028358377544760
  -0.071592304558272
   0.085897231137117
  -0.131852130051402
  -0.000808687294527
  -0.002416240401460
  -0.000855751248239
   0.009682676045641
   0.000905204625034
   0.000002677624022
   0.000691553735411
   0.007232709838670
   0.003624464223910
   0.005207013889257
   0.003865120350317
   0.002916969793745
   0.317943593817605
   0.002874073499119
  -0.332574233567208
  -0.408808801191294
   0.210279797761810
   0.964797442405092
   0.151491225215977
  -0.187479787629660


logL =

 -69.842269566503788


exitflag =

     0

-----
   0.862814043108530
   0.232448304403363
   1.621015872064787
  -0.009209694649658
  -0.034217521646987
  -0.011580342148339
   0.046267292913022
   3.335529459171989
   1.027674570749940
   0.749381285320172
   0.312263148317511
  -0.398392971009431
  -1.230756681658009
  -0.809550632448522
   2.042126791071436
   2.759573063280678
   0.040760231514235
  -0.129961767286402
  -0.220941573633558
  -0.118242911014530
   0.679591505470058
   0.078417440310255
   0.001330895154422
   0.000206638815172
   0.000651525992529
   0.000000053532563
   0.000401782850226
   0.000000000214247
   0.000525818778757
   0.001885245238459
   0.002945717015315
   0.028378706562324
  -0.071603884339776
   0.085868697747954
  -0.130554757746463
  -0.000780611261249
  -0.002455457966457
  -0.000865572778841
   0.009664144672166
   0.000900999678946
   0.000004074494408
   0.000687492551552
   0.007236918504231
   0.003643288928712
   0.005209799159635
   0.003881047717743
   0.002926637962805
   0.322880865741449
   0.002923896156087
  -0.304291014700751
  -0.399517646774948
   0.220003161108111
   0.975013943779787
   0.158059986133649
  -0.191823086614219


logL =

 -69.843177339666425


exitflag =

     0

-----
   0.863241094113102
   0.231440760372537
   1.620648711989847
  -0.009189962818332
  -0.034337514758935
  -0.011793097389386
   0.046264471423178
   3.332272715063333
   1.033110180682568
   0.746590168315715
   0.312607295563846
  -0.397735582078587
  -1.230800696615592
  -0.809463561516190
   2.044384368466751
   2.758501585598465
   0.040764126271810
  -0.129985740467956
  -0.220955842635296
  -0.118183864322329
   0.681981359009760
   0.078714505902518
   0.001329510332326
   0.000204488638512
   0.000654617425885
   0.000000055958474
   0.000401695941641
   0.000000000269026
   0.000524450694317
   0.001892528951099
   0.002943569250859
   0.028377726799922
  -0.071704237407577
   0.085804759533687
  -0.130297072684885
  -0.000768967118138
  -0.002465073660074
  -0.000866670187165
   0.009661121982607
   0.000904373763562
   0.000002803129103
   0.000690177461409
   0.007177011914067
   0.003599138942734
   0.005206800364076
   0.003859850872938
   0.002923184563818
   0.323722574377117
   0.002924838624151
  -0.295904838755438
  -0.406915953392032
   0.227266267716915
   0.974076759699309
   0.157917444907406
  -0.192855441747748


logL =

 -69.843748999331737


exitflag =

     0

-----
   0.863308056168667
   0.231092703432872
   1.620426595808216
  -0.009121868860802
  -0.034363844426565
  -0.011609632298799
   0.046261309460503
   3.293774072456497
   1.019264248271212
   0.740245209371650
   0.314618674406486
  -0.400431528871257
  -1.236134066312335
  -0.809571969773864
   2.062625001823983
   2.752280069614054
   0.040561975692701
  -0.127049995248599
  -0.220066896620521
  -0.117993986882509
   0.686211513002533
   0.080749413594985
   0.001325710393819
   0.000208690615535
   0.000653470317553
   0.000000045137980
   0.000402276580861
   0.000000000555295
   0.000526336423353
   0.001890126523121
   0.002954700865315
   0.028420697979515
  -0.071951556650168
   0.085600851881197
  -0.129862258547443
  -0.000759608335629
  -0.002471671553243
  -0.000877200016299
   0.009714560443293
   0.000902240544116
   0.000000173730158
   0.000689483410800
   0.007239197213470
   0.003612124622322
   0.005184149170041
   0.003845751949763
   0.002919535142492
   0.326672124190563
   0.002937568606129
  -0.262369639030953
  -0.395819399895602
   0.234381288946712
   0.973603111606143
   0.160947476960423
  -0.195206843975414


logL =

 -69.844345389823644


exitflag =

     0

-----
   0.862041822178658
   0.229637419189148
   1.617918747369770
  -0.009073647097233
  -0.034410615094747
  -0.011723957858372
   0.046359383111152
   3.319791806753043
   1.028537675325813
   0.745332090313009
   0.317274005825931
  -0.401677855581534
  -1.242216622280312
  -0.809090961663415
   2.067915627149313
   2.751948756958476
   0.040528718170848
  -0.127838599051444
  -0.220201006531732
  -0.118524349827345
   0.690082743821305
   0.079767668036546
   0.001327914119556
   0.000205618372344
   0.000652108721143
   0.000000056972672
   0.000400963965660
   0.000000000393480
   0.000525318465759
   0.001890987471680
   0.002939999618495
   0.028418412358803
  -0.071758279351947
   0.085568616496764
  -0.128849954958316
  -0.000759069125118
  -0.002469310201793
  -0.000878088149732
   0.009639567680519
   0.000901714751446
   0.000000173455566
   0.000690963509104
   0.007156478200176
   0.003597748815242
   0.005218495042500
   0.003853560716208
   0.002910109163277
   0.329398952424574
   0.002961117310833
  -0.264601653468458
  -0.402770550689794
   0.237640181771862
   0.970790816362228
   0.163984379958736
  -0.198584549102638


logL =

 -69.845007793805721


exitflag =

     0

-----
   0.863829145971844
   0.229198779123845
   1.619055955706632
  -0.009081163408827
  -0.034350494825758
  -0.011602137440747
   0.046231643393174
   3.286523518602357
   1.018819541417913
   0.739324310931092
   0.316259013550012
  -0.398873611234432
  -1.225732258566802
  -0.809454428639858
   2.077478307363160
   2.748782693005694
   0.040543411922277
  -0.127052676749312
  -0.219511251571328
  -0.118124047074435
   0.692634438844461
   0.078920464202121
   0.001329134051177
   0.000209456604047
   0.000653389406272
   0.000000056464448
   0.000402583515563
   0.000000000407123
   0.000524453481473
   0.001887025419525
   0.002937397121896
   0.028418344044993
  -0.071909363332122
   0.085387184957192
  -0.129006953451158
  -0.000748194045552
  -0.002477647726685
  -0.000882892467704
   0.009670766816627
   0.000901364708326
   0.000000203261144
   0.000690069942438
   0.007220433096721
   0.003609033786725
   0.005190622208000
   0.003854771700592
   0.002912947004811
   0.327757610573946
   0.002953047091066
  -0.260459241859389
  -0.397859463087679
   0.236384610195490
   0.976085609501534
   0.160915977018929
  -0.196008313190573


logL =

 -69.845391491162360


exitflag =

     0

-----
   0.863392193040618
   0.227602846226777
   1.616576574941876
  -0.009030367948833
  -0.034357067638989
  -0.011699551557591
   0.046401500177676
   3.310097616172948
   1.022359356801542
   0.747043965867719
   0.318804551202070
  -0.401558078241613
  -1.236852421788202
  -0.808736548692890
   2.084363639390950
   2.747120739103064
   0.040438316634289
  -0.126887398544784
  -0.218942915963565
  -0.118149894755152
   0.697302270566904
   0.078888114625657
   0.001325992737644
   0.000203198648096
   0.000654073529987
   0.000000018447162
   0.000401946016811
   0.000000000598260
   0.000523637233405
   0.001888900435926
   0.002930539658964
   0.028416087665333
  -0.072272371950102
   0.085342364953464
  -0.128324675400350
  -0.000745077941791
  -0.002496889122909
  -0.000886767161270
   0.009714553939024
   0.000901665255205
   0.000000251251760
   0.000688998425623
   0.007105240996817
   0.003597966968331
   0.005195152876839
   0.003850670020774
   0.002913656841700
   0.328290942478259
   0.002953489382075
  -0.253455720782532
  -0.399786337477055
   0.239636262502291
   0.967448791555183
   0.164298049529565
  -0.197281279325446


logL =

 -69.845896982466556


exitflag =

     0

-----
   0.861469831091763
   0.227059650942855
   1.615986421519574
  -0.008991662839935
  -0.034286622338510
  -0.011438751085461
   0.046279135413538
   3.284512923993595
   1.015779795315119
   0.742832533740444
   0.320268466754586
  -0.404013123832823
  -1.234320400066207
  -0.808770954328251
   2.090260063040054
   2.745226759372268
   0.040396964914258
  -0.125346523879499
  -0.218681891767207
  -0.118042168890505
   0.700170762838943
   0.078101523981897
   0.001330118344977
   0.000207832416983
   0.000653840240073
   0.000000029571565
   0.000402666314718
   0.000000000502220
   0.000524006596219
   0.001876216127153
   0.002943996784534
   0.028451121698305
  -0.072964771602420
   0.085184176760485
  -0.127787583564015
  -0.000724601092011
  -0.002490175378729
  -0.000893623327808
   0.009693347743722
   0.000899856646402
   0.000000196979160
   0.000688524992158
   0.007185826316001
   0.003590036096668
   0.005199838692634
   0.003861920680288
   0.002915445852225
   0.329503991737892
   0.003042307248279
  -0.260034165724511
  -0.399536228101246
   0.239179351333861
   0.970969844314380
   0.165907257201709
  -0.198609698085718


logL =

 -69.846407978276019


exitflag =

     0

-----
   0.863855691213429
   0.226664888656211
   1.615168485486524
  -0.008987913492880
  -0.034279387383589
  -0.011569041644317
   0.046410800676125
   3.265224477455517
   1.015954814855818
   0.738387804716161
   0.319710133638893
  -0.402375475742565
  -1.233688853433907
  -0.808675400219248
   2.098513313094887
   2.741675047054809
   0.040402464080685
  -0.125671758566547
  -0.218307581582273
  -0.117931889420008
   0.702114686501261
   0.078614268207682
   0.001328381287690
   0.000206910587143
   0.000652423385819
   0.000000029535765
   0.000401792753202
   0.000000000690309
   0.000524657749603
   0.001888042834413
   0.002929131047985
   0.028420275812792
  -0.073399785942835
   0.085075118806962
  -0.127633041525538
  -0.000720856113260
  -0.002493468040885
  -0.000896326458460
   0.009712074815587
   0.000903381721810
   0.000000148268456
   0.000689410329890
   0.007151879829857
   0.003604767459806
   0.005199936039222
   0.003859408027172
   0.002923352122662
   0.330085287444641
   0.003043130979226
  -0.249104464628715
  -0.397835035274894
   0.236719875807691
   0.970672968694727
   0.166041898477110
  -0.199052963416708


logL =

 -69.846781261045294


exitflag =

     0

-----
   0.861128605778021
   0.225056079842132
   1.613126360437840
  -0.008953651185653
  -0.034290068933463
  -0.011453728323311
   0.046357633098673
   3.289232850936356
   1.016078908922867
   0.743980350785992
   0.320732406102010
  -0.404531197607517
  -1.221163842357458
  -0.807850708909271
   2.106580161333879
   2.741634296503337
   0.040358364911175
  -0.125468428727429
  -0.217744471081874
  -0.118529161249395
   0.706317846750193
   0.074945600775928
   0.001328233379455
   0.000207297802403
   0.000655829711865
   0.000000028687367
   0.000401424848733
   0.000000000755808
   0.000525090841561
   0.001879375223862
   0.002927722196145
   0.028416908264649
  -0.073645577350928
   0.085045838485635
  -0.126660875859696
  -0.000725585001590
  -0.002493064952769
  -0.000906647444696
   0.009673131958452
   0.000898620752807
   0.000000167995022
   0.000689424975792
   0.007166620393344
   0.003595591424265
   0.005181068778780
   0.003842404533625
   0.002921557763266
   0.330797961763829
   0.003080925161396
  -0.246274692018110
  -0.395861634240171
   0.240462681286051
   0.976162078828294
   0.168615870741350
  -0.199609115216699


logL =

 -69.847209312598380


exitflag =

     0

-----
   0.864860568797935
   0.224731464684640
   1.615346468679418
  -0.008901531898856
  -0.034288260862319
  -0.011357857972415
   0.046385550164543
   3.240559848755141
   1.010498724516757
   0.735682831675130
   0.318162019764726
  -0.403671122540051
  -1.206212832128559
  -0.807852366530295
   2.118303824471473
   2.729405022402772
   0.040300441306245
  -0.124444050784101
  -0.216704701498790
  -0.118111931298782
   0.711477208148159
   0.076943495459965
   0.001330797914985
   0.000208695433606
   0.000653935793382
   0.000000028466091
   0.000401901710923
   0.000000000728785
   0.000524834001695
   0.001887968299703
   0.002930400575251
   0.028414589524847
  -0.074087488593224
   0.084502419058159
  -0.126551480737108
  -0.000712568036074
  -0.002495415705325
  -0.000916703502254
   0.009722647452105
   0.000901963285934
   0.000000184414678
   0.000688264360614
   0.007183076919742
   0.003587405404974
   0.005196361613792
   0.003843061394937
   0.002917360824212
   0.331845348289165
   0.003019715570266
  -0.245372292075419
  -0.393196241552058
   0.233324128201590
   0.965684663899840
   0.164822454547366
  -0.200904431126754


logL =

 -69.847921704138287


exitflag =

     0

-----
   0.864492530300045
   0.224481047444216
   1.613240467281238
  -0.008826296575173
  -0.034272019217188
  -0.011478818227682
   0.046154346447423
   3.233682821292138
   1.005418443357614
   0.735879405935372
   0.320047996734229
  -0.404321306542228
  -1.208021070819349
  -0.808104764020817
   2.139998047916373
   2.723661904485779
   0.040029637994066
  -0.124557526955590
  -0.216441273485446
  -0.117805489947923
   0.718271078508758
   0.075203459359896
   0.001327843067382
   0.000208327806954
   0.000652881083336
  -0.000000006413395
   0.000401418939563
   0.000000000751353
   0.000524758544730
   0.001873439654886
   0.002959275670481
   0.028410339644662
  -0.074939428209426
   0.084511531543670
  -0.124955327921868
  -0.000710558259085
  -0.002502779472203
  -0.000921835037660
   0.009737558972011
   0.000908187596573
   0.000000351178777
   0.000682430785747
   0.007060565087782
   0.003572148335418
   0.005231153776489
   0.003860647421156
   0.002903871006506
   0.330314663724879
   0.002975442940993
  -0.248855918761071
  -0.393122805488310
   0.239426361218439
   0.979299173427615
   0.163198918742623
  -0.198145554968160


logL =

 -69.848631992704341


exitflag =

     0

-----
   0.863496182147471
   0.223920451986017
   1.610939431477441
  -0.008782616366567
  -0.034212700915085
  -0.011222503854113
   0.046363699810813
   3.223578556030100
   1.002690995645961
   0.736525832952796
   0.320527678918911
  -0.407135595155900
  -1.208172850424947
  -0.808798468988487
   2.146644780343010
   2.724218537329105
   0.040018069395280
  -0.123269433116956
  -0.216127991171789
  -0.117702918557402
   0.720846290428194
   0.074540184310316
   0.001327815929190
   0.000210415230082
   0.000654200723771
  -0.000000006604030
   0.000401686477495
   0.000000000772286
   0.000523552960969
   0.001882075248160
   0.002939849107791
   0.028408679546678
  -0.074719524270528
   0.084352548214097
  -0.124413197779018
  -0.000701262170088
  -0.002512507017079
  -0.000921741234746
   0.009724956495663
   0.000903460385405
   0.000000427927879
   0.000688313695878
   0.007099549623458
   0.003597975978957
   0.005223931941021
   0.003861036534309
   0.002919144680233
   0.329361946378933
   0.002997564531257
  -0.217060778296136
  -0.393011916563411
   0.244829628833526
   0.960393730552480
   0.164926648993076
  -0.199044535761543


logL =

 -69.849193997048872


exitflag =

     0

-----
   0.864009560977422
   0.222992893032676
   1.609733952081976
  -0.008754841486306
  -0.034157173254816
  -0.011306723661007
   0.046256063705393
   3.230465921064914
   1.004862152309845
   0.737475630821783
   0.319418282598014
  -0.410137736668386
  -1.208559871190040
  -0.808375747718033
   2.154105052459936
   2.724588381650128
   0.039900140664765
  -0.123180714975308
  -0.214685468708704
  -0.117896082001432
   0.724119483904764
   0.075613992374979
   0.001334665114821
   0.000210057792864
   0.000654093919015
  -0.000000010119696
   0.000400268025853
   0.000000000141277
   0.000522834869592
   0.001878477149310
   0.002927868586460
   0.028401696655126
  -0.074713342811592
   0.084224429199808
  -0.123849639135982
  -0.000697830039182
  -0.002512297707360
  -0.000925999437336
   0.009772932596980
   0.000901305841755
   0.000000527678488
   0.000687220258045
   0.007097800464172
   0.003586707438105
   0.005207851829208
   0.003847705245310
   0.002902762233370
   0.328747799207356
   0.003022568083339
  -0.218247085405254
  -0.392579517495141
   0.249094303669982
   0.974750079495087
   0.165329977046015
  -0.197261129371670


logL =

 -69.849602872861169


exitflag =

     0

-----
   0.864413263311713
   0.222519911696228
   1.610829566388194
  -0.008737192369591
  -0.034244134350877
  -0.011147329547116
   0.046404054022685
   3.213945675643917
   0.996539770796499
   0.736913060447502
   0.317954754721470
  -0.408860294000308
  -1.196481254034271
  -0.808035885180833
   2.157927780797515
   2.716672439121422
   0.039845204974527
  -0.122687153236686
  -0.214710574284011
  -0.117743806982866
   0.726317276253674
   0.075773321347028
   0.001328490453224
   0.000206550501407
   0.000653563483779
  -0.000000010797449
   0.000403419695118
   0.000000000150489
   0.000523367363153
   0.001892005340192
   0.002929460623407
   0.028417830610982
  -0.073113271448904
   0.083843728688651
  -0.123232550311023
  -0.000687275237695
  -0.002507888917879
  -0.000929803700515
   0.009710881933658
   0.000900181130218
   0.000000538624965
   0.000690340185687
   0.007080841140674
   0.003579159733259
   0.005184104092434
   0.003860841960647
   0.002905496037655
   0.329295556460950
   0.003023535696850
  -0.197536325808625
  -0.390486643337784
   0.252789718984775
   0.972223581511992
   0.163962442990085
  -0.198418766802205


logL =

 -69.850030522271695


exitflag =

     0

-----
   0.866356540573273
   0.222070332411269
   1.610076061999820
  -0.008736887904197
  -0.034160528133465
  -0.011219711673965
   0.046178377616145
   3.214074553059712
   0.996415444409787
   0.737127725289213
   0.317937586679444
  -0.410377648729348
  -1.191699185409158
  -0.808385664051956
   2.169635148277530
   2.713448703773055
   0.039862885530043
  -0.123186920112070
  -0.214395343850793
  -0.117649957233889
   0.731224529516715
   0.074716881247622
   0.001328847743103
   0.000208383074395
   0.000653276299774
  -0.000000009973313
   0.000403293072232
   0.000000000167429
   0.000523779163293
   0.001889245766633
   0.002935214818356
   0.028390621570339
  -0.072972877563083
   0.083775036408813
  -0.122658964468511
  -0.000676307524916
  -0.002510120853917
  -0.000930379064208
   0.009755948312568
   0.000899642909208
   0.000000499661464
   0.000684744910246
   0.007092673289469
   0.003592392663014
   0.005208348888550
   0.003850794415941
   0.002917692320327
   0.328383467872938
   0.002974336656532
  -0.196955650282573
  -0.388133927420910
   0.258768956141198
   0.976470237094886
   0.164480120294335
  -0.195911425848594


logL =

 -69.850436513990999


exitflag =

     0

-----
   0.865277582639450
   0.221962284747852
   1.609369389761761
  -0.008716842071719
  -0.034152839192917
  -0.011140868699663
   0.046367261037854
   3.219543580457631
   0.997576749126420
   0.740013347325920
   0.318198601577102
  -0.411258649686029
  -1.190663673813753
  -0.808256298897064
   2.171804677691015
   2.713560733046950
   0.039839566158375
  -0.122959099492173
  -0.214128604116397
  -0.117753025938999
   0.733324375751621
   0.074638126973723
   0.001328541518895
   0.000205672410655
   0.000655001832032
  -0.000000010095493
   0.000402053907178
   0.000000000161592
   0.000524202776482
   0.001884919705508
   0.002937551506247
   0.028382049000614
  -0.073106643399928
   0.083768775296591
  -0.122424177253960
  -0.000673646054968
  -0.002512525621172
  -0.000931603565130
   0.009697774511228
   0.000902493006629
   0.000000529402858
   0.000689423285818
   0.007021109927714
   0.003576978533413
   0.005209256516075
   0.003853715394283
   0.002912815270610
   0.328349162673346
   0.003016263819501
  -0.179448449491032
  -0.391219189923891
   0.257938342128931
   0.967547317078940
   0.164089083218417
  -0.197597026683686


logL =

 -69.850673540875192


exitflag =

     0

-----
   0.866239557366251
   0.221577562223034
   1.609968956679849
  -0.008702752927324
  -0.034099361767940
  -0.011094015042968
   0.046312168400511
   3.208349444092397
   0.995460036062945
   0.737687878744332
   0.318057430930012
  -0.411795887389970
  -1.189385852475601
  -0.808181859140400
   2.186131093237323
   2.711797709334437
   0.039808310746915
  -0.122397346079729
  -0.213891623381451
  -0.117589141716566
   0.736964546823226
   0.073812568472914
   0.001324664395219
   0.000209696113108
   0.000653589663437
  -0.000000012551192
   0.000400707785100
   0.000000000037078
   0.000525713217797
   0.001884639438100
   0.002933210560755
   0.028385159990396
  -0.073292927525421
   0.083699844292168
  -0.122210467591679
  -0.000667071711353
  -0.002512504454843
  -0.000932461048849
   0.009675444562447
   0.000901267448660
   0.000000465257131
   0.000688889336632
   0.007109586196166
   0.003586805177954
   0.005176085859091
   0.003852140992843
   0.002907349134717
   0.328644356331628
   0.002964716538515
  -0.180406466094459
  -0.388192417685922
   0.263571450515918
   0.977524808960057
   0.164629472919771
  -0.196476692757903


logL =

 -69.850927139085186


exitflag =

     0

-----
   0.864355977473934
   0.221515873676397
   1.607338042720475
  -0.008692536295784
  -0.034124041040343
  -0.011040342214992
   0.046541556619810
   3.210650874069268
   0.996154377942230
   0.740696411662040
   0.319002261725850
  -0.414442712380576
  -1.192102244727343
  -0.807584466496943
   2.193760722650002
   2.706549692715296
   0.039827941120076
  -0.122239446610608
  -0.213792489341422
  -0.117361907969091
   0.742641191132001
   0.073214317948418
   0.001327066723303
   0.000203290292979
   0.000654768496364
  -0.000000007497326
   0.000402146710280
   0.000000000029879
   0.000523921435849
   0.001876131455965
   0.002931116115708
   0.028379059025577
  -0.072734324180036
   0.083693740906490
  -0.121395323207485
  -0.000665288075168
  -0.002536136026628
  -0.000936907139178
   0.009734675833254
   0.000900134034841
   0.000000583010061
   0.000688698519555
   0.006972549269875
   0.003565520604681
   0.005198560160676
   0.003859602988856
   0.002906270853111
   0.328381542498688
   0.002989177069928
  -0.179166464419873
  -0.391988448121209
   0.262008592828672
   0.969368901458778
   0.165236500688791
  -0.197354060913517


logL =

 -69.851293589187705


exitflag =

     0

-----
   0.865974429161071
   0.221123241766271
   1.607956766489055
  -0.008695292504964
  -0.034015448378050
  -0.011006342477535
   0.046428723097383
   3.191098615647041
   0.990160277037659
   0.736722403989803
   0.317416259000175
  -0.412976154882010
  -1.184399827717496
  -0.807821394477259
   2.200196438567334
   2.702147890406417
   0.039841312639635
  -0.121148195233277
  -0.213487979411546
  -0.117162765096553
   0.742928075071893
   0.072555445469141
   0.001328475446150
   0.000207603926024
   0.000653200776402
  -0.000000008216254
   0.000402064813211
   0.000000000030975
   0.000524490290628
   0.001881357537265
   0.002937584058594
   0.028382493656524
  -0.072572170839868
   0.083610419149344
  -0.121207085628557
  -0.000659649745554
  -0.002542282504655
  -0.000941058232655
   0.009721129018460
   0.000900482768110
   0.000000610513415
   0.000687839712984
   0.007035635688599
   0.003588024658599
   0.005195462177782
   0.003850986724585
   0.002915212687122
   0.327619018623423
   0.003005293884341
  -0.173808291835444
  -0.385841392340020
   0.262092317408887
   0.976775652508302
   0.164797174841906
  -0.195726106722251


logL =

 -69.851562648987340


exitflag =

     0

-----
   0.865483898880090
   0.221005862801231
   1.607166032746949
  -0.008672352349337
  -0.034077922925454
  -0.011023071362804
   0.046421554778502
   3.198621322260975
   0.990618500253675
   0.738730488667837
   0.318151727341283
  -0.414462594372706
  -1.182612333025765
  -0.807794310541401
   2.203310037863951
   2.701402018553495
   0.039778286077334
  -0.121805306654288
  -0.213511294638742
  -0.117139944397809
   0.745773253223901
   0.071728165992963
   0.001329929057266
   0.000204784414572
   0.000654182118200
  -0.000000009375245
   0.000402049092176
   0.000000000038144
   0.000523909232495
   0.001882001920478
   0.002929170817166
   0.028371113650336
  -0.072848491990153
   0.083585267112178
  -0.120779149743284
  -0.000657308458445
  -0.002544499096165
  -0.000941619989650
   0.009739502372666
   0.000900817672656
   0.000000410492710
   0.000686577729471
   0.007017626464179
   0.003578572045477
   0.005193744083313
   0.003853662299536
   0.002918043217735
   0.327917460656684
   0.003019367105768
  -0.176860597756757
  -0.390288545869861
   0.264736973499612
   0.973439094985945
   0.165282891419286
  -0.196798699318062


logL =

 -69.851755092661421


exitflag =

     0

-----
   0.866066662614045
   0.220283782203358
   1.605206864925012
  -0.008628690577232
  -0.034035947503794
  -0.010955219307967
   0.046295738364161
   3.176751793425655
   0.984350679996096
   0.733786694948001
   0.318900827729358
  -0.416136301511762
  -1.184240867635523
  -0.807208376824503
   2.212726037698209
   2.693721910120243
   0.039631178434819
  -0.121151846406691
  -0.212798630723835
  -0.117305009086815
   0.746361788031286
   0.071470628320330
   0.001329115276426
   0.000209736474561
   0.000653472660058
  -0.000000010033888
   0.000401122293728
   0.000000000041546
   0.000525966514912
   0.001882278962961
   0.002943267606770
   0.028391585771236
  -0.072133965613070
   0.083593925478726
  -0.120561165994442
  -0.000652863196392
  -0.002539091704452
  -0.000940993814573
   0.009710207700304
   0.000899677639614
   0.000000204103976
   0.000686754510100
   0.007078027006489
   0.003583545242421
   0.005186181359053
   0.003843371273792
   0.002913471645559
   0.330313019506731
   0.003065794843508
  -0.148815657756932
  -0.382734262758128
   0.272452140473698
   0.972951505265118
   0.169713174154850
  -0.198109499673560


logL =

 -69.852077103383820


exitflag =

     0

-----
   0.865014527670600
   0.219843246903549
   1.603717395423633
  -0.008622174835308
  -0.034146380550856
  -0.011056706327203
   0.046436842232788
   3.173450825772148
   0.986614429593105
   0.732054975874028
   0.319002906175220
  -0.415327302677540
  -1.183624013814387
  -0.807266308670040
   2.213678672625671
   2.691690252201894
   0.039598487129156
  -0.120794504720609
  -0.212700057088035
  -0.117261277585087
   0.747741979601779
   0.070893180023096
   0.001327871217064
   0.000208961737345
   0.000654392953574
  -0.000000010055170
   0.000402096253140
   0.000000000044008
   0.000525004562057
   0.001880216448915
   0.002931884330598
   0.028376371852634
  -0.072043599969696
   0.083523191204681
  -0.120107642242759
  -0.000643029380844
  -0.002548748432799
  -0.000942434575517
   0.009742409730477
   0.000899377934759
   0.000000269965755
   0.000687836416632
   0.007024877249438
   0.003565170653008
   0.005191228166737
   0.003841077986025
   0.002915925289223
   0.329966556072657
   0.003088601701890
  -0.115075762142241
  -0.387747909077726
   0.287220314263798
   0.973520173824296
   0.170542148865863
  -0.198322700532455


logL =

 -69.852368313794955


exitflag =

     0

-----
   0.868834090711827
   0.218386115203689
   1.602245708617872
  -0.008511703456360
  -0.034167193982002
  -0.010812081073138
   0.046327259177156
   3.181728942418420
   0.983886488266332
   0.737063760102118
   0.320400644665211
  -0.417779573663948
  -1.175152576397303
  -0.807294964707940
   2.223778801097616
   2.688974235337030
   0.039488634064377
  -0.121396335629073
  -0.211943170510104
  -0.117028793297010
   0.750740123176729
   0.071041284695044
   0.001324644229068
   0.000207035239383
   0.000654022525773
  -0.000000015933212
   0.000403055507072
   0.000000000003674
   0.000524339535826
   0.001883631609564
   0.002930360295730
   0.028413234172861
  -0.072445491110385
   0.083385472559984
  -0.119518206219778
  -0.000614947185141
  -0.002552951245495
  -0.000941836972451
   0.009711488239905
   0.000902002262146
   0.000000265017904
   0.000683843821782
   0.007039407399136
   0.003564624122758
   0.005209695470972
   0.003846850618234
   0.002908371520328
   0.332826307408114
   0.003205077079615
  -0.121673412051418
  -0.382498944991566
   0.289882006894406
   0.984980918005847
   0.177807232003609
  -0.199631517001691


logL =

 -69.852832265785111


exitflag =

     0

-----
   0.868063980028454
   0.217597533658068
   1.601907542007388
  -0.008498115371034
  -0.034177525347415
  -0.010883407120315
   0.046437714665930
   3.171287647137790
   0.983143647321971
   0.735726386568833
   0.319332020653999
  -0.418676723806936
  -1.176875130971350
  -0.807511948841132
   2.224938215458042
   2.687086893272665
   0.039471874161251
  -0.120197827726413
  -0.211997413507676
  -0.116876820559990
   0.752147427916814
   0.070486590089027
   0.001329613380450
   0.000205610509529
   0.000653633078910
  -0.000000015854034
   0.000402027287593
   0.000000000003896
   0.000524356289675
   0.001876634984530
   0.002943799683864
   0.028393140634037
  -0.072584560710571
   0.083258046560432
  -0.119369323042240
  -0.000609050554145
  -0.002558422614350
  -0.000944885651920
   0.009741421710431
   0.000902374354796
   0.000000287340022
   0.000688290963327
   0.007046671922016
   0.003580907434852
   0.005188319265112
   0.003852018557583
   0.002919026313084
   0.332039317688875
   0.003264244376760
  -0.108994463869210
  -0.385834385029483
   0.281114545907413
   0.971343220757402
   0.174881487458935
  -0.201142123954942


logL =

 -69.853237781986309


exitflag =

     0

-----
   0.867873256808663
   0.217360881790306
   1.601248588202127
  -0.008476084442075
  -0.034167954982357
  -0.010893795118473
   0.046398888615580
   3.173739954359885
   0.984254266737554
   0.736190323260088
   0.319439389310526
  -0.418974544520765
  -1.177232782541628
  -0.807401096383947
   2.227812558619739
   2.684835815115482
   0.039444138847954
  -0.119835220879087
  -0.211743651036075
  -0.116877572743886
   0.753027126507753
   0.070189916224976
   0.001327530169721
   0.000206542420662
   0.000654358782922
  -0.000000013857960
   0.000401670792129
   0.000000000004579
   0.000524155869497
   0.001882284198322
   0.002935323549942
   0.028390303092046
  -0.072435573713907
   0.083243744682357
  -0.119052151659694
  -0.000606934315687
  -0.002555192777905
  -0.000947568351383
   0.009705437164517
   0.000899486037989
   0.000000254475072
   0.000687016075960
   0.007016738551393
   0.003585847623473
   0.005180677826313
   0.003842022443152
   0.002912088097226
   0.332960586621523
   0.003240280322592
  -0.123827540672883
  -0.383566136020359
   0.284699660577104
   0.980224230225845
   0.177775080957904
  -0.200414246608129


logL =

 -69.853402644483481


exitflag =

     0

-----
   0.869121538264509
   0.216459708399901
   1.599147134940865
  -0.008410334793051
  -0.034133989181587
  -0.010861169163853
   0.046528610611293
   3.162151023833609
   0.979586014568604
   0.734267908204937
   0.321017621201066
  -0.419177646310640
  -1.179354825093481
  -0.806898904435754
   2.242013622401225
   2.683306646777567
   0.039394141553043
  -0.120170188376001
  -0.211858725070312
  -0.116806393553870
   0.755501180693444
   0.069622709701864
   0.001329822098769
   0.000209694466840
   0.000652369044593
  -0.000000011704593
   0.000400553883471
   0.000000000003759
   0.000524337067418
   0.001871467881533
   0.002939104559054
   0.028411844050589
  -0.072842248012794
   0.083292498308782
  -0.118008960670816
  -0.000601425956971
  -0.002559596516796
  -0.000950247005821
   0.009747859531778
   0.000903806597961
   0.000000265063007
   0.000688174493521
   0.007081739681484
   0.003598057117555
   0.005186838903665
   0.003842838221585
   0.002904625804684
   0.337891904134825
   0.003238654385164
  -0.105147787435110
  -0.382064781220037
   0.279576388500626
   0.967763322820388
   0.178097324213545
  -0.206327459157552


logL =

 -69.853704034355147


exitflag =

     0

-----
   0.868198844794965
   0.216464142018019
   1.598511059096573
  -0.008384086802578
  -0.034163323198554
  -0.010831332472802
   0.046426338962638
   3.149426336180517
   0.979413744355832
   0.732093682818406
   0.320621030476451
  -0.420861318409245
  -1.175412031509625
  -0.806803585643416
   2.240259746646594
   2.681035376422833
   0.039359514877141
  -0.120012641273147
  -0.211855601361034
  -0.116479745307152
   0.757488608538505
   0.069653240015440
   0.001327299976129
   0.000209623602817
   0.000654033922039
  -0.000000013165501
   0.000401231916395
   0.000000000003917
   0.000524674576295
   0.001883238415369
   0.002934254694620
   0.028397738816900
  -0.072650756055549
   0.083244807456146
  -0.118019200488867
  -0.000597492576148
  -0.002553187977090
  -0.000951599512625
   0.009738668956436
   0.000900120849268
   0.000000231976350
   0.000686789612779
   0.007045135710296
   0.003581662438291
   0.005192307992801
   0.003841563882968
   0.002915499748324
   0.337883091907412
   0.003242495188245
  -0.114117992427734
  -0.382005048434198
   0.283575437919982
   0.980620787114070
   0.178480419675911
  -0.205748178926841


logL =

 -69.853996522434230


exitflag =

     0

-----
   0.869822563644481
   0.215863509931194
   1.598525122418975
  -0.008336822337875
  -0.034151543210942
  -0.010803308021284
   0.046475530185596
   3.152132863882779
   0.977019755555726
   0.735496850173008
   0.318473279826396
  -0.423167631807174
  -1.176019283406766
  -0.806633280843851
   2.248844511732069
   2.676582549994187
   0.039081978531150
  -0.119664151061609
  -0.210983429612741
  -0.116058386528451
   0.760195469700100
   0.069994375251814
   0.001329772523837
   0.000207035650575
   0.000654233841668
  -0.000000016280542
   0.000401141639636
   0.000000000000016
   0.000524423777255
   0.001884353519700
   0.002940567466075
   0.028401025265415
  -0.072437351848325
   0.083199565234307
  -0.117795221224155
  -0.000587283082136
  -0.002554706772531
  -0.000952906023787
   0.009746502362221
   0.000902611768203
   0.000000042462805
   0.000689337056506
   0.007015523375825
   0.003565604522158
   0.005178416149863
   0.003844582709401
   0.002910734089310
   0.338279133636212
   0.003284740452870
  -0.093868732754913
  -0.383945671353895
   0.282217870529253
   0.964523255054178
   0.177243467141584
  -0.208037021172402


logL =

 -69.854267972184658


exitflag =

     0

-----
   0.869738537845459
   0.215627308624819
   1.598252003988628
  -0.008323989981659
  -0.034151814439910
  -0.010790551955549
   0.046442313059306
   3.137116627066820
   0.974286252558940
   0.731995830547019
   0.318936776054615
  -0.423565047206462
  -1.173601475357894
  -0.806741301156312
   2.249920251716379
   2.675328024293369
   0.039094739849025
  -0.119742408678810
  -0.211124217814689
  -0.115973849067600
   0.761698488983327
   0.069719472268284
   0.001327724209016
   0.000208891428374
   0.000654420121767
  -0.000000014716774
   0.000401822462476
   0.000000000000015
   0.000524160155161
   0.001881125532884
   0.002940416630446
   0.028397017502682
  -0.072364026624383
   0.083180762208761
  -0.117547962465089
  -0.000584916913885
  -0.002557152516882
  -0.000955607259563
   0.009743059835467
   0.000900162678058
   0.000000046707427
   0.000687622555809
   0.007005477083178
   0.003569619166766
   0.005185746596179
   0.003832264929741
   0.002909664549005
   0.338675597444605
   0.003229914946849
  -0.103541119660111
  -0.380530944343603
   0.288077836217220
   0.977036348765165
   0.178843038600894
  -0.206642595629215


logL =

 -69.854504346661400


exitflag =

     0

-----
   0.870742687573285
   0.215165450245417
   1.598507209169397
  -0.008298359025014
  -0.034085858256961
  -0.010705075859147
   0.046472582375604
   3.138355264353967
   0.976024044457258
   0.734241590448089
   0.318142747710546
  -0.424042366478021
  -1.170271932992296
  -0.807287474985622
   2.257818989196237
   2.672911505807638
   0.039038606987866
  -0.119006792204102
  -0.210621438096288
  -0.115961062870897
   0.764156500243012
   0.068863632237814
   0.001327294187623
   0.000207497139986
   0.000654009558393
  -0.000000006294664
   0.000401549881248
   0.000000000000021
   0.000522896655349
   0.001877463978671
   0.002944863538935
   0.028399972814997
  -0.072182194119334
   0.083127232794482
  -0.117474382857164
  -0.000582119848266
  -0.002548989797256
  -0.000960975429060
   0.009766535934799
   0.000901516521615
   0.000000081087619
   0.000687855203309
   0.007023209246097
   0.003559964138026
   0.005183701176924
   0.003835968261715
   0.002910946919662
   0.338324454075657
   0.003245791011487
  -0.094760199000799
  -0.381587116935992
   0.282975431033943
   0.970463741104728
   0.177083889174582
  -0.207100286501455


logL =

 -69.854714519203654


exitflag =

     0

-----
   0.871436626172108
   0.214442631521837
   1.597992827519321
  -0.008263968890173
  -0.034133559814627
  -0.010698041537350
   0.046473602431220
   3.112142969249134
   0.970603496795251
   0.728690051823893
   0.316710763108577
  -0.425162564717098
  -1.160535980803303
  -0.807898534718826
   2.265689975576731
   2.670191149731110
   0.038964367918958
  -0.118740314814430
  -0.210249499030270
  -0.115644032988436
   0.767685440976330
   0.066787146311340
   0.001327514172260
   0.000210099532006
   0.000653428495090
  -0.000000007625200
   0.000401563000952
   0.000000000000021
   0.000523645311245
   0.001881229677301
   0.002928384990617
   0.028402204728637
  -0.071906877798908
   0.083089747230146
  -0.117475979428640
  -0.000576519112802
  -0.002549787601793
  -0.000963177095947
   0.009761090816351
   0.000899549867067
   0.000000064722001
   0.000687356654225
   0.007053333998272
   0.003569783766526
   0.005165277564493
   0.003832061415879
   0.002910054362595
   0.338253293521639
   0.003187920539892
  -0.098656062960151
  -0.377146885528230
   0.285105593183889
   0.980380777977147
   0.175922417145700
  -0.205850697055837


logL =

 -69.855010880901403


exitflag =

     0

-----
