   0.870288085508825
   0.147947289927841
   1.444037604638204
  -0.008047683316030
  -0.044900006773117
  -0.010639549532708
   0.047669886869483
   3.834058731116801
   0.935663512753797
   0.728741751610894
   0.293667199304549
  -0.407807715530296
  -1.298875634334495
  -0.708878968549061
   2.135335913027417
   3.149084512994104
   0.039117936585224
  -0.125059003441657
  -0.365903139468077
  -0.067460130239928
   0.557986333366117
   0.095667162697991
   0.001298887195493
   0.000176353507980
   0.000653027525340
  -0.000000000000008
   0.000394666601965
   0.000000000000000
   0.000533589721284
   0.001870370734030
   0.003025776929624
   0.026702690331721
  -0.071855325706867
   0.115217486961800
  -0.228139807231640
  -0.000730551011876
  -0.000078819803690
  -0.000603699237804
   0.009062730349335
   0.005889225038944
   0.004597940971319
   0.004022702842656


logL =

 -59.916051377583777

   0.870288085508825
   0.147947289927841
   1.444037604638204
  -0.008047683316030
  -0.044900006773117
  -0.010639549532708
   0.047669886869483
   3.834058731116801
   0.935663512753797
   0.728741751610894
   0.293667199304549
  -0.407807715530296
  -1.298875634334495
  -0.708878968549061
   2.135335913027417
   3.149084512994104
   0.039117936585224
  -0.125059003441657
  -0.365903139468077
  -0.067460130239928
   0.557986333366117
   0.095667162697991
   0.001298887195493
   0.000176353507980
   0.000653027525340
  -0.000000000000008
   0.000394666601965
   0.000000000000000
   0.000533589721284
   0.001870370734030
   0.003025776929624
   0.026702690331721
  -0.071855325706867
   0.115217486961800
  -0.228139807231640
  -0.000730551011876
  -0.000078819803690
  -0.000603699237804
   0.009062730349335
   0.005889225038944
   0.004597940971319
   0.004022702842656


logL =

 -60.252014358585640

   0.870288085508825
   0.147947289927841
   1.444037604638204
  -0.008047683316030
  -0.044900006773117
  -0.010639549532708
   0.047669886869483
   3.834058731116801
   0.935663512753797
   0.728741751610894
   0.293667199304549
  -0.407807715530296
  -1.298875634334495
  -0.708878968549061
   2.135335913027417
   3.149084512994104
   0.039117936585224
  -0.125059003441657
  -0.365903139468077
  -0.067460130239928
   0.557986333366117
   0.095667162697991
   0.001298887195493
   0.000176353507980
   0.000653027525340
  -0.000000000000008
   0.000394666601965
   0.000000000000000
   0.000533589721284
   0.001870370734030
   0.003025776929624
   0.026702690331721
  -0.071855325706867
   0.115217486961800
  -0.228139807231640
  -0.000730551011876
  -0.000078819803690
  -0.000603699237804
   0.009062730349335
   0.005889225038944
   0.004597940971319
   0.004022702842656


logL =

 -60.252014358585640

   0.870288085508825
   0.147947289927841
   1.444037604638204
  -0.008047683316030
  -0.044900006773117
  -0.010639549532708
   0.047669886869483
   3.834058731116801
   0.935663512753797
   0.728741751610894
   0.293667199304549
  -0.407807715530296
  -1.298875634334495
  -0.708878968549061
   2.135335913027417
   3.149084512994104
   0.039117936585224
  -0.125059003441657
  -0.365903139468077
  -0.067460130239928
   0.557986333366117
   0.095667162697991
   0.001298887195493
   0.000176353507980
   0.000653027525340
  -0.000000000000008
   0.000394666601965
   0.000000000000000
   0.000533589721284
   0.001870370734030
   0.003025776929624
   0.026702690331721
  -0.071855325706867
   0.115217486961800
  -0.228139807231640
  -0.000730551011876
  -0.000078819803690
  -0.000603699237804
   0.009062730349335
   0.005889225038944
   0.004597940971319
   0.004022702842656


logL =

 -59.916051377583777

   0.869785390827531
   0.154635830549672
   1.444822092935204
  -0.007626042257803
  -0.044557189753930
  -0.010457342199081
   0.047978697824004
   3.780124321257413
   0.937333255971359
   0.729058888479714
   0.298981858565366
  -0.401448147453003
  -1.279266938741255
  -0.705735231489347
   2.111033343572585
   3.187706335357025
   0.037711590251911
  -0.136255381749808
  -0.360137420657138
  -0.066496508470459
   0.560336214818548
   0.107671863060704
   0.001322242447348
   0.000192529933083
   0.000656790734017
  -0.000000000000009
   0.000396243696550
   0.000000000000000
   0.000528499886122
   0.001886702850961
   0.002957424645218
   0.026578350552058
  -0.062783120070430
   0.128179747738691
  -0.219564692114637
  -0.000459399739152
  -0.000085739627573
  -0.000470174027308
   0.009121605454505
   0.005954584357488
   0.004699822604349
   0.004117035401457


logL =

 -59.924394491828423


exitflag =

     0

-----
   0.872411004630512
   0.152755439549720
   1.449420420665976
  -0.007607540977679
  -0.044537122337111
  -0.010384268309478
   0.047655727185918
   3.803408571860967
   0.934067915543670
   0.735729459513818
   0.298976722263650
  -0.404722801996340
  -1.277563496681473
  -0.705156082162091
   2.097612565963162
   3.203991339943570
   0.036754200010063
  -0.139439705525567
  -0.361285000241369
  -0.066525303461436
   0.561154042991004
   0.113131083039904
   0.001322843521836
   0.000189261489062
   0.000656515212486
  -0.000000000000009
   0.000396880064921
   0.000000000000000
   0.000530278627386
   0.001882556131842
   0.002949848350921
   0.026621886454327
  -0.064095967191058
   0.128384569099909
  -0.221675644479540
  -0.000787174424596
  -0.000061757941641
  -0.000609027356282
   0.009131323677983
   0.005989239414846
   0.004710558581089
   0.004122382449799


logL =

 -59.924813944835996


exitflag =

     0

-----
   0.873588383268146
   0.151118324368012
   1.450300934444176
  -0.007582254850278
  -0.044530813993293
  -0.010314903388194
   0.047590973393608
   3.804923933851508
   0.928314652941327
   0.738121769984089
   0.298627643132708
  -0.403749780386009
  -1.271093966993918
  -0.704243474191234
   2.095428446662166
   3.197727003628073
   0.036143726242821
  -0.140841386191514
  -0.362214397922216
  -0.066784667582347
   0.561555269342175
   0.115624825948218
   0.001323334556202
   0.000186855872161
   0.000657062083885
  -0.000000000000002
   0.000396885316400
   0.000000000000001
   0.000529384328215
   0.001886349322569
   0.002948441433719
   0.026658048769128
  -0.081654519499190
   0.128788546342384
  -0.223986835550285
  -0.000663919880157
  -0.000048576363326
  -0.000640813913886
   0.009133666987880
   0.005984634954221
   0.004701472110965
   0.004111355467595


logL =

 -59.924920478351609


exitflag =

     0

-----
   0.874041360185393
   0.148664369981738
   1.451787963466567
  -0.007515860932513
  -0.044605621297601
  -0.010202826581892
   0.047522808971390
   3.813735111218313
   0.925211655204345
   0.740654519532564
   0.298228215186429
  -0.405003573890426
  -1.259962346794616
  -0.703059516046351
   2.090206254014656
   3.206357904654763
   0.035721514279521
  -0.141580886693080
  -0.363620511888921
  -0.066860384731694
   0.561945421466162
   0.117631518031928
   0.001322956143662
   0.000185337528040
   0.000657601492455
  -0.000000000000001
   0.000397151137708
   0.000000000000001
   0.000529049353702
   0.001886882495546
   0.002948098863301
   0.026631333652747
  -0.086125616577911
   0.127404708598755
  -0.224742854848451
  -0.000619608352480
  -0.000061168168135
  -0.000612030942536
   0.009134367344095
   0.005988121416512
   0.004702661107746
   0.004110798582345


logL =

 -59.924995166907038


exitflag =

     0

-----
   0.877384621411743
   0.143835462830658
   1.455240398238455
  -0.007401200677337
  -0.044548236182603
  -0.010054867551315
   0.047544256110072
   3.798723484026555
   0.915847448001332
   0.742703818298242
   0.296078537387210
  -0.405401487213019
  -1.251550554749368
  -0.703685771415724
   2.084228134363524
   3.207251843357417
   0.034622313859586
  -0.141359684220824
  -0.365120110779717
  -0.066955926986119
   0.562469283081770
   0.121186397860703
   0.001323124949332
   0.000183853585862
   0.000657000641807
  -0.000000000000002
   0.000397341214648
   0.000000000000001
   0.000529420727378
   0.001885743757039
   0.002948422035565
   0.026606967485664
  -0.086888671369501
   0.126269325415486
  -0.227102975601711
  -0.000680769744675
  -0.000025766169986
  -0.000613419095092
   0.009123717301802
   0.005986475528601
   0.004703054618039
   0.004114989520906


logL =

 -59.925066098920482


exitflag =

     0

-----
   0.877461393594219
   0.143170507079198
   1.454845600152582
  -0.007302834342983
  -0.044682128221880
  -0.010013386576120
   0.047441292822806
   3.788282645777731
   0.912674238624803
   0.740818838844876
   0.297394030670983
  -0.405153460303349
  -1.246569556516301
  -0.702090732175361
   2.085044964314659
   3.207607430529244
   0.034014725373021
  -0.142297722316450
  -0.364230194432681
  -0.066785187797200
   0.562626766021012
   0.122907635840339
   0.001324518892955
   0.000184394131924
   0.000656702475870
  -0.000000000000003
   0.000397363664668
  -0.000000000000000
   0.000528757828189
   0.001889169952132
   0.002948337946186
   0.026656540063865
  -0.097843338869568
   0.125638230440743
  -0.230436397828837
  -0.000641729941882
  -0.000068985895239
  -0.000605385097899
   0.009131748041349
   0.005985782436019
   0.004700517761426
   0.004112856148663


logL =

 -59.925100253495572


exitflag =

     0

-----
   0.878052631524916
   0.142546884460849
   1.454565856994638
  -0.007295337246206
  -0.044748776890812
  -0.009988515434017
   0.047426938177650
   3.789555095327686
   0.911775436494752
   0.740409320935568
   0.298615140821021
  -0.405089468541415
  -1.246023733472683
  -0.701540373204072
   2.087321133986015
   3.203518956705946
   0.033710212887289
  -0.142136129843230
  -0.362519059915588
  -0.066796573315655
   0.562931569771178
   0.122456128019874
   0.001323832976918
   0.000184906832563
   0.000656853205900
  -0.000000000000003
   0.000397177413662
  -0.000000000000000
   0.000529047953062
   0.001888037449934
   0.002947819805627
   0.026652540722476
  -0.099452198978069
   0.124656644900053
  -0.231468896738081
  -0.000679903991496
  -0.000070947901460
  -0.000593776192408
   0.009143101765133
   0.005986150114997
   0.004703579912247
   0.004115838540003


logL =

 -59.925116534575672


exitflag =

     0

-----
   0.878586127492600
   0.142049694651672
   1.453852516194435
  -0.007228064114343
  -0.044831167225974
  -0.009952417943203
   0.047400538725506
   3.792342030920505
   0.910462048955711
   0.741516869725444
   0.299829231246620
  -0.405244318838682
  -1.242667504633975
  -0.701040810487188
   2.089020992774492
   3.202772135284634
   0.033532097454777
  -0.142758813704615
  -0.362918204066468
  -0.066651032821415
   0.563407982432290
   0.122698852467733
   0.001323495198400
   0.000183270186859
   0.000657270103434
  -0.000000000000001
   0.000397219803882
  -0.000000000000000
   0.000529112527840
   0.001887383944302
   0.002944050981064
   0.026692296878270
  -0.103576838916698
   0.124950789838719
  -0.232382462437665
  -0.000679422189065
  -0.000061453526055
  -0.000607934836334
   0.009139820801449
   0.005987306483139
   0.004704166908615
   0.004114312972385


logL =

 -59.925127881879092


exitflag =

     0

-----
   0.878763426180570
   0.141098986104431
   1.453749591754553
  -0.007208744132204
  -0.044853558103874
  -0.009943224996733
   0.047408297767231
   3.786389914609126
   0.908751270084498
   0.740319259428867
   0.299820226178609
  -0.405247483368283
  -1.241949666075429
  -0.700805079727301
   2.090267072095843
   3.199624757944770
   0.033332656267590
  -0.142548904686746
  -0.362875582117097
  -0.066765034270808
   0.563496286741996
   0.122886846279095
   0.001323333371103
   0.000184149456609
   0.000656993937189
  -0.000000000000001
   0.000397164059985
  -0.000000000000000
   0.000529176890134
   0.001888192044490
   0.002946508354510
   0.026715718828539
  -0.106865741927680
   0.124927355863264
  -0.232858619313323
  -0.000646819496235
  -0.000065378563875
  -0.000619145062984
   0.009140248332098
   0.005986456322845
   0.004702389456946
   0.004114384080024


logL =

 -59.925137562563798


exitflag =

     0

-----
   0.879293645379315
   0.140816976679051
   1.453676389692447
  -0.007169660593292
  -0.044849942564374
  -0.009919335820319
   0.047396498421570
   3.784875581456380
   0.908037821633049
   0.740966750315295
   0.300797707891452
  -0.405433041949816
  -1.241851343370371
  -0.700699294657515
   2.089429279980607
   3.199159919184529
   0.033113266526018
  -0.142665726638995
  -0.361975540646077
  -0.066672492731740
   0.563717469744402
   0.123178028229711
   0.001323616855817
   0.000183703152309
   0.000656966814839
   0.000000000000001
   0.000397270384827
  -0.000000000000000
   0.000529218774924
   0.001887497063543
   0.002945147145053
   0.026712453043338
  -0.105677029600866
   0.124139422000028
  -0.233233786076445
  -0.000677351990850
  -0.000069695818483
  -0.000602295392852
   0.009138761881460
   0.005985875389404
   0.004703858709224
   0.004113128111307


logL =

 -59.925144235937282


exitflag =

     0

-----
   0.879350555533756
   0.140667498925329
   1.453398884821477
  -0.007182571851531
  -0.044869679507253
  -0.009908082984353
   0.047385362298631
   3.784770082102590
   0.906936933205245
   0.740614051401576
   0.301308914367588
  -0.405041951626736
  -1.242759673207987
  -0.700468758548501
   2.091576435554686
   3.199263884326950
   0.032919111493678
  -0.142818905627952
  -0.361293371273561
  -0.066709881624425
   0.564031162170349
   0.123987642886150
   0.001323845951806
   0.000183972703163
   0.000656946817099
   0.000000000000001
   0.000397200899169
  -0.000000000000000
   0.000529241958259
   0.001887760381631
   0.002944995775568
   0.026743625568737
  -0.109059454154755
   0.124163379518950
  -0.233912899046834
  -0.000654942914227
  -0.000072247537716
  -0.000614632922043
   0.009137272482080
   0.005986512832496
   0.004702670165244
   0.004113525954338


logL =

 -59.925149330467889


exitflag =

     0

-----
   0.879072180772272
   0.140241081261342
   1.452872225859468
  -0.007134536562072
  -0.044898670520801
  -0.009892480003535
   0.047395251231044
   3.783640867391085
   0.906230416120791
   0.740933333724538
   0.302488971251365
  -0.404743978829971
  -1.240840580594949
  -0.699777947468812
   2.091856629652316
   3.199080056938523
   0.032739443877399
  -0.142833852858242
  -0.360683523216320
  -0.066705842180511
   0.564370225040365
   0.124773480146005
   0.001323685382949
   0.000183344737303
   0.000657179022170
   0.000000000000000
   0.000397194199783
  -0.000000000000001
   0.000529214444945
   0.001885638868000
   0.002945862287756
   0.026746903916787
  -0.109423891193602
   0.123501046062881
  -0.234024444931827
  -0.000649944449935
  -0.000069096823410
  -0.000597936307530
   0.009142542574329
   0.005988325177557
   0.004702457758472
   0.004115471179383


logL =

 -59.925155765240660


exitflag =

     0

-----
   0.879371917264781
   0.140121103208366
   1.452430694793797
  -0.007140404002243
  -0.044895934456588
  -0.009882562317903
   0.047364737424246
   3.781928119757947
   0.905538181740658
   0.740606731485204
   0.302478676447640
  -0.404717429361310
  -1.239815909287076
  -0.699842170221055
   2.092669110724960
   3.198280619724013
   0.032636045808944
  -0.142938770976992
  -0.360256035032832
  -0.066707032996784
   0.564579981891120
   0.125109309818074
   0.001323680617869
   0.000183855471734
   0.000656927935458
   0.000000000000000
   0.000397167000664
  -0.000000000000001
   0.000529232814206
   0.001887609713422
   0.002944801903671
   0.026751965650966
  -0.110848314872594
   0.123444521333502
  -0.234490243262445
  -0.000664423524319
  -0.000065263176502
  -0.000609235170211
   0.009135406418991
   0.005986176987523
   0.004703681538042
   0.004114082945334


logL =

 -59.925160107644672


exitflag =

     0

-----
   0.879812149816835
   0.139338295538547
   1.451413459300743
  -0.007090290167313
  -0.044934203918735
  -0.009869731754429
   0.047415009047522
   3.780026122679555
   0.905064553226305
   0.740644812011008
   0.303745263419331
  -0.404197533629349
  -1.240247525904223
  -0.699536274622683
   2.095617247204539
   3.196826362498013
   0.032517202902556
  -0.142542438599966
  -0.360140324699881
  -0.066569646004615
   0.564824083868906
   0.125339352815262
   0.001323553206277
   0.000183875856386
   0.000656875732759
   0.000000000000000
   0.000397270823779
  -0.000000000000001
   0.000529281506172
   0.001887014320305
   0.002944765876788
   0.026767397805802
  -0.107647439669725
   0.122953557500126
  -0.233606502421620
  -0.000665286181024
  -0.000064441964506
  -0.000604368728933
   0.009135746557422
   0.005986610469585
   0.004701356025721
   0.004114464159196


logL =

 -59.925165793371576


exitflag =

     0

-----
   0.879954033663831
   0.139405430597609
   1.451114090415584
  -0.007092034923105
  -0.044954034289967
  -0.009849658895036
   0.047363049409875
   3.782394115894084
   0.903817709924825
   0.741010573011499
   0.304186350868534
  -0.404353191352781
  -1.239613894423575
  -0.699285293451750
   2.096140906418236
   3.197326587862075
   0.032369374209063
  -0.143100553136989
  -0.359886957079397
  -0.066550193073471
   0.564992738907454
   0.125777635033960
   0.001323523782314
   0.000183407417719
   0.000657023234349
   0.000000000000000
   0.000397274927256
  -0.000000000000002
   0.000529207662473
   0.001887227476172
   0.002944919054938
   0.026782110229489
  -0.110130187069752
   0.122939735131263
  -0.233866716527002
  -0.000653074590940
  -0.000066285617154
  -0.000611628064862
   0.009139595343205
   0.005985683996804
   0.004702349009914
   0.004114120233839


logL =

 -59.925169788739801


exitflag =

     0

-----
   0.879785760303545
   0.139183247741931
   1.450922235570044
  -0.007075343265078
  -0.045000105912144
  -0.009846300721127
   0.047377146620713
   3.781789477674943
   0.903598602579815
   0.740502212209107
   0.304714042806853
  -0.404553031411879
  -1.239646777293010
  -0.699037001152230
   2.098598989598687
   3.200708786333012
   0.032236398868701
  -0.142926500394146
  -0.359024919180793
  -0.066529993454623
   0.565426548726422
   0.126295125253397
   0.001323572120995
   0.000183650891964
   0.000657013940013
   0.000000000000000
   0.000397286652202
  -0.000000000000002
   0.000529112061877
   0.001887169317869
   0.002945525317718
   0.026816489659192
  -0.113454429459913
   0.123312905432355
  -0.234348475450892
  -0.000651905829638
  -0.000061040861765
  -0.000630793046737
   0.009135972242317
   0.005985262241946
   0.004703377974926
   0.004115469877619


logL =

 -59.925173012893353


exitflag =

     0

-----
   0.879887950299219
   0.138887680853555
   1.450517454627526
  -0.007083991020805
  -0.045015757670358
  -0.009827285573433
   0.047365806043152
   3.782161408170756
   0.902786236435159
   0.740452865875975
   0.304953651353389
  -0.404359562934537
  -1.238711155885288
  -0.698561019512642
   2.100568402685955
   3.197943660498279
   0.032061837238434
  -0.142988242203881
  -0.358363414604292
  -0.066491103458948
   0.565910298885343
   0.126399395054682
   0.001323645985224
   0.000183538809248
   0.000656896551078
   0.000000000000000
   0.000397181438356
  -0.000000000000003
   0.000529256926484
   0.001886941487475
   0.002944868508426
   0.026790833187678
  -0.110585380860329
   0.122164248848687
  -0.234297602994403
  -0.000657993909857
  -0.000078256254696
  -0.000602809862409
   0.009140793513399
   0.005986652135972
   0.004701044455150
   0.004114711974953


logL =

 -59.925177688345137


exitflag =

     0

-----
   0.879810987098391
   0.138943043644610
   1.450385857547740
  -0.007064684709480
  -0.045035471280927
  -0.009821297949778
   0.047347363054657
   3.783218184448196
   0.902384001521598
   0.740731763064790
   0.305137962461684
  -0.404683840277801
  -1.237405393295506
  -0.698324231230462
   2.101023511051582
   3.198010575274426
   0.031968753148850
  -0.143139376949369
  -0.357716749991976
  -0.066467852105972
   0.566130563439510
   0.126380216065602
   0.001323808885102
   0.000183277489257
   0.000657055243967
   0.000000000000000
   0.000397269883203
  -0.000000000000003
   0.000529264087391
   0.001886746727520
   0.002944789408225
   0.026802919878672
  -0.109243185031883
   0.122212312665861
  -0.233407392238376
  -0.000654008602527
  -0.000061313939527
  -0.000617105503994
   0.009137041025032
   0.005986167613757
   0.004703860956835
   0.004114419508195


logL =

 -59.925180759813450


exitflag =

     0

-----
   0.879888283532286
   0.138692373329717
   1.450223451015367
  -0.007058167173192
  -0.045042726299027
  -0.009818890937737
   0.047358404546885
   3.781113746828520
   0.901707008649391
   0.740399761387267
   0.305387951509492
  -0.404513915935979
  -1.236867459503608
  -0.698021645557789
   2.102086785371823
   3.196519673664940
   0.031809841496153
  -0.143233698450360
  -0.357116319426137
  -0.066499031976057
   0.566434484728841
   0.126628919872444
   0.001323678967159
   0.000183511949939
   0.000657035460770
   0.000000000000000
   0.000397198758561
  -0.000000000000003
   0.000529226329165
   0.001886993979232
   0.002945078096072
   0.026796514036163
  -0.109693933847149
   0.121759842914359
  -0.233260288117724
  -0.000655358513633
  -0.000075215291173
  -0.000615163520582
   0.009138221432286
   0.005986336177612
   0.004702626846571
   0.004113287001479


logL =

 -59.925183434011224


exitflag =

     0

-----
   0.879845821088292
   0.138665257495984
   1.449983633039092
  -0.007042780971623
  -0.045066127155078
  -0.009808453384687
   0.047345398768149
   3.781378987494933
   0.901846867771531
   0.740445941165869
   0.305911596030812
  -0.404791423650321
  -1.236770218259280
  -0.697784146009838
   2.102568219705466
   3.195686138428797
   0.031723441139335
  -0.143197786069841
  -0.356378490390983
  -0.066495159306090
   0.566626359710200
   0.126735482631596
   0.001323487040016
   0.000183305654153
   0.000657059548012
   0.000000000000000
   0.000397193819327
  -0.000000000000003
   0.000529266665687
   0.001886632256385
   0.002944846971455
   0.026804040327236
  -0.107716518828709
   0.121402716322100
  -0.233145863901831
  -0.000662990924837
  -0.000063496951290
  -0.000610909851237
   0.009138251961442
   0.005986751304200
   0.004703042419774
   0.004114535616916


logL =

 -59.925186175714721


exitflag =

     0

-----
   0.880063093776739
   0.138571741185997
   1.449706552101368
  -0.007039766134153
  -0.045099471550500
  -0.009796671884652
   0.047340684162650
   3.781033779128176
   0.900894918191546
   0.740140903759091
   0.305983580032144
  -0.404868082047677
  -1.235431633010021
  -0.697576251997694
   2.104024611188113
   3.194252097836309
   0.031563773027989
  -0.143396571772565
  -0.355644511141993
  -0.066505459800510
   0.566844431408755
   0.126738171328363
   0.001323503488135
   0.000183444057508
   0.000656973576723
   0.000000000000000
   0.000397184098508
  -0.000000000000001
   0.000529203072920
   0.001887417616865
   0.002944807442607
   0.026808070179364
  -0.109429065255907
   0.121153476475313
  -0.233375189341267
  -0.000658844259147
  -0.000060495091871
  -0.000614850805332
   0.009139571115459
   0.005987163335918
   0.004703656231376
   0.004114434057378


logL =

 -59.925188529111061


exitflag =

     0

-----
   0.879973787717187
   0.138482022762930
   1.449527827057631
  -0.007019706076864
  -0.045107475865393
  -0.009794630549352
   0.047355597958850
   3.781265539146903
   0.901034927331586
   0.740317240505011
   0.306231296052216
  -0.405024434454041
  -1.235490141460626
  -0.697341127495615
   2.104756979815617
   3.194222923454441
   0.031467246966878
  -0.143348137719858
  -0.354969725549132
  -0.066502448230393
   0.566972680961872
   0.126757602224867
   0.001323710255455
   0.000183493733636
   0.000656976080171
   0.000000000000000
   0.000397192854779
  -0.000000000000001
   0.000529216866872
   0.001886581168238
   0.002945932831366
   0.026800068109865
  -0.107618538491419
   0.120688272890058
  -0.232661730363464
  -0.000661551127442
  -0.000068061816651
  -0.000610583247745
   0.009139201605461
   0.005985380090218
   0.004703731857957
   0.004113749752816


logL =

 -59.925190735972379


exitflag =

     0

-----
   0.879983678741274
   0.138353975370096
   1.449371184085750
  -0.007020093001777
  -0.045136234837707
  -0.009779393374083
   0.047317162735428
   3.780457312982760
   0.899973068482858
   0.739764515137100
   0.306540425963839
  -0.405554948934364
  -1.234869066037313
  -0.697143737099466
   2.105952295836027
   3.193943504262516
   0.031378526805769
  -0.143548314587251
  -0.354725509649500
  -0.066520895703090
   0.567343692146439
   0.126863848715499
   0.001323817079349
   0.000183934928146
   0.000656887234283
   0.000000000000000
   0.000397293737351
  -0.000000000000001
   0.000529289675897
   0.001886876990515
   0.002944860390931
   0.026818169852348
  -0.108749266540771
   0.120818702376270
  -0.232579653109720
  -0.000646641534419
  -0.000062879748269
  -0.000621117171148
   0.009140223966615
   0.005985662966842
   0.004703034626083
   0.004114003540170


logL =

 -59.925192780706965


exitflag =

     0

-----
   0.879915756568241
   0.138111115482415
   1.449168527653548
  -0.007009850472017
  -0.045124921790115
  -0.009772970637828
   0.047340980260819
   3.779585593667949
   0.899690939146726
   0.740097092998193
   0.306616971471009
  -0.405536076428133
  -1.235326464910642
  -0.696801003554609
   2.106585538503579
   3.190624683799966
   0.031302129398895
  -0.143474800375578
  -0.354498784160015
  -0.066530232575260
   0.567611785119329
   0.126985980347129
   0.001323655366967
   0.000183620909355
   0.000656985014410
   0.000000000000000
   0.000397157371311
  -0.000000000000001
   0.000529293153007
   0.001887191550933
   0.002945082852134
   0.026810396385234
  -0.105744188895004
   0.120284418910669
  -0.232303160776817
  -0.000654307702499
  -0.000058987678105
  -0.000611153113226
   0.009139041418768
   0.005986146980461
   0.004701627947169
   0.004113762869336


logL =

 -59.925195193251092


exitflag =

     0

-----
   0.880043369639480
   0.137931060963536
   1.448406807187983
  -0.006992271852149
  -0.045143928993654
  -0.009759697053581
   0.047350741622723
   3.780976098753311
   0.899263109404328
   0.740568611635999
   0.307365327678031
  -0.405781148387853
  -1.235475565302201
  -0.696357712017192
   2.106907994829414
   3.188886446877329
   0.031160889304035
  -0.143518875471946
  -0.353649719174428
  -0.066453955468107
   0.567801368446138
   0.127134534846559
   0.001323752534418
   0.000182938127448
   0.000657092976088
   0.000000000000000
   0.000397238281781
  -0.000000000000001
   0.000529295357603
   0.001886771057021
   0.002944264129831
   0.026802287708988
  -0.102612357962900
   0.119594385675313
  -0.231257914180578
  -0.000668719770855
  -0.000066328064661
  -0.000605388870355
   0.009142857240545
   0.005987922478500
   0.004701700147178
   0.004113962520087


logL =

 -59.925197485416177


exitflag =

     0

-----
   0.879847891924275
   0.137879980148897
   1.448614708559708
  -0.006991970307110
  -0.045145706005941
  -0.009753661010272
   0.047335964239380
   3.777569444304433
   0.898543056373824
   0.739828907781813
   0.307039064366334
  -0.405776870417256
  -1.234268199051126
  -0.696034375366824
   2.107995017780426
   3.187502399514502
   0.031062822425858
  -0.143644372276536
  -0.353329665511861
  -0.066481721405740
   0.568088686869876
   0.127119850414665
   0.001323519058413
   0.000183655465355
   0.000656941593712
   0.000000000000000
   0.000397142452545
  -0.000000000000001
   0.000529294451097
   0.001886597562545
   0.002944617592641
   0.026811974611630
  -0.102872148146603
   0.119805809738165
  -0.231302493325929
  -0.000663398586566
  -0.000063575042466
  -0.000616799687275
   0.009139859633117
   0.005986574941093
   0.004702171881587
   0.004114613444110


logL =

 -59.925199569486480


exitflag =

     0

-----
   0.879848094220749
   0.137805411765714
   1.448458191334129
  -0.006990197624012
  -0.045159682285294
  -0.009750597890808
   0.047331670959201
   3.778873725332717
   0.898724932485149
   0.739971508039792
   0.307220756049903
  -0.406033951022948
  -1.234220916158840
  -0.695944719390082
   2.108092849870562
   3.187660796683362
   0.031067591619137
  -0.143613815292841
  -0.353290816512790
  -0.066475329179789
   0.568173805374023
   0.127163441339920
   0.001323604161269
   0.000183430688049
   0.000656988581348
   0.000000000000000
   0.000397210353934
  -0.000000000000001
   0.000529240482431
   0.001886619069883
   0.002944401047995
   0.026815041174137
  -0.103404915436438
   0.119789194871848
  -0.231289360995954
  -0.000656354897417
  -0.000060132800872
  -0.000616277283177
   0.009139662735410
   0.005986100858818
   0.004702853733522
   0.004114294079622


logL =

 -59.925200398824700


exitflag =

     0

-----
   0.879820667371026
   0.137747727580458
   1.448314098199148
  -0.006990723988779
  -0.045160838248849
  -0.009745511683088
   0.047334954769363
   3.778824439206245
   0.898333676030697
   0.739957917336004
   0.307171679783478
  -0.406165104666181
  -1.234332979375457
  -0.695863746335285
   2.108414784480120
   3.187404165562747
   0.031026142399415
  -0.143738641035532
  -0.353305845624303
  -0.066480464163643
   0.568259763272531
   0.127258526427801
   0.001323657024784
   0.000183476432192
   0.000657013718473
   0.000000000000000
   0.000397182803691
  -0.000000000000001
   0.000529305260386
   0.001886409937225
   0.002945061108791
   0.026820351790413
  -0.103381074196040
   0.119843292358725
  -0.231293671319924
  -0.000656933891871
  -0.000059630791644
  -0.000619851406128
   0.009139162012467
   0.005987111892490
   0.004702816711462
   0.004114533598226


logL =

 -59.925200924306047


exitflag =

     0

-----
   0.879809006176667
   0.137718595919363
   1.448373626526622
  -0.006985272768563
  -0.045163338101802
  -0.009744799014687
   0.047326551980883
   3.778164757080120
   0.898278140685673
   0.739880291696188
   0.307263333997619
  -0.406262985525777
  -1.234184666512369
  -0.695733588081187
   2.108483548393503
   3.186857574506293
   0.031001582132128
  -0.143676796965434
  -0.353074282948875
  -0.066479403497573
   0.568333641519985
   0.127286978369720
   0.001323561931208
   0.000183473341967
   0.000656987227325
   0.000000000000000
   0.000397203765982
  -0.000000000000001
   0.000529291060200
   0.001886683118284
   0.002944485209685
   0.026812789543574
  -0.102800521473205
   0.119622831495912
  -0.231051463236557
  -0.000656271889071
  -0.000058841332547
  -0.000616515964092
   0.009139762960290
   0.005986634002878
   0.004702618034870
   0.004114500725038


logL =

 -59.925201563517611


exitflag =

     0

-----
   0.879785072166979
   0.137712713807030
   1.448198250600334
  -0.006984425962899
  -0.045169192349369
  -0.009746486842586
   0.047334135097748
   3.778248226105657
   0.898317599338001
   0.739836107712031
   0.307274189065085
  -0.406291224705555
  -1.234193014861537
  -0.695717811534354
   2.108640464206582
   3.186639186345152
   0.030969514044388
  -0.143712019381716
  -0.352867426490291
  -0.066487323889893
   0.568363664930814
   0.127311559502215
   0.001323547371494
   0.000183416628606
   0.000656930845982
   0.000000000000000
   0.000397191555125
  -0.000000000000001
   0.000529282782561
   0.001886502704018
   0.002943438201036
   0.026812264774027
  -0.101720884462692
   0.119523024201273
  -0.230797637220505
  -0.000658298983730
  -0.000061337313851
  -0.000615170666268
   0.009139606995627
   0.005986498221741
   0.004702230307843
   0.004114305976301


logL =

 -59.925202026159639


exitflag =

     0

-----
   0.879839867184747
   0.137606626879213
   1.448203750702586
  -0.006982501599867
  -0.045168826851022
  -0.009741835424952
   0.047331652115187
   3.778793167402368
   0.898098158673949
   0.740024490801746
   0.307259111668278
  -0.406359236868586
  -1.234043633617968
  -0.695620803476042
   2.108788256965950
   3.186103773957244
   0.030951713512372
  -0.143657200845798
  -0.352821057998903
  -0.066490548033148
   0.568412219021962
   0.127385935166255
   0.001323507281783
   0.000183371095647
   0.000657002011798
   0.000000000000000
   0.000397236330391
  -0.000000000000001
   0.000529308279310
   0.001886373447010
   0.002944623957278
   0.026809931368585
  -0.101541854385120
   0.119389513946197
  -0.230830997790656
  -0.000658530061370
  -0.000060275432139
  -0.000613504498871
   0.009138537172841
   0.005986313097294
   0.004702609568396
   0.004114259834167


logL =

 -59.925202443807876


exitflag =

     0

-----
   0.879719020967622
   0.137440034106424
   1.447742788056202
  -0.006976424571832
  -0.045171866739142
  -0.009731468792071
   0.047336197070645
   3.777463401503628
   0.897678237928158
   0.739877395873166
   0.307251744244554
  -0.406835689392385
  -1.233932098768429
  -0.695366919931470
   2.109159173016837
   3.184842717276014
   0.030916926457383
  -0.143643985866134
  -0.352701930150525
  -0.066473405006660
   0.568681838680376
   0.127600215289960
   0.001323774609534
   0.000183401275434
   0.000656879783515
   0.000000000000000
   0.000397350140686
  -0.000000000000001
   0.000529331186977
   0.001887425385732
   0.002944610240864
   0.026813819504100
  -0.101971652838646
   0.119480356277410
  -0.230624502023536
  -0.000652077647049
  -0.000062947719229
  -0.000619095525446
   0.009138567628866
   0.005985899029122
   0.004702736846210
   0.004114034090525


logL =

 -59.925203500097936


exitflag =

     0

-----
   0.879707521557191
   0.137463786568869
   1.447777369109259
  -0.006971852789858
  -0.045174132352313
  -0.009731302374842
   0.047349854144860
   3.777592273850804
   0.897600513544134
   0.740035009371478
   0.307205220049080
  -0.406789029332081
  -1.234044786357164
  -0.695254908728005
   2.109724991386546
   3.184708209638377
   0.030880089556893
  -0.143779744820760
  -0.352668185592513
  -0.066472651597386
   0.568773720703240
   0.127660062751021
   0.001323599767149
   0.000183253129036
   0.000656984715860
   0.000000000000000
   0.000397210089872
  -0.000000000000001
   0.000529270658200
   0.001886689217596
   0.002944217622533
   0.026813708104285
  -0.100955030239434
   0.119344730455971
  -0.230618841539655
  -0.000656112680537
  -0.000056039357502
  -0.000616290486340
   0.009139308471587
   0.005985995030902
   0.004702853716300
   0.004114510487196


logL =

 -59.925204466499117


exitflag =

     0

-----
   0.879646192275003
   0.137153849050011
   1.447668226658450
  -0.006974705339579
  -0.045189760981494
  -0.009727348130153
   0.047327870019489
   3.777995244004401
   0.897071711274180
   0.739824017070398
   0.307505575911560
  -0.407157967543953
  -1.234007695944265
  -0.694993515973497
   2.110471650802772
   3.184396892555482
   0.030828372990660
  -0.143708925792234
  -0.352534445171383
  -0.066470928632683
   0.569071333566110
   0.127654596968389
   0.001323442490721
   0.000183345281383
   0.000656983160430
   0.000000000000001
   0.000397231830072
  -0.000000000000001
   0.000529254587866
   0.001886049095884
   0.002944336820185
   0.026814379633179
  -0.101062190661184
   0.119166000776442
  -0.230381079500329
  -0.000652461912370
  -0.000060832430479
  -0.000617290363393
   0.009139745826137
   0.005986501803044
   0.004702797667701
   0.004114677888247


logL =

 -59.925205551167480


exitflag =

     0

-----
   0.879665876948126
   0.137161905268749
   1.447634642831888
  -0.006967236546496
  -0.045189903420052
  -0.009720676197911
   0.047346262037353
   3.777302718361470
   0.896853428246544
   0.739883945457999
   0.307459883492450
  -0.407125930719560
  -1.234038136892549
  -0.694944558195431
   2.110801623088867
   3.183724858842576
   0.030780785041346
  -0.143825220019772
  -0.352455679980955
  -0.066483056980426
   0.569115817439440
   0.127742789219620
   0.001323520990790
   0.000183390614131
   0.000656995975191
   0.000000000000001
   0.000397189331515
  -0.000000000000001
   0.000529313925784
   0.001886660106547
   0.002944360441741
   0.026809648699913
  -0.099489070708022
   0.118958882864389
  -0.230216711083613
  -0.000659336561219
  -0.000060617043606
  -0.000612821067919
   0.009140070311881
   0.005986817709774
   0.004702640894485
   0.004114699945997


logL =

 -59.925206533563369


exitflag =

     0

-----
   0.879616409394539
   0.137179628781599
   1.447514974678329
  -0.006968616065733
  -0.045199278638275
  -0.009720009624586
   0.047339315280261
   3.777336992047534
   0.896851510612028
   0.739732409421464
   0.307491248721338
  -0.407328739206722
  -1.234136325567319
  -0.694796885268532
   2.111112103810957
   3.183600428697297
   0.030768692137073
  -0.143845361982836
  -0.352331242159928
  -0.066470474216689
   0.569205284256356
   0.127816723886654
   0.001323727285776
   0.000183223820835
   0.000657076041640
   0.000000000000000
   0.000397239834916
  -0.000000000000002
   0.000529244627614
   0.001886870130984
   0.002944474466860
   0.026809199941262
  -0.098804314891959
   0.118912049022511
  -0.229946189199336
  -0.000659343556899
  -0.000058996262034
  -0.000613674593659
   0.009139517043717
   0.005985811994933
   0.004703002381400
   0.004113767104552


logL =

 -59.925207037566203


exitflag =

     0

-----
   0.879606747633865
   0.137120976270374
   1.447314205216873
  -0.006965437658953
  -0.045198497848085
  -0.009715442504614
   0.047341979042135
   3.777037576560451
   0.896577174224715
   0.739732451164649
   0.307471576450063
  -0.407362736628456
  -1.233600310394924
  -0.694755800109583
   2.111376429480530
   3.183079913767191
   0.030732463640079
  -0.143853008819402
  -0.352114590809110
  -0.066478100784193
   0.569300314516362
   0.127867689142858
   0.001323768978722
   0.000183605157343
   0.000657008884927
   0.000000000000000
   0.000397160522003
  -0.000000000000002
   0.000529291622083
   0.001886020742715
   0.002944444348988
   0.026806829805066
  -0.098996092902735
   0.118847127189602
  -0.229853717291676
  -0.000657344081415
  -0.000058554436404
  -0.000614534129258
   0.009138464346040
   0.005986229771136
   0.004702732567243
   0.004114685330573


logL =

 -59.925207592890835


exitflag =

     0

-----
   0.879532549903269
   0.137120355963502
   1.447258571100423
  -0.006960096420508
  -0.045202682312752
  -0.009714414495183
   0.047343384140038
   3.777530333502416
   0.896610733659628
   0.739942323343472
   0.307600148819154
  -0.407411516898098
  -1.233734937074042
  -0.694601404383804
   2.111650750173442
   3.182920566779722
   0.030707342740062
  -0.143869860014553
  -0.351961340445629
  -0.066474670351795
   0.569376966969640
   0.127955972044457
   0.001323607548182
   0.000183180683836
   0.000657066361656
   0.000000000000000
   0.000397205677777
  -0.000000000000002
   0.000529359975758
   0.001886270728692
   0.002944893378749
   0.026812109034721
  -0.098146175135542
   0.118832708189052
  -0.229570241177809
  -0.000657522155018
  -0.000058547269900
  -0.000617706475198
   0.009138455599719
   0.005986499796102
   0.004703203338787
   0.004114396350472


logL =

 -59.925208133101378


exitflag =

     0

-----
   0.879770184794866
   0.137004286011658
   1.447172969468611
  -0.006948644102385
  -0.045177017603841
  -0.009706405259359
   0.047328002036980
   3.773092701225437
   0.896027672642879
   0.739588193227464
   0.307246512097323
  -0.407759280839140
  -1.232945164535316
  -0.694542590861968
   2.111490707312339
   3.181320257167146
   0.030554265104245
  -0.143814644587026
  -0.351006679946124
  -0.066440376621635
   0.569622149809837
   0.128146006278212
   0.001323764938331
   0.000183649476387
   0.000656926971253
   0.000000000000000
   0.000397126062798
  -0.000000000000002
   0.000529330944011
   0.001886907486877
   0.002945393149577
   0.026805813640452
  -0.098497304729335
   0.118529265591706
  -0.229703945409416
  -0.000655190142060
  -0.000059240838375
  -0.000616096015782
   0.009138742634401
   0.005986926976210
   0.004704459751275
   0.004113640468285


logL =

 -59.925209287485828


exitflag =

     0

-----
   0.879763881512423
   0.136871217522262
   1.447214358606759
  -0.006937763831438
  -0.045185538512945
  -0.009698409031983
   0.047350203510518
   3.774035281538155
   0.895963789538666
   0.740024224701170
   0.307301330069367
  -0.408020725002079
  -1.233052907441696
  -0.694212424539600
   2.111804574999191
   3.179231704123281
   0.030492247570246
  -0.143875102756828
  -0.350840351836866
  -0.066446387460329
   0.569853525497796
   0.128144835340660
   0.001323600478142
   0.000183033647515
   0.000656958060439
   0.000000000000000
   0.000397173530795
  -0.000000000000002
   0.000529382938825
   0.001885936193120
   0.002944118251471
   0.026812798593603
  -0.097860712762018
   0.118493634920148
  -0.229775711375835
  -0.000657378332114
  -0.000062056201667
  -0.000618349863047
   0.009137135035349
   0.005986106256948
   0.004702331694877
   0.004114784286173


logL =

 -59.925210623885576


exitflag =

     0

-----
   0.879790366854375
   0.136847573655666
   1.447184222148057
  -0.006940112049751
  -0.045185070969639
  -0.009694108023231
   0.047342716776791
   3.773393568774071
   0.895634743866879
   0.739902922748871
   0.307284349636929
  -0.408138770603945
  -1.232908575084432
  -0.694213169799967
   2.111943217121295
   3.179202656830580
   0.030480169658682
  -0.143933399813602
  -0.350844414582441
  -0.066432820379931
   0.569945863212386
   0.128106328522396
   0.001323582656473
   0.000183184264325
   0.000657009568804
   0.000000000000000
   0.000397187480118
  -0.000000000000002
   0.000529282824966
   0.001887167173610
   0.002944591214779
   0.026810237847302
  -0.098227202878065
   0.118435462648480
  -0.229668975922317
  -0.000656249494303
  -0.000056826183853
  -0.000619846599287
   0.009139713306901
   0.005986291836764
   0.004702821914361
   0.004114631472498


logL =

 -59.925211213660560


exitflag =

     0

-----
   0.879804410492057
   0.136762164539727
   1.447316939972757
  -0.006933092225173
  -0.045183495592504
  -0.009691214400122
   0.047349808550247
   3.772703379914589
   0.895393832155836
   0.739949178764239
   0.307372285344646
  -0.408279387679943
  -1.233226839887785
  -0.694138170191975
   2.112644846175133
   3.179524429087772
   0.030424052822551
  -0.143941447918668
  -0.350634635196091
  -0.066409064660769
   0.570196744929863
   0.128133397968676
   0.001323618553068
   0.000183129992568
   0.000657076251200
   0.000000000000000
   0.000397254007199
  -0.000000000000001
   0.000529291459994
   0.001885623688860
   0.002944239544066
   0.026809424647198
  -0.098393100217962
   0.118297298893325
  -0.229939340200830
  -0.000663211252736
  -0.000058041735451
  -0.000615047924001
   0.009138004301109
   0.005987342408664
   0.004702784812351
   0.004114070534631


logL =

 -59.925211882818708


exitflag =

     0

-----
   0.879834022440846
   0.136725776047905
   1.447262211630519
  -0.006940811123614
  -0.045185226228536
  -0.009688969242097
   0.047347080706521
   3.773284541664577
   0.895309086313489
   0.739886912698265
   0.307413761306605
  -0.408347258935561
  -1.233292797722867
  -0.694052811900668
   2.112857182807146
   3.179498450544274
   0.030411632055235
  -0.143964713805257
  -0.350579320004014
  -0.066405936437297
   0.570271957189236
   0.128148106715160
   0.001323642076759
   0.000183219208189
   0.000656985999990
   0.000000000000000
   0.000397250350196
  -0.000000000000001
   0.000529299152358
   0.001886389679626
   0.002944298469324
   0.026810401338034
  -0.099366178265026
   0.118286368253497
  -0.230016002833178
  -0.000659720220262
  -0.000058981080385
  -0.000617292276398
   0.009138459350065
   0.005986949165183
   0.004703008076546
   0.004114176304331


logL =

 -59.925212356095486


exitflag =

     0

-----
   0.879801448671899
   0.136718332471684
   1.447322928005074
  -0.006936055992026
  -0.045189150439189
  -0.009689608684627
   0.047344609138762
   3.772732327640187
   0.895293908053142
   0.739805770469469
   0.307336873474469
  -0.408474431011660
  -1.233255635259778
  -0.694002676671874
   2.113052483135758
   3.179318242712538
   0.030406733402636
  -0.143988105002527
  -0.350604879080406
  -0.066406771110855
   0.570327731238389
   0.128143046735197
   0.001323647992596
   0.000183262417050
   0.000656916138327
   0.000000000000000
   0.000397201212575
  -0.000000000000001
   0.000529293386787
   0.001886195657196
   0.002944814832520
   0.026811541916308
  -0.098973957431115
   0.118262379616197
  -0.230075282230051
  -0.000657892320003
  -0.000059524140884
  -0.000615422622624
   0.009139492605904
   0.005986514909678
   0.004702814679570
   0.004114404561569


logL =

 -59.925212610566668


exitflag =

     0

-----
   0.879827174869795
   0.136676781421871
   1.447294240878790
  -0.006935343022228
  -0.045186863363826
  -0.009686920348521
   0.047345903856018
   3.772343300716693
   0.895183130460821
   0.739790198129056
   0.307279490317847
  -0.408537703642677
  -1.233195040745562
  -0.694010465657616
   2.113043355724217
   3.178832667409866
   0.030392958476213
  -0.143960242446123
  -0.350526171296919
  -0.066405899989179
   0.570349172643620
   0.128095773976990
   0.001323657015903
   0.000183208888583
   0.000657008625219
   0.000000000000000
   0.000397218112930
  -0.000000000000001
   0.000529298428788
   0.001886479136480
   0.002944078095088
   0.026807560337462
  -0.098763320389107
   0.118172707006635
  -0.229943686982747
  -0.000657406648920
  -0.000055579646865
  -0.000615032637428
   0.009139346059945
   0.005986509410064
   0.004702858981277
   0.004114711779935


logL =

 -59.925212836121752


exitflag =

     0

-----
