   1.0e+02 *

   0.008459606220533
   0.002045648319389
   0.011997856968469
  -0.000060227217031
  -0.000476789425405
  -0.000110430851163
   0.000520822494592
   0.043109187844502
   0.009361586303786
   0.008253205792906
   0.000009784526552
   0.006016154863036
  -0.004689115867804
  -0.018626264708207
  -0.006042492488893
   0.024343678435562
   0.026507625708859
   0.000417860010131
  -0.001453256098587
  -0.002637688640034
  -0.000640469109745
   0.006042993818845
   0.002061004476809
   0.000013672573575
   0.000002342356653
   0.000007249757528
  -0.000002495378781
   0.000005077638522
   0.000001300712054
   0.000008019571592
   0.000029601730405
   0.000035949080009
  -0.000956895039501
  -0.000255320497817
   0.000947153760861
  -0.002488155954609
   7.322090775634528
  -0.000009704918629
  -0.000000383064180
  -0.000002155370657
   0.005675187525369
   0.000039317724422
   0.000001522098263
  -0.692150022725081
   0.920278775254951
   0.003216028406432
  -0.000000657006503
   0.000007087030348
   0.000015286679923
   0.001005244798738
   0.000064720199830


logL =

 -63.851757108368346

   1.0e+02 *

   0.008595826544638
   0.002111032232610
   0.012002923604009
  -0.000068082725856
  -0.000483640842154
  -0.000120571299635
   0.000476662596994
   0.044081916893255
   0.010927029126099
   0.007973230425108
   0.000011934863085
   0.005424516987554
  -0.004350477174375
  -0.018961687291192
  -0.006184479430459
   0.024792013342439
   0.027011093814964
   0.000405053844435
  -0.001356055751122
  -0.002524565391037
  -0.000683344915716
   0.005859218989273
   0.002407018229704
   0.000012563861301
   0.000001347297486
   0.000006434299853
   0.000000565728397
   0.000005016597141
   0.000001204470981
   0.000007779877255
   0.000018713816356
   0.000031298375602
  -0.000926250181200
  -0.000267202755198
   0.000967879955839
  -0.002332243802035
   7.263135786379841
  -0.000011145116560
  -0.000000569753103
  -0.000007251529227
   0.005831426059146
   0.000037009790975
   0.000001527478182
  -0.691179186612978
   0.924335747444830
   0.003152811700749
  -0.000000347992634
   0.000007548297441
   0.000014110820442
   0.000157864010215
   0.000088628241188


logL =

 -64.268960477523322


exitflag =

     0

-----
   1.0e+02 *

   0.008445235577290
   0.002158056883734
   0.012347099768811
  -0.000056685152891
  -0.000486551826573
  -0.000107242508430
   0.000514083201364
   0.041716033280818
   0.010528908724886
   0.007976766912342
  -0.000013998736168
   0.004548160197999
  -0.004195666419315
  -0.018351786628908
  -0.006315349058522
   0.024622386423666
   0.026721330700574
   0.000407974031211
  -0.001146346028628
  -0.002469106268393
  -0.000704113149501
   0.005809499523403
   0.002643927518143
   0.000013169679838
   0.000000078776587
   0.000006659273771
  -0.000000040027166
   0.000004991058622
  -0.000000521407778
   0.000007415253556
   0.000018546766735
   0.000028996539560
  -0.000898169982285
  -0.000571544145352
   0.000944609265814
  -0.002360923530369
   7.230683382480825
  -0.000013114106278
  -0.000002802573183
  -0.000008994728154
   0.005577026248154
   0.000033327138329
   0.000001518354675
  -0.686221673665350
   0.862619549791797
   0.003414271777930
  -0.000000405954250
   0.000007547018101
   0.000013590168905
   0.000121596600634
   0.000091605255655


logL =

 -64.371506840905951


exitflag =

     0

-----
   1.0e+02 *

   0.008678322979309
   0.002082209597713
   0.012183680468508
  -0.000055344793522
  -0.000484252164146
  -0.000128753878017
   0.000481318281829
   0.040279959686422
   0.010730652237388
   0.007725337427746
  -0.000018760788434
   0.004689384148644
  -0.004256247999131
  -0.017025329797111
  -0.006342263493411
   0.024531779293691
   0.026327679934159
   0.000424459822155
  -0.001163341650724
  -0.002452107627472
  -0.000710700540629
   0.005905712762043
   0.002638207833165
   0.000012798626519
   0.000000144036167
   0.000006419873877
  -0.000000101571859
   0.000005090033640
   0.000000393509468
   0.000007844739189
   0.000018457902579
   0.000030703375458
  -0.000892974620419
  -0.000779405829342
   0.000941185531620
  -0.002298214296910
   7.178428555755318
  -0.000011622058355
  -0.000003520470854
  -0.000010223852792
   0.004938738502913
   0.000031437842189
   0.000001468171680
  -0.698746239723386
   0.835176377880020
   0.003471896571541
  -0.000000125123735
   0.000007171172173
   0.000013119976473
   0.000138088189528
   0.000074099655669


logL =

 -64.431879227779049


exitflag =

     0

-----
   1.0e+02 *

   0.008674068725193
   0.002177487655170
   0.012256975263301
  -0.000056553241270
  -0.000478228219767
  -0.000102641254796
   0.000510318811799
   0.042534092883706
   0.010280545073588
   0.008359676083388
  -0.000053629952699
   0.004216362386110
  -0.004167019125176
  -0.017000169414520
  -0.006512146722022
   0.025309319721944
   0.026154258112040
   0.000377559882687
  -0.001302437857606
  -0.002458641242012
  -0.000747161227441
   0.005879695477493
   0.002668135339955
   0.000012909750598
  -0.000000135972396
   0.000006283547448
  -0.000000114455212
   0.000004983417871
  -0.000000167039280
   0.000007562662124
   0.000017574047269
   0.000031633828067
  -0.000832073145911
  -0.001041511571221
   0.000921272192318
  -0.002174334724160
   7.132699703169224
  -0.000008331148104
  -0.000005487194352
  -0.000011432844935
   0.004734144451848
   0.000025241712990
   0.000001457756854
  -0.721358325412850
   0.834350957772317
   0.003495167014115
  -0.000000640463164
   0.000007326311346
   0.000013904376735
   0.000134123269637
   0.000058967129402


logL =

 -64.516130553644970


exitflag =

     0

-----
   1.0e+02 *

   0.008928883082070
   0.001993822931241
   0.012171341486350
  -0.000044140097799
  -0.000503185377335
  -0.000112614546122
   0.000469432736840
   0.041839226126295
   0.010286057507891
   0.008089143282065
  -0.000026704398397
   0.004728538323612
  -0.004624114436372
  -0.016078897712244
  -0.006342268655609
   0.024846990145031
   0.025769736563756
   0.000419211799265
  -0.001144901443374
  -0.002496325591370
  -0.000721384871376
   0.005884492169250
   0.002800070224191
   0.000012866047526
  -0.000000046052871
   0.000006596189802
  -0.000000160934225
   0.000005166383118
  -0.000000153216788
   0.000007957030576
   0.000018454412204
   0.000030576634468
  -0.000846988247275
  -0.001108984110559
   0.000892359378973
  -0.002021762155118
   7.091609697047010
  -0.000009542360410
  -0.000007830608059
  -0.000014907823286
   0.003872505692515
   0.000023879974155
   0.000001461694688
  -0.729340294445257
   0.861517196357702
   0.003670004564511
  -0.000000577086638
   0.000006937259539
   0.000012776408551
   0.000128807971624
   0.000062436358762


logL =

 -64.590608613556867


exitflag =

     0

-----
   1.0e+02 *

   0.009078554453250
   0.002149308025624
   0.012086201915716
  -0.000049993241796
  -0.000478602962000
  -0.000111453018279
   0.000485680385830
   0.041587772584838
   0.009860068982583
   0.008211069242001
   0.000013243810533
   0.003980426549756
  -0.004668203234372
  -0.016677862700774
  -0.006711219336422
   0.027047143648762
   0.025743649014124
   0.000363666371908
  -0.001482640732380
  -0.002543364570255
  -0.000804563062243
   0.006018158025033
   0.002904986216602
   0.000012696324069
  -0.000000113371766
   0.000006266564875
  -0.000000174036367
   0.000005049698018
   0.000000215494500
   0.000007724068338
   0.000019852643423
   0.000031600966008
  -0.000826610742111
  -0.001556722511870
   0.000899545216462
  -0.001594058059225
   6.930225365568279
  -0.000010614298971
  -0.000009980835775
  -0.000017625874305
   0.003337283619650
   0.000019939724368
   0.000001446257995
  -0.750863897925591
   0.838483993263293
   0.003715350916636
  -0.000000784728830
   0.000006962120680
   0.000013633518729
   0.000094162526559
   0.000039733749530


logL =

 -64.679197865368423


exitflag =

     0

-----
   1.0e+02 *

   0.008686158507236
   0.002218778916636
   0.012673362297431
  -0.000052549890039
  -0.000475870541698
  -0.000117581017712
   0.000442734027400
   0.034377876049842
   0.009586299590014
   0.007025657933860
   0.000044805108052
   0.003977380742069
  -0.004704355841080
  -0.016635871626333
  -0.006753865660659
   0.024404927861930
   0.026441876165953
   0.000362764470863
  -0.001555048803408
  -0.002533521506166
  -0.000756830710240
   0.006452967070142
   0.003122986879417
   0.000013729497194
   0.000000378300490
   0.000006523621115
   0.000000063529125
   0.000005040316673
   0.000000141266920
   0.000007308692148
   0.000023165437995
   0.000029624268887
  -0.000827274984528
  -0.001550571100811
   0.000872070215084
  -0.001483821246072
   6.889263324813910
  -0.000009823866439
  -0.000010680608121
  -0.000018771692394
   0.003692468478753
   0.000018753831963
   0.000001456751416
  -0.744902547641655
   0.799455351757625
   0.003361957044796
  -0.000007972346533
   0.000002813533019
   0.000010030778313
   0.000057154866360
   0.000035171577804


logL =

 -64.823275200164218


exitflag =

     0

-----
   1.0e+02 *

   0.009117486221953
   0.002204295356043
   0.013055791558612
  -0.000050195823712
  -0.000473957515108
  -0.000116047210466
   0.000476141879745
   0.037424150863373
   0.009730393415969
   0.007641107853283
   0.000032454968793
   0.003840881246277
  -0.005135372703978
  -0.018121314546703
  -0.006701192948346
   0.024647779796108
   0.026784749677305
   0.000349547492760
  -0.001476859049227
  -0.002389778334319
  -0.000778330510825
   0.006178357420159
   0.003141597042203
   0.000012917741242
   0.000000012637747
   0.000006490856362
   0.000000064194531
   0.000005180139038
   0.000000294563768
   0.000007790075597
   0.000019407512525
   0.000032170293467
  -0.000861615113278
  -0.001524043643826
   0.000866535452652
  -0.001469163092193
   6.942199468302269
  -0.000009631601783
  -0.000010716307946
  -0.000018883208206
   0.003066914707396
   0.000018807430943
   0.000001439735256
  -0.746419266510208
   0.840353580542365
   0.003345883840270
  -0.000009170621505
   0.000000042929864
   0.000008493103879
   0.000090127107148
   0.000028376293988


logL =

 -64.945902920149919


exitflag =

     0

-----
   1.0e+02 *

   0.009325137582208
   0.002092824028597
   0.012768447818727
  -0.000044520758311
  -0.000462519080040
  -0.000113446154674
   0.000468659940049
   0.042606751898612
   0.009999178099012
   0.008983939442323
   0.000083214100363
   0.003490964340396
  -0.005177648664693
  -0.015607428960682
  -0.006813295484028
   0.022781665295045
   0.026051829433193
   0.000333164874698
  -0.001693990042641
  -0.002426639507609
  -0.000834985093527
   0.005977893523007
   0.003154516851485
   0.000012899139817
  -0.000000009060358
   0.000006501618021
  -0.000000132000802
   0.000005133254325
  -0.000001350711287
   0.000007447083513
   0.000019488436081
   0.000031359661088
  -0.000849727281761
  -0.001955067031589
   0.000834450696516
  -0.001231999270160
   6.965343514505168
  -0.000009160629715
  -0.000011472234157
  -0.000020265189389
   0.002989940667146
   0.000017217115326
   0.000001478768572
  -0.723014382890597
   0.751671264458241
   0.003979565375208
  -0.000009080620011
   0.000000533090364
   0.000008745737161
   0.000064599474115
   0.000020012316711


logL =

 -65.010654180720366


exitflag =

     0

-----
   1.0e+02 *

   0.009466869377905
   0.002121687001987
   0.013420246427325
  -0.000041264393485
  -0.000463309410942
  -0.000109198614281
   0.000454188028222
   0.034458225170787
   0.009231131162365
   0.007444986218856
   0.000104292716399
   0.003198895786698
  -0.005314072408645
  -0.014954557349082
  -0.006993894893653
   0.022196727684677
   0.025642269169286
   0.000323468472079
  -0.001706874401312
  -0.002453955822713
  -0.000869419154155
   0.005991454684237
   0.003074978691225
   0.000012806594468
  -0.000000000502189
   0.000006629179574
  -0.000000196481211
   0.000005041200844
   0.000000430583157
   0.000007581749966
   0.000020207144804
   0.000033829104134
  -0.000854823344333
  -0.002014809670554
   0.000827488227573
  -0.001187806612984
   6.955949206110952
  -0.000014772729935
  -0.000014002354683
  -0.000021064475799
   0.002764935095272
   0.000016901751968
   0.000001486482509
  -0.735463587698443
   0.745072671002186
   0.004313296545594
  -0.000009204987258
   0.000001186889902
   0.000009000162705
   0.000055246760149
   0.000016999097609


logL =

 -65.098419753778941


exitflag =

     0

-----
   1.0e+02 *

   0.009593742642727
   0.002049261331012
   0.013033821517718
  -0.000041376033631
  -0.000456295364923
  -0.000109062558429
   0.000458967951786
   0.037063624466644
   0.009279003274448
   0.007956153987064
   0.000425364831246
   0.003962904727026
  -0.005147156504970
  -0.015686208747292
  -0.007019315101467
   0.022681348127440
   0.025372602810101
   0.000320240768170
  -0.001716558295204
  -0.002501059368485
  -0.000884812692746
   0.005984389352748
   0.003067482841849
   0.000012829437503
   0.000000001972726
   0.000006504224254
  -0.000000445433267
   0.000005116073595
  -0.000000688817006
   0.000007883322314
   0.000020185242683
   0.000031022150200
  -0.000849494052583
  -0.002284286818630
   0.000820908146227
  -0.001088849635088
   6.942721253654602
  -0.000015365942009
  -0.000014462747771
  -0.000021565049679
   0.002618100817171
   0.000016860518142
   0.000001470192765
  -0.716319433017264
   0.728745135495565
   0.004290358835906
  -0.000009606058703
  -0.000000240464870
   0.000008857215810
   0.000041792359088
   0.000020115763997


logL =

 -65.140984716215740


exitflag =

     0

-----
   1.0e+02 *

   0.009425832060658
   0.002038302095355
   0.013476500600821
  -0.000042722813196
  -0.000458036262138
  -0.000107786193423
   0.000452046206869
   0.036983714798201
   0.009371062691727
   0.007930452250836
   0.000427308351754
   0.003980226344327
  -0.005242032177886
  -0.016485803017959
  -0.006983081530650
   0.022447167559121
   0.025556181369198
   0.000314083130009
  -0.001701655342640
  -0.002532198876251
  -0.000901254694971
   0.006061938987255
   0.003042473337318
   0.000012928151408
   0.000000004310976
   0.000006503872477
   0.000000032761997
   0.000005133260972
  -0.000000149833008
   0.000007711054306
   0.000020075155833
   0.000031696729034
  -0.000859060491333
  -0.002373123163938
   0.000817685556985
  -0.001065221208379
   7.146655506951456
  -0.000015316080804
  -0.000014806468658
  -0.000021692124376
   0.002752940903896
   0.000017383291356
   0.000001476182840
  -0.715254771735102
   0.731164554491507
   0.004574708076598
  -0.000009532158836
  -0.000000263823974
   0.000009094086952
   0.000040508624383
   0.000016624540505


logL =

 -65.167769736695092


exitflag =

     0

-----
   1.0e+02 *

   0.009506944856461
   0.001939610348110
   0.013555143167917
  -0.000041442558826
  -0.000456941720090
  -0.000105247363964
   0.000444506701462
   0.033829090307032
   0.008800079941909
   0.007305551695369
   0.001395436938130
   0.004175715489175
  -0.005393773748461
  -0.016418683767149
  -0.006959298447837
   0.022235094202222
   0.025037862257588
   0.000308556033878
  -0.001688121379265
  -0.002592037933112
  -0.000927706528979
   0.006059096411067
   0.003015285644208
   0.000012884438678
  -0.000000004367921
   0.000006559349695
   0.000000206444697
   0.000005170926080
  -0.000000022836811
   0.000007667271005
   0.000019300285720
   0.000031067448476
  -0.000871144033802
  -0.002497513938354
   0.000808230314241
  -0.000969292213436
   7.241827319061081
  -0.000016341886832
  -0.000015247479620
  -0.000022648631913
   0.002689343015992
   0.000017181453632
   0.000001475532559
  -0.726045933290517
   0.718131070066058
   0.004819923612897
  -0.000009622273957
   0.000000173913339
   0.000009072093718
   0.000036388575484
   0.000015762053275


logL =

 -65.198402517589670


exitflag =

     0

-----
   1.0e+02 *

   0.009438627532332
   0.001903096385272
   0.013318779946512
  -0.000040261290256
  -0.000449750035811
  -0.000104092791648
   0.000476800518155
   0.035957448706333
   0.009101854609737
   0.007862257145448
   0.001815456920231
   0.004084625261323
  -0.005335954382753
  -0.016650676879430
  -0.006958477388258
   0.022312227786046
   0.025234400373403
   0.000307701783276
  -0.001683577005189
  -0.002598449370707
  -0.000927728749284
   0.006043728515779
   0.003058520087248
   0.000012804624845
  -0.000000006635472
   0.000006554457618
   0.000000080024467
   0.000005020847551
  -0.000000014565158
   0.000007715923105
   0.000019809915309
   0.000031069249704
  -0.000882827211637
  -0.002578425530070
   0.000805927629635
  -0.000936850531281
   7.391479366394655
  -0.000016041055086
  -0.000015257736157
  -0.000022701211943
   0.002654938980565
   0.000016741871034
   0.000001477766772
  -0.725593470287041
   0.713618438505147
   0.004969552563575
  -0.000009671815104
   0.000000258393301
   0.000009033098490
   0.000036423647185
   0.000015034391708


logL =

 -65.214825362556482


exitflag =

     0

-----
   1.0e+02 *

   0.009452843905444
   0.001887723099336
   0.013390468134179
  -0.000039484265980
  -0.000449438499784
  -0.000103641791335
   0.000465420452781
   0.035131634741324
   0.009062110569360
   0.007693215034338
   0.002123194676193
   0.004059274336804
  -0.005506685990571
  -0.016642737557569
  -0.006948097738634
   0.022283413550681
   0.025249561600211
   0.000307582708999
  -0.001676742941351
  -0.002606772033433
  -0.000933728512148
   0.006055877230984
   0.003018042830944
   0.000012964199266
  -0.000000006438620
   0.000006532666126
   0.000000062100492
   0.000005061708607
  -0.000000012963002
   0.000007724762183
   0.000019213704803
   0.000031500239592
  -0.000886235982087
  -0.002620115432026
   0.000804589651208
  -0.000922656999269
   7.431431133094802
  -0.000016089727887
  -0.000015357253667
  -0.000022742302689
   0.002609874309095
   0.000016722435576
   0.000001478985873
  -0.730834700734687
   0.712307777681289
   0.005077441132015
  -0.000010029721834
   0.000000286789411
   0.000008942706888
   0.000036493219644
   0.000015077797996


logL =

 -65.220512643444465


exitflag =

     0

-----
   1.0e+02 *

   0.009453992350315
   0.001818485235662
   0.013517435691102
  -0.000040103131442
  -0.000445976469705
  -0.000103135318878
   0.000480624300394
   0.036174409787138
   0.009193776741977
   0.007954545293274
   0.004793219202776
   0.003859021811339
  -0.005559354890730
  -0.016430807216097
  -0.006894896600766
   0.022205474774107
   0.025358618656112
   0.000306519785446
  -0.001664802510166
  -0.002624519395902
  -0.000946579111414
   0.006100859057951
   0.002979374780168
   0.000012906991316
  -0.000000010539488
   0.000006539090526
   0.000000209585074
   0.000005131599462
  -0.000000001767159
   0.000007714493205
   0.000019131258564
   0.000031147691250
  -0.000891527256537
  -0.002677531538177
   0.000805789805360
  -0.000911859295717
   7.455322780864970
  -0.000016559479058
  -0.000015584682857
  -0.000022795797348
   0.002660941572974
   0.000016755880013
   0.000001478191673
  -0.743498477638352
   0.720457012312431
   0.005079052633480
  -0.000009814234851
  -0.000000463885450
   0.000008833463369
   0.000036453153949
   0.000015448054056


logL =

 -65.225303090998082


exitflag =

     0

-----
   1.0e+02 *

   0.009346671318604
   0.001818911129871
   0.013424801903726
  -0.000039719316251
  -0.000444564233212
  -0.000102166097031
   0.000478331310258
   0.035126672413911
   0.009038755543619
   0.007756211095816
   0.010828124518085
   0.003848199626620
  -0.005570179870531
  -0.016439362184172
  -0.006899236747568
   0.022238618310041
   0.025336570287756
   0.000306697049384
  -0.001655772972435
  -0.002642600191967
  -0.000945070306261
   0.006092944388146
   0.002948691023309
   0.000012897605252
  -0.000000017858094
   0.000006518208351
   0.000000119480874
   0.000005080058305
  -0.000000004796228
   0.000007706863418
   0.000019089983492
   0.000031185135383
  -0.000888913556694
  -0.002714659349435
   0.000803812391207
  -0.000906486853531
   7.467522996542345
  -0.000016775162559
  -0.000015700484721
  -0.000022810717320
   0.002597810147943
   0.000016216872340
   0.000001477999764
  -0.740615374138628
   0.723243570919637
   0.005040157335277
  -0.000009966900673
   0.000000342211758
   0.000009121117660
   0.000035830613267
   0.000015394372500


logL =

 -65.229770358003307


exitflag =

     0

-----
   1.0e+02 *

   0.009434047550998
   0.001783556464881
   0.013434211617304
  -0.000039696527450
  -0.000444067476122
  -0.000102488462069
   0.000466454611824
   0.036012272366235
   0.009042895712607
   0.007946640274890
   0.120198919398841
   0.003732227142227
  -0.005638158740525
  -0.016447850060441
  -0.006901971564395
   0.022249536564254
   0.025285878342839
   0.000306738323241
  -0.001650285143157
  -0.002647512661869
  -0.000946071004578
   0.006085264507140
   0.002946469742592
   0.000012912508556
   0.000000044627956
   0.000006511675631
  -0.000000509136475
   0.000005107552143
  -0.000000001715755
   0.000007681246021
   0.000019230589929
   0.000031526245480
  -0.000892564026213
  -0.002722472787452
   0.000803339047682
  -0.000895759049745
   7.482141866650514
  -0.000016634809366
  -0.000015883987950
  -0.000022850399643
   0.002603205636283
   0.000016331617558
   0.000001482441423
  -0.739035685932244
   0.714390977406451
   0.005115297556664
  -0.000010019677916
  -0.000000469779459
   0.000008996136232
   0.000035042250189
   0.000015270801358


logL =

 -65.234995228245481


exitflag =

     0

-----
   1.0e+02 *

   0.009257615274952
   0.001758118073268
   0.013685987530698
  -0.000039340262932
  -0.000442783827623
  -0.000102201359498
   0.000393814311428
   0.034426941648107
   0.008622627461894
   0.007619039405076
   0.572667454311128
   0.003509683647864
  -0.005601067753794
  -0.016584287732321
  -0.006847943695547
   0.022169892322947
   0.025594707833077
   0.000301365641664
  -0.001600843831508
  -0.002715338825913
  -0.000939943663749
   0.006068356287414
   0.002889531208800
   0.000012809567706
   0.000000054645806
   0.000006570101785
   0.000000497643800
   0.000004989092419
  -0.000000002045756
   0.000007759739251
   0.000018763853535
   0.000031740059917
  -0.000895214372117
  -0.002786633824737
   0.000811371425362
  -0.000849285837102
   7.701813447885443
  -0.000016586422754
  -0.000016312532266
  -0.000022874089467
   0.002601343371224
   0.000016297071700
   0.000001484864525
  -0.716246736721573
   0.727892929466257
   0.005201154611970
  -0.000010128338497
   0.000000543854395
   0.000009121726305
   0.000035671588084
   0.000015252556764


logL =

 -65.254363099592894


exitflag =

     0

-----
   1.0e+02 *

   0.009407763451627
   0.001712058281796
   0.013702563270281
  -0.000039202127394
  -0.000440847291468
  -0.000101995999771
   0.000369987245629
   0.036302670614630
   0.008684973021961
   0.008065353703245
   0.870731774217649
   0.003424508672180
  -0.005536851003574
  -0.016532089231423
  -0.006834994554875
   0.022170748586844
   0.025552078170339
   0.000300289066330
  -0.001600957395602
  -0.002711326633951
  -0.000936109573714
   0.006068012552292
   0.002905103019995
   0.000012922984415
   0.000000102212550
   0.000006486815738
  -0.000000161582273
   0.000005074954194
  -0.000000003895952
   0.000007665370553
   0.000018736329899
   0.000030921404210
  -0.000895640045120
  -0.002790107250643
   0.000809132088149
  -0.000847461770938
   7.726694217299025
  -0.000016348560942
  -0.000016236441398
  -0.000022910378460
   0.002547359438016
   0.000016097992262
   0.000001474752712
  -0.716875332374673
   0.723600660337706
   0.005185741016859
  -0.000009971607849
  -0.000000011249377
   0.000008928267257
   0.000035455447675
   0.000015290311361


logL =

 -65.266841380654597


exitflag =

     0

-----
   1.0e+02 *

   0.009361896001752
   0.001712547500491
   0.013610717415158
  -0.000038923781491
  -0.000442323417164
  -0.000102129550631
   0.000330908941666
   0.035457995616733
   0.008558359381792
   0.007862373904054
   1.096764334625392
   0.003330956978029
  -0.005512904710135
  -0.016206084804020
  -0.006830953399982
   0.022211242543860
   0.025389012831208
   0.000300216597795
  -0.001601328424148
  -0.002718668456538
  -0.000932828548796
   0.006061299626318
   0.002881423310143
   0.000012889846597
   0.000000151330428
   0.000006464340908
  -0.000000089300909
   0.000005052721624
  -0.000000004981116
   0.000007674974551
   0.000018748205213
   0.000031355721355
  -0.000898498139453
  -0.002818487696640
   0.000806370869927
  -0.000835306388249
   7.755442020455134
  -0.000016274260475
  -0.000016359819841
  -0.000022948463266
   0.002577468875132
   0.000016203385968
   0.000001471380168
  -0.719021261937763
   0.724745190443957
   0.005173636095074
  -0.000010095039979
  -0.000000013237547
   0.000009040255097
   0.000035064852076
   0.000015399604467


logL =

 -65.270380065981342


exitflag =

     0

-----
   1.0e+02 *

   0.009431689492618
   0.001701823438315
   0.013662256524438
  -0.000038957703455
  -0.000442684420165
  -0.000102398991541
   0.000328306928277
   0.036448614156483
   0.008599178160531
   0.008052467314391
   1.139566340132657
   0.003252419221818
  -0.005534199404117
  -0.016222269474556
  -0.006827657420936
   0.022284083216723
   0.025326660649231
   0.000300096709592
  -0.001593843113274
  -0.002721250677380
  -0.000932986855895
   0.006056721159215
   0.002862676787845
   0.000012895634966
   0.000000418157972
   0.000006478285938
  -0.000000011476909
   0.000005079635922
  -0.000000007607241
   0.000007736481147
   0.000018743782582
   0.000031199582359
  -0.000901848496178
  -0.002833908112065
   0.000805333886624
  -0.000828472800924
   7.788775717015154
  -0.000016112188526
  -0.000016390451837
  -0.000022941765162
   0.002494170143870
   0.000015708796005
   0.000001467711097
  -0.717549773657015
   0.724071397923333
   0.005137609992973
  -0.000010051111951
   0.000000005940555
   0.000008946716629
   0.000034873763535
   0.000015307572553


logL =

 -65.272323188437511


exitflag =

     0

-----
   1.0e+02 *

   0.009377537085682
   0.001697160531498
   0.013563256994433
  -0.000037875942364
  -0.000442615902569
  -0.000102214892220
   0.000316748748964
   0.035321763844777
   0.008489765272558
   0.007759113136450
   1.173388454798678
   0.003314559182485
  -0.005476347212521
  -0.015886501474503
  -0.006826580651218
   0.022275607391002
   0.025285961936347
   0.000300087378863
  -0.001592611067233
  -0.002720288801966
  -0.000932193984910
   0.006048117736463
   0.002839759398640
   0.000012835863709
   0.000001242873086
   0.000006467819524
  -0.000000019298374
   0.000005047726307
   0.000000001570540
   0.000007691625779
   0.000018891488818
   0.000030947572059
  -0.000904968171581
  -0.002843343996498
   0.000805132656294
  -0.000827802168835
   7.817809613801183
  -0.000016129845739
  -0.000016395969377
  -0.000022926575241
   0.002550734050395
   0.000016031959931
   0.000001465960478
  -0.712967720271460
   0.723592661417989
   0.005131630569831
  -0.000010101608419
   0.000000004516907
   0.000008983494856
   0.000035028779110
   0.000015245204335


logL =

 -65.274550924032752


exitflag =

     0

-----
   1.0e+02 *

   0.009401245244277
   0.001689506875444
   0.013745372906878
  -0.000037977366883
  -0.000444576060887
  -0.000101816508497
   0.000318181811126
   0.035812329671814
   0.008524650336340
   0.007858888649979
   1.165633061791675
   0.003319299647352
  -0.005425818721131
  -0.015769603419425
  -0.006793879431796
   0.022273592370009
   0.025316144202521
   0.000300207408276
  -0.001584065440010
  -0.002731986243026
  -0.000935134929557
   0.006059586121758
   0.002811711546608
   0.000012866317346
   0.000001085370633
   0.000006462715105
  -0.000000030508736
   0.000005072049593
   0.000000001683082
   0.000007689224112
   0.000018689231553
   0.000031164772141
  -0.000905710891371
  -0.002854785618578
   0.000805968126842
  -0.000824912047624
   7.857623455497201
  -0.000016192987521
  -0.000016524460756
  -0.000022903143416
   0.002497427436223
   0.000015759392913
   0.000001466316577
  -0.709235886487821
   0.723561150531517
   0.005165886171535
  -0.000010016501339
   0.000000001767796
   0.000008923033412
   0.000035021298348
   0.000015219169267


logL =

 -65.275796693617906


exitflag =

     0

-----
   1.0e+02 *

   0.009318740426127
   0.001671203292873
   0.013619904128146
  -0.000037831902624
  -0.000445690256205
  -0.000101579958399
   0.000317523234730
   0.035242957306482
   0.008442120965894
   0.007697916956362
   1.162833223900957
   0.003313182152196
  -0.005463156365580
  -0.015596666608513
  -0.006792159004674
   0.022324866305944
   0.025269934395591
   0.000300272976397
  -0.001582134170098
  -0.002738049998569
  -0.000936138430247
   0.006078643376134
   0.002786697828010
   0.000012849453731
   0.000001281379646
   0.000006463578646
   0.000000000225535
   0.000005025181726
   0.000000000981120
   0.000007663927493
   0.000018707420688
   0.000031056237727
  -0.000906444540166
  -0.002877402682187
   0.000803845158395
  -0.000825864624386
   7.893230026979275
  -0.000016275142939
  -0.000016634602365
  -0.000022958215515
   0.002510758051047
   0.000015970372518
   0.000001469294142
  -0.702796171364182
   0.726246100928470
   0.005201967738827
  -0.000010095236479
   0.000000003452017
   0.000009021068455
   0.000035180754408
   0.000015247158646


logL =

 -65.277208846886964


exitflag =

     0

-----
   1.0e+02 *

   0.009379391172618
   0.001648445386430
   0.013660137660414
  -0.000037149429552
  -0.000446801019899
  -0.000101464005878
   0.000325121783109
   0.036047900872154
   0.008543840913382
   0.007878466590426
   1.113609874185974
   0.003406673965651
  -0.005363048350827
  -0.015286029334492
  -0.006790035037995
   0.022410120850807
   0.025286144608929
   0.000300384821484
  -0.001577273538084
  -0.002743348705786
  -0.000935945535117
   0.006090494869522
   0.002744423677445
   0.000012853085867
   0.000001096237943
   0.000006493001494
   0.000000000222884
   0.000005053381356
   0.000000000534372
   0.000007682456264
   0.000018638915014
   0.000030811134380
  -0.000910542709310
  -0.002908146951768
   0.000802757454391
  -0.000824616611398
   7.931096520032821
  -0.000016367038774
  -0.000016683532947
  -0.000022967423287
   0.002500137204547
   0.000015603476933
   0.000001466978809
  -0.708143833461931
   0.725530674548751
   0.005221572937267
  -0.000010030278953
   0.000000005605096
   0.000008909341506
   0.000035132350147
   0.000015294636204


logL =

 -65.278592438939498


exitflag =

     0

-----
   1.0e+02 *

   0.009331265217050
   0.001652182904769
   0.013694390563443
  -0.000037116157540
  -0.000447682047939
  -0.000101308983546
   0.000319203522080
   0.035545827929480
   0.008455431061705
   0.007764148387758
   1.137907840532250
   0.003371028900846
  -0.005346523932418
  -0.015218169398907
  -0.006788014673860
   0.022423023364377
   0.025278818624869
   0.000300291101455
  -0.001568046613639
  -0.002748657672266
  -0.000937357436221
   0.006096734387706
   0.002740728443584
   0.000012881172408
   0.000001158984690
   0.000006476449646
   0.000000000223898
   0.000005050293990
   0.000000000586092
   0.000007688240147
   0.000018648143296
   0.000030968932826
  -0.000914663377876
  -0.002913694638934
   0.000802242224179
  -0.000825727771960
   7.941176650071566
  -0.000016213924477
  -0.000016711622456
  -0.000022979286138
   0.002515079495653
   0.000015809869701
   0.000001467886337
  -0.711281967085738
   0.728453710698044
   0.005228907806903
  -0.000010048360333
   0.000000004923925
   0.000009003868038
   0.000035314634611
   0.000015273364525


logL =

 -65.279455886810368


exitflag =

     0

-----
   1.0e+02 *

   0.009406565502636
   0.001636108389412
   0.013644600389701
  -0.000036759434989
  -0.000446947469610
  -0.000101029731593
   0.000309546374224
   0.035550197876428
   0.008444701198198
   0.007756675416014
   1.217265918642730
   0.003461700145866
  -0.005303979663871
  -0.015258526907103
  -0.006791006306598
   0.022478606606814
   0.025129138842363
   0.000300852282823
  -0.001565718755320
  -0.002754830287116
  -0.000932710282505
   0.006077022658813
   0.002727583562223
   0.000012856297116
   0.000001311673700
   0.000006480335053
   0.000000000204717
   0.000005064108146
   0.000000000966609
   0.000007686986516
   0.000018618743663
   0.000031126798387
  -0.000913821533537
  -0.002934807504994
   0.000800454066740
  -0.000823273331693
   7.983383751426054
  -0.000016173900185
  -0.000016747967321
  -0.000023038941964
   0.002481387604768
   0.000015470391837
   0.000001463480731
  -0.705281902361941
   0.731216413234305
   0.005181792031183
  -0.000010091022241
   0.000000000924092
   0.000008955831965
   0.000034848518217
   0.000015339305938


logL =

 -65.280619293585332


exitflag =

     0

-----
   1.0e+02 *

   0.009348998479175
   0.001640285022519
   0.013657488357105
  -0.000036571484098
  -0.000446690048591
  -0.000100767061005
   0.000307248170172
   0.035668050294720
   0.008425418931518
   0.007811072318434
   1.242755602887408
   0.003413392083298
  -0.005283271648269
  -0.015227606359346
  -0.006781018298245
   0.022504426569198
   0.025065178118411
   0.000301004223685
  -0.001559372701520
  -0.002760084891891
  -0.000934753030243
   0.006081355676560
   0.002709601390973
   0.000012836845847
   0.000001114376616
   0.000006487097990
   0.000000000265797
   0.000005057923045
   0.000000001085271
   0.000007665011101
   0.000018650271769
   0.000030851772584
  -0.000918112804678
  -0.002944157598840
   0.000800644916630
  -0.000821454387920
   8.003363376046488
  -0.000016168144356
  -0.000016776902004
  -0.000023027056927
   0.002485554843523
   0.000015703147383
   0.000001467077787
  -0.705110807513279
   0.734235514222857
   0.005210613208073
  -0.000010114903360
   0.000000000658640
   0.000008981579770
   0.000034996986122
   0.000015319517519


logL =

 -65.281555458014509


exitflag =

     0

-----
   1.0e+02 *

   0.009416939884221
   0.001628452455043
   0.013674770287335
  -0.000036516124340
  -0.000446528198965
  -0.000100710019802
   0.000302633730989
   0.035521017969719
   0.008415825884135
   0.007760997156471
   1.227079100988217
   0.003464042836169
  -0.005211545793673
  -0.014968526919120
  -0.006781194540350
   0.022557206340743
   0.024996124058611
   0.000302104396725
  -0.001557867399181
  -0.002771285298287
  -0.000930890675857
   0.006078332642955
   0.002702124513144
   0.000012875867554
   0.000001264319619
   0.000006502783975
   0.000000000182303
   0.000005064968288
   0.000000002518987
   0.000007691328379
   0.000018791506637
   0.000030948350300
  -0.000923045575359
  -0.002955464634397
   0.000799552409360
  -0.000820357670029
   8.038529650278342
  -0.000016241595158
  -0.000016823122728
  -0.000023059404460
   0.002479085551093
   0.000015409986608
   0.000001463459359
  -0.703503747170070
   0.730816978225115
   0.005170045191151
  -0.000010095603903
   0.000000000158959
   0.000008916117104
   0.000034833295691
   0.000015241839636


logL =

 -65.282534822691872


exitflag =

     0

-----
   1.0e+02 *

   0.009349139396386
   0.001621893696025
   0.013640235821113
  -0.000036220715273
  -0.000446963268114
  -0.000100420812969
   0.000311778915009
   0.035519642287330
   0.008407297259166
   0.007760909630123
   1.189965324759845
   0.003504534632708
  -0.005221344191381
  -0.015059970434843
  -0.006775818576352
   0.022584870500781
   0.025017161683652
   0.000302045651801
  -0.001553343878747
  -0.002781425090893
  -0.000934029462660
   0.006086530722774
   0.002687350169701
   0.000012841924889
   0.000001247301058
   0.000006477052592
   0.000000000196815
   0.000005032244485
   0.000000002855059
   0.000007681369750
   0.000018692827946
   0.000031020673811
  -0.000925820191143
  -0.002968643587235
   0.000798964769591
  -0.000816668375706
   8.049644984711581
  -0.000016174773402
  -0.000016821544961
  -0.000023030451756
   0.002489648354748
   0.000015627028875
   0.000001463958537
  -0.706588340849833
   0.734455213551045
   0.005191152144825
  -0.000010106278897
   0.000000000078546
   0.000009026655336
   0.000034790509740
   0.000015393046762


logL =

 -65.283391922208779


exitflag =

     0

-----
   1.0e+02 *

   0.009397708815565
   0.001612727690289
   0.013676009979919
  -0.000036371758981
  -0.000446359526943
  -0.000100387265493
   0.000304564471284
   0.035591723489765
   0.008402115035293
   0.007785507349563
   1.218962843746754
   0.003435042883509
  -0.005138549112677
  -0.014695140694385
  -0.006768542535405
   0.022619649454985
   0.024900169292833
   0.000302587383063
  -0.001551896248124
  -0.002791141999798
  -0.000931528885079
   0.006088086243793
   0.002676372219337
   0.000012874457998
   0.000001281055044
   0.000006475280231
   0.000000000409792
   0.000005058353724
  -0.000000000075476
   0.000007665488640
   0.000018665588633
   0.000030727174503
  -0.000929287634256
  -0.002981748072250
   0.000799844451848
  -0.000814467364840
   8.093518339633429
  -0.000015970550033
  -0.000016841689257
  -0.000023068722939
   0.002457325931447
   0.000015129231031
   0.000001464404239
  -0.704647642309556
   0.733684453101763
   0.005182043654497
  -0.000010091113542
  -0.000000000014955
   0.000008972379683
   0.000034650172243
   0.000015509761203


logL =

 -65.284240002946873


exitflag =

     0

-----
   1.0e+02 *

   0.009365557234633
   0.001608427565331
   0.013676139497202
  -0.000036229535167
  -0.000447225920960
  -0.000100182549005
   0.000305443009081
   0.035739564649033
   0.008399964416742
   0.007823240563031
   1.230486838609637
   0.003455609270921
  -0.005151171458531
  -0.014740376001375
  -0.006762953225037
   0.022605145607179
   0.024910483352004
   0.000302002440621
  -0.001548848860362
  -0.002798343170800
  -0.000933859694535
   0.006098278485739
   0.002669545666741
   0.000012826748931
   0.000001176120506
   0.000006446521836
   0.000000000418571
   0.000005026743099
  -0.000000000079826
   0.000007691063387
   0.000018713078213
   0.000030656427535
  -0.000932798866426
  -0.002984892679796
   0.000799493705479
  -0.000811917430698
   8.104272185181008
  -0.000015897447229
  -0.000016874807289
  -0.000023055083029
   0.002480442738407
   0.000015383408060
   0.000001465917108
  -0.705760267001709
   0.737306225226022
   0.005180690940282
  -0.000010187609341
  -0.000000000014942
   0.000008949435739
   0.000034722794088
   0.000015213364494


logL =

 -65.284942784189468


exitflag =

     0

-----
   1.0e+02 *

   0.009389118923647
   0.001594469212269
   0.013741068760375
  -0.000036073918124
  -0.000448313704582
  -0.000099557768301
   0.000301914005867
   0.035321576053183
   0.008333800971444
   0.007674054732489
   1.238286812242711
   0.003487580747769
  -0.005155752028984
  -0.014622462714707
  -0.006753825825788
   0.022688583746301
   0.024847387920171
   0.000301995907943
  -0.001543744968776
  -0.002806293472198
  -0.000937728267746
   0.006112808287276
   0.002631289222541
   0.000012813286582
   0.000001452680264
   0.000006457439539
   0.000000000490698
   0.000005050841168
  -0.000000000148188
   0.000007689594719
   0.000018697214243
   0.000031397785632
  -0.000936371282718
  -0.003005653142755
   0.000799233553439
  -0.000810461773918
   8.155949786701290
  -0.000015909890589
  -0.000017011018306
  -0.000023036204856
   0.002495479289169
   0.000015314349449
   0.000001465713756
  -0.704716133484159
   0.741081471667018
   0.005187604316892
  -0.000010062592227
   0.000000000003660
   0.000008950286514
   0.000035086699639
   0.000015471850905


logL =

 -65.285945528674276


exitflag =

     0

-----
   1.0e+02 *

   0.009352090790972
   0.001592397612836
   0.013728059042873
  -0.000035883386643
  -0.000448924168390
  -0.000099283280087
   0.000306302959713
   0.035508317115294
   0.008369304986725
   0.007756155940121
   1.221250887814965
   0.003478771013288
  -0.005149780353980
  -0.014636094188237
  -0.006753721170977
   0.022684046797445
   0.024840443367795
   0.000301865924463
  -0.001542719054401
  -0.002810171722655
  -0.000937868021507
   0.006118787214937
   0.002629151640614
   0.000012846446793
   0.000001214991359
   0.000006474198616
   0.000000000549617
   0.000005043004076
  -0.000000000139187
   0.000007670755336
   0.000018552158928
   0.000030922302653
  -0.000937834452311
  -0.003004949307424
   0.000798909852053
  -0.000811298061357
   8.169971081484029
  -0.000015893493309
  -0.000017045807164
  -0.000023044470432
   0.002476496324285
   0.000015291900362
   0.000001465603603
  -0.705195382834448
   0.744517108196540
   0.005185946113436
  -0.000010095640989
   0.000000000004117
   0.000008969469278
   0.000034903062464
   0.000015284312761


logL =

 -65.286724415306011


exitflag =

     0

-----
   1.0e+02 *

   0.009396502384884
   0.001578729004217
   0.013682625635491
  -0.000035672070314
  -0.000448713496164
  -0.000099162208706
   0.000301547907090
   0.035655400060481
   0.008392844368610
   0.007769235861490
   1.249868063413391
   0.003512603948695
  -0.005123790875556
  -0.014514254554189
  -0.006755667557502
   0.022746051021499
   0.024795226472804
   0.000302619097832
  -0.001543062005283
  -0.002812525715821
  -0.000935669165105
   0.006113703695681
   0.002619234891637
   0.000012853895344
   0.000001279247837
   0.000006468866016
   0.000000000447065
   0.000005053674859
  -0.000000000149852
   0.000007690377550
   0.000018628751587
   0.000030861751195
  -0.000938988676990
  -0.003013774156467
   0.000799494365348
  -0.000810272165925
   8.194495926937787
  -0.000015698469921
  -0.000017102522137
  -0.000023065074434
   0.002461743656428
   0.000015229682756
   0.000001463603481
  -0.705377836519994
   0.748158397535540
   0.005181050190543
  -0.000010107146507
   0.000000000004098
   0.000008941294499
   0.000034854664239
   0.000015235675730


logL =

 -65.287295471159723


exitflag =

     0

-----
   1.0e+02 *

   0.009362898320661
   0.001572841055668
   0.013704604913347
  -0.000035156636472
  -0.000449917066740
  -0.000098714124652
   0.000300191841224
   0.035729981350872
   0.008330980452563
   0.007805931151732
   1.266026796355993
   0.003522317287605
  -0.005118142007492
  -0.014456112900756
  -0.006753823974818
   0.022725724730397
   0.024784098310873
   0.000301882704176
  -0.001540938956577
  -0.002822387259107
  -0.000939363213503
   0.006127321805552
   0.002615802777651
   0.000012882280569
   0.000001194184533
   0.000006489173346
   0.000000000234922
   0.000005057277839
  -0.000000000168134
   0.000007697772254
   0.000018560961598
   0.000030645113214
  -0.000943936930847
  -0.003020056846411
   0.000798422747477
  -0.000808215692232
   8.228842721479978
  -0.000015703920033
  -0.000017125210590
  -0.000023050276904
   0.002457173176005
   0.000015288363332
   0.000001463934608
  -0.704763028724213
   0.753283758979396
   0.005168747037464
  -0.000010114511458
   0.000000000005087
   0.000008993244633
   0.000034888146615
   0.000015240382346


logL =

 -65.287940808893765


exitflag =

     0

-----
   1.0e+02 *

   0.009397762146444
   0.001569519444083
   0.013758175180269
  -0.000035237260718
  -0.000449897605956
  -0.000098503607643
   0.000301788529242
   0.035622222012963
   0.008360848991023
   0.007762332136538
   1.244096342675177
   0.003502450228706
  -0.005121205173859
  -0.014421084694652
  -0.006747697684934
   0.022772550512157
   0.024770514461002
   0.000301928585487
  -0.001536400513477
  -0.002822594946299
  -0.000939101612583
   0.006125909082179
   0.002606153866004
   0.000012883623353
   0.000001235580583
   0.000006484716188
   0.000000000123365
   0.000005062499246
  -0.000000000102767
   0.000007681449307
   0.000018665489511
   0.000031147242342
  -0.000943738493625
  -0.003023163459169
   0.000798293485375
  -0.000807741182746
   8.252967077345707
  -0.000015738683622
  -0.000017142237730
  -0.000023062277275
   0.002457452430908
   0.000015065795616
   0.000001462834186
  -0.702430988670957
   0.752380271701853
   0.005159494298443
  -0.000010100031553
   0.000000000007662
   0.000008914644459
   0.000035072066118
   0.000015148930214


logL =

 -65.288477300072131


exitflag =

     0

-----
   1.0e+02 *

   0.009353869037327
   0.001557272397342
   0.013671305952604
  -0.000034805926117
  -0.000450202332425
  -0.000098107167008
   0.000302613199943
   0.035564896814190
   0.008337180997084
   0.007753371515424
   1.234037884387205
   0.003485602129854
  -0.005123903062489
  -0.014290694587867
  -0.006742636352143
   0.022812358180317
   0.024654453339650
   0.000301899178809
  -0.001533413941628
  -0.002830224168816
  -0.000936813342093
   0.006130889477743
   0.002593926414349
   0.000012918394517
   0.000001297764534
   0.000006432133030
   0.000000000217020
   0.000005038875352
  -0.000000000046713
   0.000007681833848
   0.000018623372282
   0.000030707057034
  -0.000948141747507
  -0.003034164820855
   0.000797422571504
  -0.000805821107926
   8.316441007230925
  -0.000015833477809
  -0.000017378244333
  -0.000023081983046
   0.002492023525110
   0.000015175503954
   0.000001458065178
  -0.703136802854302
   0.760664668101575
   0.005134135044193
  -0.000010148110028
   0.000000000019162
   0.000008980083426
   0.000035034071641
   0.000015250635431


logL =

 -65.289531246835068


exitflag =

     0

-----
   1.0e+02 *

   0.009380450756757
   0.001557223328980
   0.013729866297935
  -0.000034808496498
  -0.000450339195205
  -0.000098084701218
   0.000300721009389
   0.035885441414121
   0.008355150166172
   0.007835800063618
   1.268391222007544
   0.003464474979888
  -0.005138175166845
  -0.014367082869707
  -0.006737078773403
   0.022816460014092
   0.024662426305383
   0.000301832057488
  -0.001529040146105
  -0.002831732470169
  -0.000936936038160
   0.006131426241321
   0.002578474057635
   0.000012832810721
   0.000001136580698
   0.000006461056154
   0.000000000226587
   0.000005047243413
  -0.000000000051369
   0.000007701784471
   0.000018566908035
   0.000030861110704
  -0.000949472506451
  -0.003040677210411
   0.000797823595452
  -0.000805415544853
   8.338893576623445
  -0.000015805697266
  -0.000017371443013
  -0.000023079720042
   0.002457211562564
   0.000015118152927
   0.000001456641717
  -0.701592624104675
   0.763138754648343
   0.005128602166343
  -0.000010115029451
   0.000000000018678
   0.000008957859887
   0.000034856401288
   0.000015266876988


logL =

 -65.290127454159020


exitflag =

     0

-----
   1.0e+02 *

   0.009360097347689
   0.001549082813960
   0.013683977857094
  -0.000034737150954
  -0.000451023118161
  -0.000097910914728
   0.000300306855303
   0.035185136265848
   0.008298852608471
   0.007629383079273
   1.244410501993104
   0.003550892548828
  -0.005143912212168
  -0.014379394037004
  -0.006726577850893
   0.022884544876762
   0.024623330649310
   0.000302264736389
  -0.001525360370965
  -0.002840792021408
  -0.000935941508602
   0.006129234206154
   0.002570963956516
   0.000012816422503
   0.000001414887140
   0.000006475712528
  -0.000000000216345
   0.000005045620199
  -0.000000000154541
   0.000007691848370
   0.000018407527439
   0.000030705986499
  -0.000950980968614
  -0.003047919012672
   0.000796895620118
  -0.000805683853384
   8.405988264257248
  -0.000015772442329
  -0.000017411519674
  -0.000023036282971
   0.002434226531541
   0.000014843478873
   0.000001457534009
  -0.691935438830311
   0.757360597681833
   0.005173784076804
  -0.000010172515269
   0.000000000008705
   0.000008940563550
   0.000034840578995
   0.000015187732771


logL =

 -65.290877163157234


exitflag =

     0

-----
   1.0e+02 *

   0.009373848408236
   0.001543464343473
   0.013740189378639
  -0.000034375813148
  -0.000451583861784
  -0.000097778261763
   0.000302919219963
   0.035830888822923
   0.008320504637266
   0.007811713009179
   1.261329876563565
   0.003562679056170
  -0.005114102015782
  -0.014427486378074
  -0.006719816343918
   0.022899404339948
   0.024606643720056
   0.000302008488793
  -0.001521469847097
  -0.002845756071468
  -0.000936783905690
   0.006138438099539
   0.002569528162622
   0.000012815300535
   0.000001167935934
   0.000006464220018
  -0.000000000260304
   0.000005054917878
  -0.000000000191386
   0.000007690483114
   0.000018511322821
   0.000030676235657
  -0.000953770957467
  -0.003046337109532
   0.000796954227400
  -0.000804587707428
   8.419285705643178
  -0.000015740636760
  -0.000017427613505
  -0.000023028048986
   0.002434595750116
   0.000014893498160
   0.000001457794794
  -0.690838330177490
   0.760280919640566
   0.005151613172993
  -0.000010080587442
   0.000000000005252
   0.000008901570421
   0.000034961366651
   0.000015243410362


logL =

 -65.291513779683740


exitflag =

     0

-----
   1.0e+02 *

   0.009370957570350
   0.001526203329811
   0.013682687482087
  -0.000034178848997
  -0.000453448370098
  -0.000097442989913
   0.000289779583046
   0.035089680739095
   0.008250605565090
   0.007607319704125
   1.308445435771467
   0.003606020754862
  -0.005108395856261
  -0.014215645080254
  -0.006702790686659
   0.022920334985742
   0.024340074335376
   0.000301416018249
  -0.001518365582956
  -0.002855080468054
  -0.000938791022307
   0.006144567869997
   0.002567167798761
   0.000012844275938
   0.000001372732916
   0.000006479342190
  -0.000000000188127
   0.000005056919496
  -0.000000000190403
   0.000007695450231
   0.000018510358102
   0.000030729946253
  -0.000960578911888
  -0.003076180989539
   0.000795930710034
  -0.000808865467356
   8.483927617973826
  -0.000015310449163
  -0.000017636861195
  -0.000023015141315
   0.002420485802546
   0.000014613288655
   0.000001454776466
  -0.693716255416430
   0.762501880318679
   0.005145298714300
  -0.000010117913661
   0.000000000009768
   0.000008886976873
   0.000034643737773
   0.000015218071864


logL =

 -65.292631789566926


exitflag =

     0

-----
   1.0e+02 *

   0.009371734967844
   0.001520911566639
   0.013702149926522
  -0.000034001683719
  -0.000453746420388
  -0.000097318754908
   0.000296418187560
   0.035784048131689
   0.008308618748826
   0.007781938009585
   1.307013338101551
   0.003629639207744
  -0.005096827724431
  -0.014307038481173
  -0.006698390624713
   0.022930418900322
   0.024360987187919
   0.000301474192472
  -0.001517951961450
  -0.002857401159445
  -0.000939455799756
   0.006147171983179
   0.002557356015969
   0.000012839875016
   0.000001176624358
   0.000006472501257
  -0.000000000199772
   0.000005050280187
  -0.000000000188570
   0.000007693327002
   0.000018572811155
   0.000030797861739
  -0.000962799485709
  -0.003084776712184
   0.000796205842541
  -0.000807645356250
   8.504082535867129
  -0.000015238895689
  -0.000017608475905
  -0.000023020858500
   0.002443332679869
   0.000014812510453
   0.000001452497526
  -0.692813222279646
   0.766355497524382
   0.005121611575943
  -0.000010135672787
   0.000000000010528
   0.000008909123602
   0.000034841385602
   0.000015241203015


logL =

 -65.293356479813539


exitflag =

     0

-----
   1.0e+02 *

   0.009345707432883
   0.001477791641830
   0.013658838878566
  -0.000034679259216
  -0.000456321290215
  -0.000096921236073
   0.000285897428639
   0.035841541135200
   0.008250570710351
   0.007696016975398
   1.340362036867473
   0.003639060017080
  -0.005108965252750
  -0.013972524324928
  -0.006686963636638
   0.023047003312037
   0.024321895198463
   0.000301442191111
  -0.001509367694937
  -0.002872570493062
  -0.000940587983312
   0.006160194679763
   0.002457103161693
   0.000012804319788
   0.000001378546176
   0.000006485804922
   0.000000000582284
   0.000005018985481
  -0.000000000376268
   0.000007673845179
   0.000018606153140
   0.000030735182357
  -0.000969862411354
  -0.003089353478457
   0.000797148061381
  -0.000809776622800
   8.586225318588337
  -0.000014920351914
  -0.000017595336559
  -0.000023044566149
   0.002443743707937
   0.000014750381251
   0.000001448527165
  -0.697802763989458
   0.775090794466258
   0.005133567609782
  -0.000010101390497
   0.000000000026394
   0.000008959222674
   0.000034831507300
   0.000015255574919


logL =

 -65.294572427410870


exitflag =

     0

-----
   1.0e+02 *

   0.009363335406148
   0.001480870682213
   0.013771149958300
  -0.000034763698689
  -0.000457190565777
  -0.000096450464120
   0.000297572830109
   0.036200010026945
   0.008271016880370
   0.007807607214694
   1.300339289597035
   0.003664302882485
  -0.005133216159269
  -0.014247704535386
  -0.006677463205841
   0.023071077225785
   0.024196404634298
   0.000301101779830
  -0.001506201312374
  -0.002881233163233
  -0.000941788344658
   0.006185825280592
   0.002448601577404
   0.000012811063390
   0.000001153591857
   0.000006476278703
   0.000000000562988
   0.000005036025853
  -0.000000000377886
   0.000007677843288
   0.000018484581851
   0.000030891897801
  -0.000972235985722
  -0.003102332651083
   0.000796438394488
  -0.000807288686930
   8.592429137722942
  -0.000014553639355
  -0.000017609670046
  -0.000023072627434
   0.002439659145086
   0.000014595531988
   0.000001453030764
  -0.702437397994215
   0.778654418589927
   0.005148835983846
  -0.000010092610620
   0.000000000031429
   0.000008929896366
   0.000034866975120
   0.000015164085976


logL =

 -65.295700817550667


exitflag =

     0

-----
   1.0e+02 *

   0.009361129965587
   0.001475012563987
   0.013714637526243
  -0.000034882703113
  -0.000456842161354
  -0.000096315265511
   0.000295265704840
   0.035839722558890
   0.008245443433501
   0.007719364155567
   1.305737611872394
   0.003693195453543
  -0.005116516058277
  -0.014158051972577
  -0.006675770064052
   0.023092604437866
   0.024175005683644
   0.000300999750771
  -0.001506188742332
  -0.002881806552062
  -0.000940434837451
   0.006183274565207
   0.002450811495725
   0.000012830559985
   0.000001253635276
   0.000006475488049
   0.000000000415825
   0.000005035670888
  -0.000000000429060
   0.000007686387816
   0.000018563758650
   0.000030711330032
  -0.000973445274469
  -0.003100587119666
   0.000796308073420
  -0.000807712361116
   8.609390587473827
  -0.000014512759550
  -0.000017615012646
  -0.000023083380148
   0.002426117214681
   0.000014580655362
   0.000001451456238
  -0.701448270229031
   0.778121646750881
   0.005153346245668
  -0.000010115224423
   0.000000000036103
   0.000008942496399
   0.000034955892784
   0.000015148293352


logL =

 -65.296051260814693


exitflag =

     0

-----
   1.0e+02 *

   0.009407624565140
   0.001472595940817
   0.013801579315376
  -0.000034268544206
  -0.000457297863934
  -0.000095956085533
   0.000302977964334
   0.036146694404594
   0.008266715188329
   0.007812782725641
   1.268285798704106
   0.003779572746897
  -0.005063016510778
  -0.014287465404390
  -0.006676906469102
   0.023188653714727
   0.024061989247044
   0.000300143930151
  -0.001498829200239
  -0.002892098133257
  -0.000936742453878
   0.006194023183338
   0.002437747220655
   0.000012806299908
   0.000001120654554
   0.000006490169568
   0.000000000939187
   0.000005057304046
  -0.000000000082808
   0.000007698430563
   0.000018558168118
   0.000030650823559
  -0.000974992114653
  -0.003139982637045
   0.000794048617684
  -0.000802912620389
   8.652925143098528
  -0.000014300624258
  -0.000017631746795
  -0.000023108301618
   0.002420178634203
   0.000014455551277
   0.000001451434160
  -0.701909633810194
   0.790127157123617
   0.005128522889913
  -0.000010142346445
   0.000000000044090
   0.000008894355811
   0.000034527859138
   0.000015174665467


logL =

 -65.296868452496540


exitflag =

     0

-----
   1.0e+02 *

   0.009376859453877
   0.001464856934662
   0.013683671309309
  -0.000034281466360
  -0.000458296162194
  -0.000095525390922
   0.000294518513759
   0.035523370663806
   0.008205235826657
   0.007630007882764
   1.315324169928103
   0.003791105492384
  -0.005067605582640
  -0.014172702716556
  -0.006680087878045
   0.023474558302761
   0.024024936612926
   0.000301053181090
  -0.001496887429334
  -0.002891550145648
  -0.000936195827549
   0.006223275596510
   0.002432858339618
   0.000012797653752
   0.000001370159887
   0.000006466860775
   0.000000000985950
   0.000005025558661
  -0.000000000089841
   0.000007703070087
   0.000018481339144
   0.000030659360354
  -0.000975692315750
  -0.003128614891006
   0.000793198916631
  -0.000802674427037
   8.692071810916481
  -0.000014152606258
  -0.000017650444004
  -0.000023121795966
   0.002426796665632
   0.000014532071194
   0.000001445820450
  -0.701430691869271
   0.786037154410411
   0.005163582845154
  -0.000010100532832
   0.000000000025677
   0.000008923543520
   0.000034898611187
   0.000015232242707


logL =

 -65.297985583717676


exitflag =

     0

-----
   1.0e+02 *

   0.009424364482334
   0.001458531889329
   0.013732130739713
  -0.000034079861409
  -0.000458938726528
  -0.000095419342292
   0.000294351563363
   0.036401299596603
   0.008227221418613
   0.007833882055803
   1.327225917503621
   0.003746504886424
  -0.005064489724459
  -0.014072723656578
  -0.006674384166640
   0.023521707182832
   0.024006214995550
   0.000301185818583
  -0.001493442789061
  -0.002894446024435
  -0.000932838090783
   0.006225696320037
   0.002406975898487
   0.000012806658838
   0.000001125309085
   0.000006474440515
   0.000000004099653
   0.000005058694432
  -0.000000000183683
   0.000007703364577
   0.000018476570690
   0.000030612440535
  -0.000977376160553
  -0.003139831417840
   0.000792723880168
  -0.000802134914828
   8.746704596873661
  -0.000013978485565
  -0.000017636664019
  -0.000023120943191
   0.002391551116131
   0.000014287227047
   0.000001443778441
  -0.696973922352704
   0.789831729121985
   0.005148658637034
  -0.000010091176988
  -0.000000000044677
   0.000008897272583
   0.000035042537172
   0.000015131996578


logL =

 -65.298735899022077


exitflag =

     0

-----
   1.0e+02 *

   0.009387591019204
   0.001456876528657
   0.013717354755199
  -0.000033945064979
  -0.000459171418067
  -0.000095281098468
   0.000289473363226
   0.035781658549942
   0.008165407756983
   0.007698958101701
   1.355312571072823
   0.003743152951420
  -0.005057838407905
  -0.014053115401267
  -0.006672701757271
   0.023525735685466
   0.023981344985200
   0.000301125006907
  -0.001490151624854
  -0.002895755645255
  -0.000931283810061
   0.006228779645820
   0.002396757406199
   0.000012838708947
   0.000001225869729
   0.000006471050189
   0.000000003320569
   0.000005030999212
  -0.000000000235108
   0.000007681618308
   0.000018462947465
   0.000030673245016
  -0.000980125954643
  -0.003135268457016
   0.000792580162361
  -0.000801963620852
   8.783245297086515
  -0.000013838489182
  -0.000017647065814
  -0.000023135767666
   0.002411918856170
   0.000014520316987
   0.000001441907334
  -0.694769807947549
   0.793601749914686
   0.005144960130971
  -0.000010100614593
  -0.000000000069796
   0.000008929211801
   0.000034956860251
   0.000015205575353


logL =

 -65.299317328570467


exitflag =

     0

-----
   1.0e+02 *

   0.009444218403375
   0.001443770494565
   0.013711283396878
  -0.000033555939628
  -0.000460466100883
  -0.000094929803453
   0.000287762467963
   0.036079787229453
   0.008203051517894
   0.007748220085976
   1.376710200029162
   0.003817220947043
  -0.005049406384721
  -0.014021736371225
  -0.006678824108780
   0.023597741167897
   0.023867001556388
   0.000300823210536
  -0.001487504792913
  -0.002900036178966
  -0.000927724131506
   0.006235476928067
   0.002368311296207
   0.000012808143287
   0.000001223880398
   0.000006474855145
   0.000000004439854
   0.000005044222629
  -0.000000000252819
   0.000007710842990
   0.000018494113379
   0.000030463191228
  -0.000983110428869
  -0.003141488549317
   0.000791810244629
  -0.000800197142342
   8.854802693626727
  -0.000013460309528
  -0.000017680946698
  -0.000023181921385
   0.002372059758855
   0.000013961426077
   0.000001439034993
  -0.694840390679320
   0.805424705292776
   0.005084807968735
  -0.000010149106567
  -0.000000000044479
   0.000008891455193
   0.000034898311985
   0.000015178240420


logL =

 -65.300319002957679


exitflag =

     0

-----
   1.0e+02 *

   0.009420215507421
   0.001440360834581
   0.013719638336661
  -0.000033352362470
  -0.000460578506449
  -0.000094790437001
   0.000287678180902
   0.036085600603711
   0.008173490787465
   0.007761783496451
   1.381349954823863
   0.003834342188063
  -0.005030816185630
  -0.014026116505163
  -0.006674496831096
   0.023597952256084
   0.023880458518366
   0.000300799199700
  -0.001484470063840
  -0.002903998554696
  -0.000927095001300
   0.006240973987352
   0.002360911011545
   0.000012827610941
   0.000001153594509
   0.000006475247460
  -0.000000001835641
   0.000005038578769
  -0.000000000408453
   0.000007676632428
   0.000018561526546
   0.000030647687413
  -0.000987978067719
  -0.003142404377851
   0.000791881734520
  -0.000800527570993
   8.869647984960322
  -0.000013430067102
  -0.000017706161319
  -0.000023171433924
   0.002420000033077
   0.000014357946398
   0.000001440141637
  -0.694943313489130
   0.809642969729626
   0.005077634346488
  -0.000010096880705
  -0.000000000076970
   0.000008911748920
   0.000034987366572
   0.000015249361548


logL =

 -65.300879243433315


exitflag =

     0

-----
   1.0e+02 *

   0.009450383515329
   0.001418595772860
   0.013729035392570
  -0.000032722169948
  -0.000462199619850
  -0.000094113853805
   0.000284948360238
   0.035893125804923
   0.008139335196918
   0.007684986741899
   1.358082225743392
   0.003883574111617
  -0.004996951420531
  -0.013718768674568
  -0.006667878400764
   0.023755632218629
   0.023664681213294
   0.000299821575189
  -0.001475166002010
  -0.002912990488701
  -0.000927734268458
   0.006264405299221
   0.002314023622733
   0.000012815923726
   0.000001302209147
   0.000006468133211
   0.000000008276970
   0.000005037998624
  -0.000000000754729
   0.000007747293017
   0.000018622437764
   0.000030674796512
  -0.000996095272850
  -0.003151490280499
   0.000790302865921
  -0.000796950576399
   8.948701977654645
  -0.000012881421731
  -0.000017824479387
  -0.000023106041954
   0.002360182423120
   0.000013689685078
   0.000001444125605
  -0.697107684275173
   0.823035214946344
   0.005046368835755
  -0.000010135837576
  -0.000000000049612
   0.000008898190064
   0.000034838771021
   0.000015114780249


logL =

 -65.302098091708132


exitflag =

     0

-----
   1.0e+02 *

   0.009441226412909
   0.001419009373033
   0.013763875130009
  -0.000032437329770
  -0.000462942378431
  -0.000093948908963
   0.000285947639704
   0.036159547892674
   0.008146450112038
   0.007768424246794
   1.377293256087102
   0.003863200402312
  -0.004992154410390
  -0.013760012241837
  -0.006661578701979
   0.023778299128560
   0.023640197331340
   0.000300067145566
  -0.001473026394619
  -0.002914756360475
  -0.000927846059210
   0.006269844078647
   0.002300179937792
   0.000012822863690
   0.000001101790184
   0.000006448193663
   0.000000008361383
   0.000005050794519
  -0.000000000806635
   0.000007700324061
   0.000018509849558
   0.000030709820314
  -0.000998496903978
  -0.003151003147557
   0.000789994774688
  -0.000795020084503
   8.955183644801968
  -0.000012891402331
  -0.000017827375361
  -0.000023115527998
   0.002392169554935
   0.000014081344238
   0.000001442774741
  -0.697446144127248
   0.823646830209333
   0.005053842542453
  -0.000010085260385
  -0.000000000055811
   0.000008885333735
   0.000035020568858
   0.000015190968658


logL =

 -65.302868684361300


exitflag =

     0

-----
   1.0e+02 *

   0.009439067995444
   0.001409338261174
   0.013698350568464
  -0.000032490324802
  -0.000463248053990
  -0.000093898869326
   0.000277787264953
   0.035577786278848
   0.008102542273989
   0.007614338128142
   1.411317366329433
   0.003874876987098
  -0.005004072478255
  -0.013663439795344
  -0.006644526527391
   0.023830056829690
   0.023540486058385
   0.000300693281251
  -0.001473278874671
  -0.002917977634147
  -0.000924173396767
   0.006271490312943
   0.002299648012835
   0.000012824893842
   0.000001304997993
   0.000006480671444
   0.000000002262085
   0.000005047086053
  -0.000000000798392
   0.000007705986086
   0.000018460821019
   0.000030669942819
  -0.000999200064352
  -0.003160278048367
   0.000790094717506
  -0.000796420718068
   9.014554029091968
  -0.000012629159530
  -0.000017871599481
  -0.000023144099372
   0.002400491398179
   0.000014109252396
   0.000001439080047
  -0.694862696217857
   0.829661545157209
   0.005056620011668
  -0.000010086621861
  -0.000000000097791
   0.000008889264738
   0.000035103952148
   0.000015202177035


logL =

 -65.303446349078627


exitflag =

     0

-----
   1.0e+02 *

   0.009423320178581
   0.001406588600752
   0.013696012447534
  -0.000032127601688
  -0.000463566623683
  -0.000093737954483
   0.000280974066434
   0.036071109267851
   0.008137386789377
   0.007748153363285
   1.410626191793871
   0.003906804663712
  -0.004980857803811
  -0.013685612676153
  -0.006640382948257
   0.023834886627562
   0.023508981731364
   0.000300675605566
  -0.001471942110792
  -0.002920931542885
  -0.000924349238969
   0.006277210755474
   0.002292566755473
   0.000012794854304
   0.000001103335587
   0.000006462197973
   0.000000002508538
   0.000005050961635
  -0.000000000730340
   0.000007687446589
   0.000018456436666
   0.000030644439824
  -0.001000889187419
  -0.003164731519008
   0.000790167299893
  -0.000796118048603
   9.038117730382508
  -0.000012586074624
  -0.000017870985520
  -0.000023156951398
   0.002390266912179
   0.000014001913321
   0.000001438358272
  -0.695182590712925
   0.832139568116176
   0.005050841126287
  -0.000010137595701
  -0.000000000123589
   0.000008905897651
   0.000034740503396
   0.000015267977088


logL =

 -65.303967564161709


exitflag =

     0

-----
   1.0e+02 *

   0.009435958539229
   0.001405556121955
   0.013700142276193
  -0.000032050150706
  -0.000463837282289
  -0.000093589261352
   0.000280808892476
   0.035766315093062
   0.008114344805816
   0.007652189973713
   1.388118074863400
   0.003905967612274
  -0.004998754282440
  -0.013596037349278
  -0.006631622009251
   0.023847512267811
   0.023480159414036
   0.000300754384873
  -0.001471633458365
  -0.002920661313692
  -0.000923784691568
   0.006276784273969
   0.002287659887461
   0.000012834110034
   0.000001272134672
   0.000006461875580
   0.000000002260956
   0.000005047503739
  -0.000000000712210
   0.000007696231923
   0.000018461539246
   0.000030540033721
  -0.001002743759769
  -0.003163203257521
   0.000790249917476
  -0.000795337522606
   9.078877690845026
  -0.000012561654135
  -0.000017892514893
  -0.000023155209106
   0.002384918205879
   0.000013995663183
   0.000001436057044
  -0.692085323504554
   0.835977616993957
   0.005037068723140
  -0.000010083422850
  -0.000000000085235
   0.000008876744822
   0.000035014792685
   0.000015210245475


logL =

 -65.304278004347765


exitflag =

     0

-----
   1.0e+02 *

   0.009420256469074
   0.001403805708511
   0.013721563260875
  -0.000031804607347
  -0.000463630204639
  -0.000092803410227
   0.000276096024501
   0.036094369033952
   0.008104044316421
   0.007751251734131
   1.451505234877582
   0.003849432884358
  -0.005023275584970
  -0.013649583571891
  -0.006613919657075
   0.023849961680579
   0.023482800314707
   0.000300495274467
  -0.001468571192301
  -0.002928513536758
  -0.000916973404185
   0.006298286748920
   0.002283450784659
   0.000012826619129
   0.000001152880627
   0.000006476713437
   0.000000000653973
   0.000005049387734
  -0.000000000671581
   0.000007716233630
   0.000018439537074
   0.000030609237140
  -0.001008706435788
  -0.003166129903418
   0.000789193080403
  -0.000791756399664
   9.128866020701928
  -0.000012594965445
  -0.000018061872725
  -0.000023187289755
   0.002374546343071
   0.000013730635959
   0.000001435543265
  -0.698729861236712
   0.837501858282469
   0.005058295246283
  -0.000010032597340
  -0.000000000121477
   0.000008857189881
   0.000034864718646
   0.000015230010298


logL =

 -65.304858090518678


exitflag =

     0

-----
   1.0e+02 *

   0.009423049460173
   0.001394988473921
   0.013679994935011
  -0.000031736969567
  -0.000463406564519
  -0.000092774251640
   0.000276289527272
   0.036011191030900
   0.008110222591590
   0.007730271242407
   1.440591278357733
   0.003862148737227
  -0.005030541047516
  -0.013606355362614
  -0.006612802483839
   0.023873395588389
   0.023476585172692
   0.000300777835641
  -0.001467910881213
  -0.002928633172884
  -0.000915648945168
   0.006293409031514
   0.002275906573372
   0.000012818172210
   0.000001176526418
   0.000006473218711
   0.000000000856565
   0.000005041014177
  -0.000000000481629
   0.000007700425170
   0.000018461376547
   0.000030603851073
  -0.001009189240238
  -0.003164974552561
   0.000789280224945
  -0.000792104094707
   9.138182798498388
  -0.000012564110491
  -0.000018054891181
  -0.000023202603810
   0.002390607520550
   0.000013972994055
   0.000001432257313
  -0.697354846582902
   0.836684793644126
   0.005057491028570
  -0.000010110079510
  -0.000000000116079
   0.000008862682058
   0.000035039790280
   0.000015215271745


logL =

 -65.305235440250584


exitflag =

     0

-----
   1.0e+02 *

   0.009434726492987
   0.001395035041553
   0.013670092197493
  -0.000031636680925
  -0.000462966913423
  -0.000092619346714
   0.000285017381017
   0.036292996138521
   0.008143598614054
   0.007807031848713
   1.404607433937553
   0.003891309232821
  -0.005025241027268
  -0.013643063172745
  -0.006613513338895
   0.023904958256238
   0.023408969953947
   0.000301987324939
  -0.001467674414921
  -0.002933289404963
  -0.000912904615429
   0.006297595309572
   0.002246797162111
   0.000012818934303
   0.000001051932884
   0.000006470712698
  -0.000000000180118
   0.000005047753642
  -0.000000002406246
   0.000007701463869
   0.000018572048391
   0.000030733492651
  -0.001010997109093
  -0.003168413457506
   0.000789379724153
  -0.000790485124668
   9.200099197230017
  -0.000012527573398
  -0.000018092398116
  -0.000023226635133
   0.002361863877381
   0.000013595965807
   0.000001429595324
  -0.696176020427268
   0.843718578292331
   0.005032442008284
  -0.000010122218011
   0.000000000302557
   0.000008860058716
   0.000035054480859
   0.000015177097821


logL =

 -65.305720032921073


exitflag =

     0

-----
   1.0e+02 *

   0.009436995361198
   0.001394300706965
   0.013690917372824
  -0.000031548578323
  -0.000462919630227
  -0.000092649350853
   0.000278521274590
   0.035975671746070
   0.008112403412182
   0.007740958835188
   1.433691707664290
   0.003889728248414
  -0.005016996704244
  -0.013619680692280
  -0.006608220976215
   0.023912396236811
   0.023339554550251
   0.000301792386245
  -0.001465996132595
  -0.002934645300859
  -0.000911850589173
   0.006302023091103
   0.002243362169478
   0.000012813803212
   0.000001107060207
   0.000006477855011
  -0.000000000237522
   0.000005041187989
   0.000000000046052
   0.000007712240325
   0.000018458670829
   0.000030732916878
  -0.001012617049987
  -0.003164457092279
   0.000789665735245
  -0.000791183319910
   9.224423255169905
  -0.000012367585949
  -0.000018065436238
  -0.000023221189259
   0.002394841509616
   0.000013925850777
   0.000001426260583
  -0.693431378662913
   0.845119273532360
   0.005023645161736
  -0.000010093854380
   0.000000000333686
   0.000008859515624
   0.000034880492741
   0.000015201900242


logL =

 -65.306193115967588


exitflag =

     0

-----
   1.0e+02 *

   0.009444770653935
   0.001393445708983
   0.013693389014936
  -0.000031564141056
  -0.000462950371777
  -0.000092668263779
   0.000275690819247
   0.036059235167727
   0.008100162141867
   0.007753794659890
   1.456848205874704
   0.003919969440541
  -0.004994549085403
  -0.013614609295729
  -0.006604827416353
   0.023934547846638
   0.023303974114726
   0.000302123189632
  -0.001463064911048
  -0.002937937641647
  -0.000909415494317
   0.006301514488327
   0.002225257020264
   0.000012810276558
   0.000001135475627
   0.000006471533956
   0.000000000217951
   0.000005036853369
   0.000000000128072
   0.000007729299078
   0.000018478972152
   0.000030555759776
  -0.001013440077430
  -0.003170804769718
   0.000789669365397
  -0.000791342982442
   9.256102208380787
  -0.000012294692215
  -0.000018061908453
  -0.000023230878836
   0.002344938245826
   0.000013565575798
   0.000001423498956
  -0.693922499334478
   0.845077742118568
   0.005019170885499
  -0.000010130003322
   0.000000000265494
   0.000008862316026
   0.000034795025417
   0.000015193596799


logL =

 -65.306563821652077


exitflag =

     0

-----
   1.0e+02 *

   0.009430632180283
   0.001389294769362
   0.013686228186078
  -0.000031102675713
  -0.000463328832572
  -0.000092521330137
   0.000277931093807
   0.036120086894575
   0.008095509751754
   0.007768550484773
   1.468831116558121
   0.003924894103507
  -0.004991915242044
  -0.013692830107397
  -0.006602227307024
   0.024085288457243
   0.023283884906044
   0.000302200567062
  -0.001459253623019
  -0.002938168555428
  -0.000909766134789
   0.006312051249579
   0.002212302530801
   0.000012807292611
   0.000001134130451
   0.000006475602668
   0.000000000166706
   0.000005030103504
   0.000000000193078
   0.000007705385740
   0.000018456004722
   0.000030681757578
  -0.001014487776707
  -0.003171610727936
   0.000790221573170
  -0.000786332993204
   9.283220095246984
  -0.000011909531244
  -0.000018089814395
  -0.000023167678310
   0.002384022215152
   0.000013910027548
   0.000001420899091
  -0.691053941752508
   0.848729206786023
   0.005009950524227
  -0.000010102616248
   0.000000000243493
   0.000008867941728
   0.000035099649789
   0.000015215719261


logL =

 -65.307085544291937


exitflag =

     0

-----
   1.0e+02 *

   0.009441094923969
   0.001386958239942
   0.013680453192400
  -0.000031021121288
  -0.000463524214600
  -0.000092500571793
   0.000278111166283
   0.035857633586557
   0.008089862947646
   0.007701317600268
   1.455174019877557
   0.003954479857540
  -0.004985510890785
  -0.013655168747743
  -0.006603192330374
   0.024086956454292
   0.023258377869441
   0.000302219965882
  -0.001457979101119
  -0.002937783247742
  -0.000908788079006
   0.006311640079739
   0.002210428344781
   0.000012805979194
   0.000001223377672
   0.000006465283564
   0.000000000340253
   0.000005037406512
   0.000000000295288
   0.000007703033555
   0.000018478044969
   0.000030605967140
  -0.001013568492708
  -0.003175792576754
   0.000789532604281
  -0.000785804618041
   9.302831173244758
  -0.000011792238407
  -0.000018131724329
  -0.000023172497588
   0.002351579432042
   0.000013613425849
   0.000001421584138
  -0.690858505177311
   0.852035248154817
   0.005015569537031
  -0.000010090027649
  -0.000000000151747
   0.000008863338924
   0.000035225848168
   0.000015161688268


logL =

 -65.307410882775713


exitflag =

     0

-----
   1.0e+02 *

   0.009432697976013
   0.001386623638039
   0.013696572486196
  -0.000030899102290
  -0.000464110071451
  -0.000092401140645
   0.000280088552679
   0.036040237596516
   0.008098281567750
   0.007756187237328
   1.447860492408169
   0.003970902435248
  -0.004957770006566
  -0.013612100957623
  -0.006599939692875
   0.024084517401507
   0.023220696143861
   0.000302215477805
  -0.001456527532426
  -0.002939441402574
  -0.000908289721021
   0.006318863308830
   0.002201448636254
   0.000012826193047
   0.000001109046324
   0.000006475844737
   0.000000000405168
   0.000005038242109
   0.000000000247449
   0.000007687776889
   0.000018390516421
   0.000030761716229
  -0.001015268211044
  -0.003176244262268
   0.000789406516033
  -0.000786191367096
   9.324531399161915
  -0.000011713774896
  -0.000018154006556
  -0.000023186245946
   0.002362512705921
   0.000013745110953
   0.000001419532418
  -0.689965053466834
   0.853526721550993
   0.005013081711748
  -0.000010083756036
  -0.000000000146235
   0.000008883895714
   0.000035198602537
   0.000015242032311


logL =

 -65.307666316467973


exitflag =

     0

-----
   1.0e+02 *

   0.009454186827483
   0.001383660008475
   0.013692957511368
  -0.000030904641633
  -0.000464090068573
  -0.000092232526591
   0.000275070361865
   0.035769290388540
   0.008074557993956
   0.007681965322686
   1.460844189599401
   0.004000069902030
  -0.004963983822643
  -0.013560822537463
  -0.006603287995301
   0.024106370606082
   0.023192694315668
   0.000302518215480
  -0.001456404085216
  -0.002941292979984
  -0.000907653234196
   0.006322283582566
   0.002195084947278
   0.000012800783183
   0.000001205194803
   0.000006468079034
   0.000000000679871
   0.000005040627529
   0.000000000491624
   0.000007715967709
   0.000018507606741
   0.000030619635694
  -0.001014732372650
  -0.003171757609963
   0.000789423878892
  -0.000786775716675
   9.343581378807677
  -0.000011678103738
  -0.000018164321130
  -0.000023204723017
   0.002350723976160
   0.000013611852720
   0.000001416442618
  -0.690153696806964
   0.852642284539659
   0.005013629418589
  -0.000010104075047
   0.000000000072742
   0.000008861898144
   0.000035172236486
   0.000015159011022


logL =

 -65.307916441165659


exitflag =

     0

-----
   1.0e+02 *

   0.009432433590736
   0.001383072433784
   0.013681745085779
  -0.000030635330213
  -0.000464489205542
  -0.000092218063000
   0.000276092021596
   0.036022023110964
   0.008074071543017
   0.007750283482801
   1.484134756064661
   0.003985213689416
  -0.004965898666044
  -0.013644190986868
  -0.006598696328103
   0.024132077802991
   0.023117250083083
   0.000302526052457
  -0.001455144017450
  -0.002942905846760
  -0.000907298969696
   0.006323910993237
   0.002185098590130
   0.000012810311825
   0.000001101548772
   0.000006466953517
   0.000000001176828
   0.000005032341908
   0.000000000104965
   0.000007691755097
   0.000018485599033
   0.000030702840020
  -0.001019406889209
  -0.003167436353383
   0.000789629654965
  -0.000787154096761
   9.377693129823967
  -0.000011582932871
  -0.000018104046141
  -0.000023206697396
   0.002353421371709
   0.000013646417365
   0.000001416552653
  -0.689204868486553
   0.854477798887099
   0.005005775301641
  -0.000010115818451
   0.000000000029902
   0.000008882194466
   0.000034980011172
   0.000015133458200


logL =

 -65.308254682008595


exitflag =

     0

-----
   1.0e+02 *

   0.009468255965141
   0.001378305589599
   0.013681231726578
  -0.000030428899642
  -0.000464405752550
  -0.000092096297195
   0.000275351362455
   0.035796041193818
   0.008080716482587
   0.007690503501031
   1.464497538661452
   0.003956399281179
  -0.004955723079372
  -0.013449879070940
  -0.006601272739223
   0.024167490689904
   0.023088326759304
   0.000302454742378
  -0.001454378597377
  -0.002942015182874
  -0.000906143353931
   0.006321286551102
   0.002179513218945
   0.000012816803812
   0.000001200932646
   0.000006474917940
   0.000000001090789
   0.000005054390601
   0.000000000021300
   0.000007688044954
   0.000018463933602
   0.000030603444853
  -0.001020511827141
  -0.003173047841467
   0.000789301638740
  -0.000788399169585
   9.400697654490521
  -0.000011554891364
  -0.000018116892140
  -0.000023202436841
   0.002344830981682
   0.000013554105282
   0.000001416282840
  -0.688895863445757
   0.859327794175573
   0.004996074593216
  -0.000010083639891
   0.000000000051489
   0.000008855904487
   0.000035181185423
   0.000015088240121


logL =

 -65.308558698726188


exitflag =

     0

-----
   1.0e+02 *

   0.009446400860885
   0.001380206764554
   0.013677147358021
  -0.000030345928711
  -0.000464693042875
  -0.000092071800695
   0.000276371486898
   0.035946749734402
   0.008085849496936
   0.007734842223622
   1.465461728910102
   0.003960622538377
  -0.004943371071955
  -0.013457413514617
  -0.006598296900188
   0.024165771464995
   0.023081677306235
   0.000302384823274
  -0.001453670204392
  -0.002943527764046
  -0.000905874096433
   0.006324345754491
   0.002176054806636
   0.000012808037589
   0.000001104872763
   0.000006461951310
   0.000000001057266
   0.000005033336014
   0.000000000023879
   0.000007693060672
   0.000018447759057
   0.000030621681974
  -0.001021822883676
  -0.003175192749377
   0.000789144870784
  -0.000788641645281
   9.416260858796699
  -0.000011539146908
  -0.000018125154880
  -0.000023189287698
   0.002358067323550
   0.000013593659877
   0.000001415297644
  -0.688298416020701
   0.859069600625628
   0.004994428822478
  -0.000010092232345
   0.000000000047377
   0.000008857215202
   0.000035159727195
   0.000015166507242


logL =

 -65.308750388206207


exitflag =

     0

-----
   1.0e+02 *

   0.009475091008335
   0.001367900723214
   0.013644730002228
  -0.000029565651085
  -0.000464463276109
  -0.000091675976679
   0.000278201833418
   0.035761076034211
   0.008087659717783
   0.007695390747403
   1.425817179600286
   0.004040549608639
  -0.004960047591453
  -0.013374326494483
  -0.006594974238159
   0.024223109126694
   0.023011480298471
   0.000302612774748
  -0.001454585023284
  -0.002946840247471
  -0.000902014225676
   0.006339575282540
   0.002162604793481
   0.000012845029558
   0.000001201826139
   0.000006476416644
   0.000000000206083
   0.000005039779375
   0.000000000037755
   0.000007707700403
   0.000018423569663
   0.000030494874676
  -0.001023740675601
  -0.003181171564509
   0.000788881347830
  -0.000789205346865
   9.452924326523144
  -0.000011309374256
  -0.000018177930920
  -0.000023176744457
   0.002356838807520
   0.000013688804738
   0.000001415430420
  -0.686501956631572
   0.866436570862226
   0.004996020430503
  -0.000010087688373
   0.000000000042317
   0.000008879070504
   0.000035088942415
   0.000015197753760


logL =

 -65.309154174203996


exitflag =

     0

-----
   1.0e+02 *

   0.009452468487233
   0.001366643458941
   0.013659392445961
  -0.000029581493119
  -0.000464787638857
  -0.000091677682322
   0.000278121948945
   0.035902299011174
   0.008073841892532
   0.007741202154799
   1.464220709108502
   0.004029343912078
  -0.004945295550311
  -0.013469974150686
  -0.006594816953195
   0.024232051979265
   0.023014823661403
   0.000302365445676
  -0.001452541991547
  -0.002949451197867
  -0.000901792907797
   0.006342077186466
   0.002151975092824
   0.000012817473036
   0.000001094379441
   0.000006478909023
   0.000000000217709
   0.000005036489902
   0.000000000043709
   0.000007690044881
   0.000018461975301
   0.000030569160146
  -0.001023781338852
  -0.003185312095610
   0.000788988512064
  -0.000789725887330
   9.474394066879153
  -0.000011303684996
  -0.000018167972690
  -0.000023174611348
   0.002341065945785
   0.000013518402234
   0.000001415207601
  -0.685249629900335
   0.866745285045938
   0.004999935748043
  -0.000010105557824
   0.000000000034548
   0.000008881028558
   0.000035108847141
   0.000015219095630


logL =

 -65.309557784897592


exitflag =

     0

-----
   1.0e+02 *

   0.009476818442001
   0.001365622434962
   0.013676457511034
  -0.000029497924039
  -0.000464871297294
  -0.000091605868715
   0.000275670288110
   0.035806435145547
   0.008064571729589
   0.007709152261412
   1.462520675521395
   0.004041741553548
  -0.004957917379526
  -0.013441092208639
  -0.006592928920939
   0.024245429233180
   0.023003377038521
   0.000302354106164
  -0.001452056254886
  -0.002950242297196
  -0.000901071079408
   0.006343489090346
   0.002149387760942
   0.000012808821860
   0.000001154332188
   0.000006470743231
   0.000000000056290
   0.000005041742428
   0.000000000076686
   0.000007707827163
   0.000018461402021
   0.000030534312502
  -0.001025358174903
  -0.003180319343807
   0.000789163493936
  -0.000788384734065
   9.491305600378944
  -0.000011265053568
  -0.000018183243603
  -0.000023170132155
   0.002348110867296
   0.000013516694398
   0.000001415268837
  -0.685153708936868
   0.868239604826153
   0.004999173875667
  -0.000010084854236
   0.000000000031955
   0.000008836052833
   0.000035140755660
   0.000015176302305


logL =

 -65.309740349107130


exitflag =

     0

-----
   1.0e+02 *

   0.009463178365693
   0.001362924296897
   0.013659073770808
  -0.000029403020742
  -0.000465125911788
  -0.000091472864653
   0.000273234295227
   0.036132490447238
   0.008069780500101
   0.007794878523016
   1.507017543455055
   0.004027407408442
  -0.004958784287589
  -0.013499919489135
  -0.006586010467173
   0.024284885859559
   0.022962961069345
   0.000302155595448
  -0.001450818933731
  -0.002952376635425
  -0.000899751702675
   0.006343153414538
   0.002136969932073
   0.000012795252210
   0.000001017066687
   0.000006476149786
   0.000000000066497
   0.000005031216324
   0.000000000093878
   0.000007688389703
   0.000018385709409
   0.000030594278249
  -0.001026089525807
  -0.003186627520013
   0.000789257611656
  -0.000787746260906
   9.509364969705475
  -0.000011295362971
  -0.000018199903528
  -0.000023173614213
   0.002332505041378
   0.000013407305961
   0.000001414969595
  -0.684030203835165
   0.868553304497190
   0.004997710212755
  -0.000010088087018
   0.000000000014009
   0.000008873237667
   0.000035238611752
   0.000015162619484


logL =

 -65.309991642128352


exitflag =

     0

-----
