   0.860400000000000
   0.131600000000000
   1.452800000000000
  -0.007358000000000
  -0.044381000000000
  -0.009482000000000
   0.047200000000000
   3.648900000000000
   0.877400000000000
   0.717600000000000
   0.320800000000000
  -0.427000000000000
  -1.243900000000000
  -0.694700000000000
   2.126100000000000
   3.077200000000000
   0.032900000000000
  -0.146800000000000
  -0.363000000000000
  -0.078800000000000
   0.598300000000000
   0.152400000000000
   0.001314000000000
   0.000187000000000
   0.000654000000000
                   0
   0.000395000000000
                   0
   0.000531000000000
   0.001900000000000
   0.002979000000000
   0.026900000000000
  -0.020900000000000
   0.107200000000000
  -0.221400000000000
  -0.000712000000000
  -0.000038000000000
  -0.000601000000000
   0.009136000000000
   0.006006000000000
   0.004707000000000
   0.004112000000000
   0.221100000000000
   0.004200000000000
  -0.362100000000000
  -0.198700000000000
   0.167100000000000
   0.965000000000000
   0.127800000000000
  -0.086700000000000


logL =

 -60.585969745756628

   0.852600070503361
   0.153582170737215
   1.467872084140260
  -0.007735462049924
  -0.047741209826875
  -0.010134414314215
   0.046339923473873
   3.948443132458004
   0.919209702360696
   0.760000193846905
   0.312303225141948
  -0.392368520766950
  -1.324638236532703
  -0.675082330835678
   2.224192630560337
   3.010430127544171
   0.031226952078120
  -0.164087319027839
  -0.371903549297793
  -0.082469275631048
   0.580370742044524
   0.202983226412221
   0.001290431623451
   0.000183037243999
   0.000633160254247
   0.000239731178363
   0.000405535149903
   0.000021407390900
   0.000531932601768
   0.001750149727421
   0.003583465902309
   0.031695888992534
  -0.020614559795846
   0.113759863907275
  -0.208045174814011
  -0.001041144566804
  -0.000034508779062
  -0.000720035625905
   0.008515402998580
   0.001023143202288
   0.000215603981557
   0.002542820240810
   0.197895166682148
   0.004363802320973
  -0.539100972044746
  -0.148200870160857
   0.160539534938369
   0.987912803749064
   0.214565423568368
  -0.067719537775374


logL =

 -62.425533224201182


exitflag =

     0

-----
   0.858225248062394
   0.152781669120944
   1.474136773850264
  -0.008124854645295
  -0.046607472783797
  -0.010505211866895
   0.046717256703645
   3.911491121497477
   0.895237419430439
   0.725975266880052
   0.318801042975733
  -0.400182502284942
  -1.340067068491138
  -0.672138213748612
   2.230760362377527
   3.096342483237711
   0.031745350826656
  -0.163495376754083
  -0.366611466634673
  -0.083836337778056
   0.590478780956223
   0.205615403824530
   0.001337093277614
   0.000187564542951
   0.000677896974654
   0.000239530432935
   0.000399381667353
   0.000022583724705
   0.000510648134285
   0.001845296308725
   0.004007851473349
   0.031253522536502
  -0.025776278592046
   0.118859097931505
  -0.208787783456927
  -0.000965822386210
  -0.000036211937036
  -0.000761788518575
   0.008685363244587
   0.000940141215470
   0.000205432038297
   0.000714441374086
   0.208834378948546
   0.004445819887461
  -0.474877622673146
  -0.156378858930942
   0.158023307960741
   1.025656748961441
   0.219071307847393
  -0.068962560891600


logL =

 -62.968032857873148


exitflag =

     0

-----
   0.854114066201313
   0.149629905645953
   1.466515812689002
  -0.008670680412501
  -0.045720454141377
  -0.009528929506070
   0.046252439832235
   3.812335658734749
   0.889329940845958
   0.700620339033592
   0.327276196034067
  -0.417978251571407
  -1.265455807078216
  -0.670066395888428
   2.079536889032909
   3.101301723632927
   0.031219327395171
  -0.170927070856707
  -0.357721143016915
  -0.084875225462595
   0.584354022167633
   0.184900463138158
   0.001291560443454
   0.000216259176156
   0.000665862164610
   0.000164680071195
   0.000403017645404
   0.000020097183020
   0.000500277357061
   0.001980382177055
   0.002985099958194
   0.030707620435538
  -0.027282542473805
   0.152290612532997
  -0.216597515446977
  -0.001016654307920
  -0.000039519313205
  -0.000643514703843
   0.009878627120371
   0.000844820521955
   0.000138747703678
   0.000661937047784
   0.245294473892647
   0.005187242160864
  -0.477358193849566
  -0.216700941717553
   0.126449512666122
   1.117989353853684
   0.220619420986208
  -0.074453426915450


logL =

 -63.119690169053911


exitflag =

     0

-----
   0.850796638704966
   0.145972111993224
   1.454017371329685
  -0.008459558989357
  -0.045275342286698
  -0.009575865160615
   0.047299144102140
   3.827267267776349
   0.883857189572179
   0.715951919111940
   0.340620684350508
  -0.416584706363088
  -1.276314723271737
  -0.682420637585887
   2.075785111340426
   3.164952540087453
   0.033490302368783
  -0.178523995853357
  -0.385430942688395
  -0.083890226588124
   0.585537974939372
   0.175125062007341
   0.001347764763995
   0.000235674785801
   0.000646179944816
   0.000109554165568
   0.000400947563156
   0.000022017627991
   0.000539303251068
   0.001874724529559
   0.003099660585862
   0.030331206067021
  -0.030026221972360
   0.155258296366279
  -0.149791005415399
  -0.000986432484430
  -0.000038595251460
  -0.000652668942023
   0.008841012536384
   0.000899606383046
   0.000113865597126
   0.000659106709568
   0.229822365743981
   0.006017550065383
  -0.458649693912670
  -0.276419920026943
   0.131429987816026
   1.082122688692027
   0.207174678789255
  -0.083730029682211


logL =

 -63.162934899809372


exitflag =

     0

-----
   0.847777252277441
   0.150205253874510
   1.454647802203921
  -0.008297512131808
  -0.045369073661503
  -0.009836745035656
   0.046651527741316
   3.860137786626259
   0.896355684991199
   0.725749364986468
   0.345678212747534
  -0.417170967463823
  -1.291683760353712
  -0.681442704810645
   2.080488654421087
   3.145341333287492
   0.034487447382859
  -0.176993910384244
  -0.382556017944940
  -0.084082792843072
   0.587202872978423
   0.178937382005050
   0.001323761306245
   0.000203491392295
   0.000666759715271
   0.000101468012990
   0.000399422915482
   0.000022239260858
   0.000515479461955
   0.001938034822301
   0.002910579714644
   0.030291301898879
  -0.030041487523590
   0.156130192019856
  -0.136336188399058
  -0.001161021258611
  -0.000040842597119
  -0.000798734651850
   0.009329075604914
   0.000870736399324
   0.000074563286790
   0.000675301761496
   0.233065721591478
   0.006110893523816
  -0.460881064015072
  -0.272261256090510
   0.125954240334221
   1.017927597335148
   0.212643123880283
  -0.092079961267863


logL =

 -63.176729849315343


exitflag =

     0

-----
   0.846835271184013
   0.151265143107860
   1.452558334094643
  -0.008301487585770
  -0.045269155109267
  -0.009865099387809
   0.046943016270112
   3.845479863633027
   0.900004290695655
   0.719449739847823
   0.346228730754311
  -0.417234624584133
  -1.291044993138462
  -0.681338579402272
   2.090093011484638
   3.150991497035379
   0.035899508875654
  -0.173634387613865
  -0.381950156237573
  -0.084245056495808
   0.587341688349893
   0.176333362910143
   0.001327858090900
   0.000222485420895
   0.000663922569018
   0.000026591517176
   0.000403099026029
   0.000024251684138
   0.000526364418773
   0.001892058427951
   0.002967202295258
   0.029956129170958
  -0.041481749360342
   0.162623718873212
  -0.130499656733878
  -0.001112316795961
  -0.000049886480636
  -0.000827173055082
   0.008929634927385
   0.000893377160454
   0.000056232031305
   0.000690472335088
   0.234922226450250
   0.006277992781265
  -0.443418049579473
  -0.283757922821312
   0.123932330246855
   1.020796942169009
   0.210677142288239
  -0.098903989374231


logL =

 -63.184535286847677


exitflag =

     0

-----
   0.844283399711007
   0.151548686309896
   1.453720408754842
  -0.008285827633253
  -0.045560235078801
  -0.009972106832855
   0.046584562443663
   3.864278162789444
   0.903397297556195
   0.722896624826012
   0.346140092282620
  -0.416263938285688
  -1.295116862766103
  -0.682557366777606
   2.095451930873584
   3.144703139274300
   0.036231342971306
  -0.171224149437052
  -0.383068917610758
  -0.084237245503219
   0.587853214025563
   0.177621843260476
   0.001319585686091
   0.000216787172994
   0.000652111659464
   0.000027116780657
   0.000397814417612
   0.000024045907920
   0.000523395497192
   0.001893209865649
   0.002931950011937
   0.029904446094062
  -0.044867848400905
   0.164952950889815
  -0.125136136763042
  -0.001134594712843
  -0.000055852226620
  -0.000824008171160
   0.009116027741349
   0.000899430930062
   0.000048456900460
   0.000687193694084
   0.236788492380749
   0.006372881028653
  -0.439125010948333
  -0.282403129943089
   0.120112428487378
   0.992529333293423
   0.211410859083419
  -0.101193733313926


logL =

 -63.187968415458343


exitflag =

     0

-----
   0.842576912923424
   0.150788293683161
   1.452991628862622
  -0.008286688855737
  -0.045529130146567
  -0.010069655731145
   0.046761218537851
   3.843041081641877
   0.900677426674961
   0.720460354943084
   0.346238152663979
  -0.417250656774523
  -1.295920208262354
  -0.682481798286467
   2.094149450539759
   3.130345891500591
   0.037156680873008
  -0.168770609183293
  -0.384576468980245
  -0.084309705025517
   0.588787413596963
   0.174510968367354
   0.001328682309625
   0.000212204737260
   0.000654320715894
   0.000032942125607
   0.000402481157084
   0.000019539470046
   0.000524330600700
   0.001897026015636
   0.002963333114995
   0.029649422748800
  -0.078620919747004
   0.167893692570678
  -0.120474805506330
  -0.001016711264019
  -0.000067501940721
  -0.000713921737438
   0.008973956200339
   0.000892539279088
   0.000004206303131
   0.000686382192092
   0.237209076845789
   0.006443701264267
  -0.466476535807829
  -0.282692876861645
   0.120054527157666
   0.980238650082462
   0.210656592683547
  -0.104241938169333


logL =

 -63.190495021315094


exitflag =

     0

-----
   0.841976154123077
   0.150199174250436
   1.452497198553067
  -0.008308553375540
  -0.045466347280621
  -0.010061429199056
   0.046750388663693
   3.844057193951237
   0.904628301293462
   0.718065534096924
   0.348422509341884
  -0.417588200607675
  -1.295386706786595
  -0.682547025654318
   2.094617854119008
   3.141646395833025
   0.037516102129953
  -0.166816397639096
  -0.383914399416227
  -0.084302355787414
   0.588933042337083
   0.174284754392967
   0.001330771726144
   0.000219964762618
   0.000653022834754
   0.000025204463189
   0.000398830910758
   0.000016815131306
   0.000527553741213
   0.001908685816822
   0.002934341391297
   0.029665616204046
  -0.087210468073307
   0.170272246355735
  -0.120396069015886
  -0.000864056789513
  -0.000062717618940
  -0.000683220845659
   0.009057198864907
   0.000896591017218
   0.000004983545878
   0.000678644892306
   0.238166980355643
   0.006438262993651
  -0.471127035907655
  -0.279048406347007
   0.120707211785801
   0.994754253205654
   0.211479623385061
  -0.103589799870171


logL =

 -63.191587623859064


exitflag =

     0

-----
   0.840467377154811
   0.149473639113088
   1.451482387125648
  -0.008295619288600
  -0.045460034976198
  -0.010054216529312
   0.046785306735955
   3.836347161139427
   0.904689255892268
   0.717445291300389
   0.347695191755698
  -0.417728901300649
  -1.295098967876171
  -0.682835079058898
   2.095064504891418
   3.140568661691416
   0.037717964481026
  -0.165845811134858
  -0.384238102826624
  -0.084355728339658
   0.589091051531513
   0.174421177389040
   0.001323971051564
   0.000218288837335
   0.000654109557743
   0.000024781164342
   0.000399517678484
   0.000015416569692
   0.000526041358414
   0.001885143965546
   0.002935692327633
   0.029664724268074
  -0.088476591218617
   0.169796885207808
  -0.120684521482003
  -0.000819866846018
  -0.000066255962056
  -0.000687689387609
   0.008998380469590
   0.000895501559949
   0.000005544119343
   0.000687137664252
   0.238527975564696
   0.006418318565373
  -0.470313640676391
  -0.277511194925251
   0.119103291647149
   0.992627955552506
   0.211867801600057
  -0.103558599125413


logL =

 -63.192023183136030


exitflag =

     0

-----
   0.840026293809296
   0.149271025074064
   1.452029750210897
  -0.008274628413018
  -0.045444995114501
  -0.010098638282010
   0.046872841083363
   3.833306641198153
   0.903974165282759
   0.717221925902912
   0.347377144714503
  -0.417332858278675
  -1.295033742337407
  -0.682490326700128
   2.096438196095921
   3.139841786394340
   0.037954142525669
  -0.164542360718580
  -0.384434163353992
  -0.084415134772230
   0.589005119926319
   0.173920663750177
   0.001327761573274
   0.000216973591593
   0.000654631823337
   0.000022828625068
   0.000397557052146
   0.000014670796494
   0.000527659212590
   0.001898234204576
   0.002915277146063
   0.029663340569804
  -0.093707171914795
   0.170661897940068
  -0.120306672294327
  -0.000767552776042
  -0.000070771496465
  -0.000666706929946
   0.009010910144661
   0.000893256696547
   0.000005933978924
   0.000681996524266
   0.239330505104596
   0.006440370613792
  -0.474491003661418
  -0.276984070528071
   0.118575167080437
   0.989147198312997
   0.212498575491564
  -0.104413185166552


logL =

 -63.192354427555848


exitflag =

     0

-----
   0.839630714650857
   0.148828830560384
   1.451528424646508
  -0.008260820183119
  -0.045440220241554
  -0.010086118874998
   0.046885857486342
   3.829225673108089
   0.905631743629826
   0.716178499808366
   0.347234320052338
  -0.417312052081073
  -1.293547281545930
  -0.682590049900583
   2.097552921789234
   3.139610799507771
   0.038112432442636
  -0.164006602257966
  -0.384775050208474
  -0.084472549594107
   0.589051203300696
   0.173569581870272
   0.001324852926926
   0.000220934363136
   0.000655251912718
   0.000021218684110
   0.000399681485797
   0.000013918667005
   0.000527676305748
   0.001892727141785
   0.002946137480642
   0.029674391044496
  -0.095553422236102
   0.171177388836811
  -0.120877517690976
  -0.000749614894239
  -0.000074713054906
  -0.000646252546604
   0.009055881001876
   0.000896076332488
   0.000006227252134
   0.000683359127460
   0.239669290533472
   0.006432128274744
  -0.478492283654846
  -0.276253770332790
   0.118140215878178
   0.989010385333266
   0.212948645901570
  -0.104534566459340


logL =

 -63.192614731994119


exitflag =

     0

-----
   0.838541289989814
   0.148587819090733
   1.450632308188079
  -0.008246089615345
  -0.045445829836351
  -0.010156343077444
   0.046872509563501
   3.825678576543137
   0.908488628812022
   0.714599506365415
   0.347237630954832
  -0.417624516910698
  -1.296131367228422
  -0.682677526856195
   2.098372232436345
   3.138698348893967
   0.038408009328913
  -0.163056496943386
  -0.385809021374811
  -0.084530254454022
   0.589190344102986
   0.173998297615942
   0.001322797008242
   0.000219285639851
   0.000652954974434
   0.000017794986275
   0.000398064655136
   0.000008409811956
   0.000527053347588
   0.001892917792208
   0.002901879096587
   0.029617816207799
  -0.105548497115775
   0.171045164646678
  -0.119690222269097
  -0.000749685645297
  -0.000078637225073
  -0.000625912151248
   0.008940192092548
   0.000891760716565
   0.000008389015486
   0.000689905815131
   0.240261249481156
   0.006477524921865
  -0.487976784721837
  -0.276736139651318
   0.117286104025213
   0.989434683743196
   0.213395102949848
  -0.105582812111003


logL =

 -63.192896851400668


exitflag =

     0

-----
   0.838415195983444
   0.148380394354973
   1.450268850584732
  -0.008252310451305
  -0.045425759713962
  -0.010164950358286
   0.046880478866952
   3.822604673929018
   0.907193853695418
   0.714234255155909
   0.347028819620526
  -0.417709742438788
  -1.296516598864573
  -0.682852707209565
   2.098877836799962
   3.138300941159972
   0.038540255608992
  -0.162485261754702
  -0.385684728625535
  -0.084518826470572
   0.589166672219300
   0.173857664383840
   0.001323170870744
   0.000221074038380
   0.000654201302493
   0.000015519162026
   0.000399110971541
   0.000008831019773
   0.000527051337719
   0.001887941322619
   0.002941985942410
   0.029591656246403
  -0.104217961695388
   0.171803939872913
  -0.119937021523143
  -0.000719469318870
  -0.000071844008367
  -0.000604039693818
   0.009015719403846
   0.000895075758638
   0.000008915833713
   0.000682688126672
   0.240474753487415
   0.006470774806470
  -0.492754835095968
  -0.275934685966641
   0.116440725406082
   0.987815012555599
   0.213779918803247
  -0.105549421113902


logL =

 -63.193151697709133


exitflag =

     0

-----
   0.837983132213656
   0.148308839844472
   1.449630883455867
  -0.008252167258942
  -0.045373632351585
  -0.010161649582560
   0.046901789557662
   3.818669380117088
   0.909588318476848
   0.713462313688015
   0.346847041523608
  -0.417665268641854
  -1.296842346070878
  -0.682875338963052
   2.099687578244167
   3.138982788343379
   0.038808549206228
  -0.161438907646501
  -0.385688929081589
  -0.084548926773119
   0.589064296081369
   0.173559398337071
   0.001324528208173
   0.000221894958714
   0.000655198614216
   0.000014591905405
   0.000399179618669
   0.000008536720749
   0.000527343669654
   0.001891098676324
   0.002908031330091
   0.029543363744279
  -0.110108010502346
   0.171067885483408
  -0.119969818535070
  -0.000712411962892
  -0.000073745284324
  -0.000576868996853
   0.008993556189464
   0.000895617773796
   0.000009292549427
   0.000686343444344
   0.240885656050882
   0.006475612087997
  -0.493361182060950
  -0.274503968448006
   0.115001377248915
   0.986477550253190
   0.214236134834876
  -0.105400421204368


logL =

 -63.193328640953588


exitflag =

     0

-----
   0.837533771374805
   0.148133275215765
   1.448971519989823
  -0.008238175007527
  -0.045347143596298
  -0.010216648998893
   0.046901887766575
   3.812666667021961
   0.908849025722751
   0.712887302983519
   0.346191082318346
  -0.417843838687362
  -1.297086102561567
  -0.683031341868773
   2.100830281060507
   3.137470327244285
   0.038931012516768
  -0.160884242593664
  -0.386054542809195
  -0.084498444572631
   0.589273820132214
   0.173346582580800
   0.001326763058664
   0.000221565995796
   0.000655007181717
   0.000012614001476
   0.000398531857260
   0.000008479446963
   0.000527802510133
   0.001896380241487
   0.002952159466766
   0.029520946592820
  -0.108014146636301
   0.171638936512286
  -0.120398657314123
  -0.000683083958548
  -0.000068806401034
  -0.000558353089198
   0.009009972831984
   0.000893860003240
   0.000009497910480
   0.000685089740658
   0.240962495285702
   0.006464662149298
  -0.501156620619367
  -0.274437036288425
   0.115219116783679
   0.987459862627499
   0.214538686980918
  -0.106153739872792


logL =

 -63.193508279560618


exitflag =

     0

-----
   0.837238507737753
   0.147981847239511
   1.448783807876650
  -0.008248151273637
  -0.045362562465120
  -0.010204764475853
   0.046917174786143
   3.814022403501435
   0.910669095322761
   0.712520127015579
   0.345846169711355
  -0.417751792083607
  -1.297955570851684
  -0.682800314117232
   2.102128318925431
   3.138301869799124
   0.039148490675398
  -0.160393873070933
  -0.386740388568754
  -0.084497306674587
   0.589137680497179
   0.173640337325017
   0.001322121404994
   0.000222628732355
   0.000653925441112
   0.000012733982166
   0.000400101245705
   0.000007418942069
   0.000527836495587
   0.001881270453590
   0.002921574902163
   0.029517037434316
  -0.108489935500473
   0.172695730690156
  -0.120209856277846
  -0.000695299233027
  -0.000063837082573
  -0.000555132347923
   0.009005007977644
   0.000895910527449
   0.000009702899444
   0.000683941405759
   0.241757241253492
   0.006472602101057
  -0.501539408057034
  -0.274081810597325
   0.114550857591711
   0.990559881940755
   0.214876508756861
  -0.106554470176406


logL =

 -63.193621147544633


exitflag =

     0

-----
   0.836921392202093
   0.147630147025087
   1.448302880903963
  -0.008249324864788
  -0.045362416357398
  -0.010226698136808
   0.046960180855955
   3.811140770424616
   0.909734223402573
   0.711913320706088
   0.345428530311836
  -0.417956171556292
  -1.297749006578634
  -0.682878795828248
   2.102630979975043
   3.136776466439599
   0.039199098507252
  -0.159898218174464
  -0.387054254081363
  -0.084500399198500
   0.589188571395668
   0.173358934001705
   0.001324108811644
   0.000222485182495
   0.000654349212852
   0.000012464311420
   0.000398721583617
   0.000007687560296
   0.000527525389815
   0.001889609514419
   0.002939879971856
   0.029482331703455
  -0.110221063413172
   0.171768234785086
  -0.120067331357992
  -0.000703496687279
  -0.000062879764193
  -0.000527391095903
   0.009007694442886
   0.000892753603976
   0.000009950805745
   0.000684641227205
   0.241714348138619
   0.006470521372585
  -0.508297797159295
  -0.272966573775085
   0.113573074846660
   0.988870458081527
   0.214903057780373
  -0.106972898224957


logL =

 -63.193752214967596


exitflag =

     0

-----
   0.836540696654440
   0.147412322056916
   1.447513376575755
  -0.008263072264022
  -0.045324445639381
  -0.010212702745750
   0.047014670873126
   3.801733716355445
   0.909776178171364
   0.710394063714247
   0.344821120655900
  -0.417969424932994
  -1.297688512491641
  -0.682888357527767
   2.103652880225848
   3.135768238603422
   0.039341313127438
  -0.159306230538913
  -0.387282132818938
  -0.084464365453016
   0.589238601956094
   0.172940898554396
   0.001321313756757
   0.000221178967867
   0.000652955588492
   0.000012324717734
   0.000399611527730
   0.000007743934231
   0.000527088059039
   0.001890265014564
   0.002927735212794
   0.029433967854559
  -0.109090898351898
   0.173160594040928
  -0.119106414956983
  -0.000702204483034
  -0.000063822941977
  -0.000502649253389
   0.009000994764090
   0.000900947096237
   0.000010113507569
   0.000683535069647
   0.241771298469549
   0.006466957547220
  -0.513300667987997
  -0.271564650009776
   0.112781520166216
   0.988253007054023
   0.215349113747706
  -0.106679545913285


logL =

 -63.193857355546470


exitflag =

     0

-----
   0.836412616456396
   0.147361790775413
   1.447292059715316
  -0.008253081431662
  -0.045324038109043
  -0.010230259585174
   0.047011385666099
   3.802541854576234
   0.910177234850934
   0.710272515424215
   0.344743909702369
  -0.417923727918819
  -1.297911535690987
  -0.682927775600600
   2.104365199138371
   3.135159770191249
   0.039423089834465
  -0.159071807268005
  -0.387474529977855
  -0.084450937165005
   0.589259333612011
   0.172809408263648
   0.001324441764049
   0.000223734694476
   0.000654015799727
   0.000011866817012
   0.000398714137976
   0.000007632582381
   0.000527296997196
   0.001887133361153
   0.002934244684387
   0.029419930406732
  -0.107588931002962
   0.173350426426354
  -0.119341048345250
  -0.000701142119798
  -0.000063091222109
  -0.000494321502553
   0.009009913737929
   0.000892828101110
   0.000011069838462
   0.000684592353303
   0.241853224733666
   0.006472729659310
  -0.514772184272737
  -0.271145100999671
   0.112531526147109
   0.988532526175739
   0.215435034223485
  -0.106874063621309


logL =

 -63.193942017981826


exitflag =

     0

-----
   0.836231400172002
   0.147221885658650
   1.446868690234010
  -0.008238528084782
  -0.045311100631029
  -0.010228292975626
   0.047024315725346
   3.798637548885934
   0.909392648487171
   0.710216680794294
   0.344574424282741
  -0.417835184181388
  -1.297014834657390
  -0.682984033402031
   2.105402133073206
   3.133633520115957
   0.039554202536915
  -0.158587077283765
  -0.387943805201033
  -0.084470463862809
   0.589251888057063
   0.172721272272049
   0.001323698544343
   0.000221798848822
   0.000653837592636
   0.000011828137614
   0.000399243065035
   0.000007826286026
   0.000528080951480
   0.001888446224081
   0.002934450276450
   0.029386343955332
  -0.108132632360540
   0.173283026828700
  -0.118454144868239
  -0.000694403444266
  -0.000064784827940
  -0.000486402190994
   0.009020131506407
   0.000897832632030
   0.000010427813772
   0.000683778275237
   0.241832474015848
   0.006473165099185
  -0.517018554896318
  -0.270400209225648
   0.111152915018211
   0.988036441767939
   0.215503540244725
  -0.107257772171551


logL =

 -63.194016036904323


exitflag =

     0

-----
   0.836391154677157
   0.147069906007443
   1.446708106885498
  -0.008234552062113
  -0.045316687309887
  -0.010241925863481
   0.047029224087922
   3.800830786012961
   0.910842147613160
   0.710204210844346
   0.344248096931522
  -0.417619661602110
  -1.297534291783089
  -0.683097766065940
   2.106150619192608
   3.132348420836243
   0.039680201740757
  -0.158348659697809
  -0.388446746167158
  -0.084449886073892
   0.589192500312776
   0.172640956540495
   0.001325827457390
   0.000224544856111
   0.000654038729728
   0.000011698073775
   0.000398730749304
   0.000007815599187
   0.000527015977458
   0.001887946607640
   0.002938445437878
   0.029354591661125
  -0.109220922153631
   0.173953862728096
  -0.118861327106537
  -0.000703127707972
  -0.000064287905133
  -0.000476212768532
   0.009041463663689
   0.000894209251174
   0.000010560923148
   0.000684499956862
   0.242242912002882
   0.006470036420356
  -0.522003029738720
  -0.269887316288278
   0.110481336136141
   0.988715706795542
   0.215725046238066
  -0.107148930174940


logL =

 -63.194087407403067


exitflag =

     0

-----
   0.836285458397041
   0.147003828926301
   1.446324504611346
  -0.008232939334902
  -0.045303911420792
  -0.010243132999341
   0.047026162295254
   3.798802407489886
   0.911103584388766
   0.710080262801272
   0.344078639950872
  -0.417622463764207
  -1.297437770938249
  -0.683182026355354
   2.106863340253558
   3.131904007683840
   0.039770961048678
  -0.158055985479119
  -0.388780228980012
  -0.084378245932322
   0.589222705630537
   0.172452350013965
   0.001322668127593
   0.000221827000072
   0.000655376625380
   0.000011957675548
   0.000398684350146
   0.000007555944106
   0.000527380800241
   0.001885234450664
   0.002939177925874
   0.029334959328872
  -0.108394399618370
   0.174139024613159
  -0.119226911241185
  -0.000710171268990
  -0.000056474099136
  -0.000469529927754
   0.008995233608653
   0.000895215600741
   0.000010713154016
   0.000684171423815
   0.242321450912038
   0.006468596088300
  -0.524172648172223
  -0.269424987284701
   0.109571935178793
   0.989214404790080
   0.215871389079621
  -0.107387331229195


logL =

 -63.194165511065428


exitflag =

     0

-----
   0.836308820692675
   0.146919052172998
   1.446046400633824
  -0.008233924899079
  -0.045311741363495
  -0.010252370605195
   0.047059670658392
   3.797675614996848
   0.911484682759804
   0.709449540676463
   0.343871913979449
  -0.417515116574051
  -1.297423176777945
  -0.683195130766561
   2.107851904735844
   3.131157404969430
   0.039883079000829
  -0.157815705548450
  -0.389263817467644
  -0.084386260315392
   0.589165377829474
   0.172394882359241
   0.001325050594420
   0.000224720254000
   0.000653276892070
   0.000011900084220
   0.000399242745935
   0.000008186726882
   0.000527502650413
   0.001885140256458
   0.002930896064956
   0.029321724504303
  -0.108430035439561
   0.174476570574935
  -0.118870204681534
  -0.000708385524570
  -0.000056042754823
  -0.000462070917959
   0.009003185468293
   0.000894871425805
   0.000009927424957
   0.000683584915838
   0.242473116886766
   0.006467403223727
  -0.526673865861189
  -0.268783151194731
   0.109064841215228
   0.988691951726898
   0.216035324941203
  -0.107540433204356


logL =

 -63.194217247202907


exitflag =

     0

-----
