   1.0e+03 *

   0.000882506526132
   0.000138096601427
   0.001462950504427
  -0.000007202146888
  -0.000047181158272
  -0.000010857260020
   0.000040749289558
   0.003857098434397
   0.000957662984613
   0.000724902978725
   0.047248692754738
   0.000367614826070
  -0.000408007114114
  -0.001254054165063
  -0.000783347322133
   0.002327482785252
   0.003336321348438
   0.000050937132907
  -0.000153635180556
  -0.000460712814592
  -0.000100849187181
   0.000622656850413
   0.000208079734049
   0.000001356106166
   0.000000193338630
   0.000000657553338
  -0.000000000000165
   0.000000402142398
  -0.000000000000000
   0.000000522496980
   0.000001857367908
   0.000002774078646
  -0.000087145473899
   0.001052848075697
   0.000256216293363
   0.000144839132894
   1.047403631809690
   0.000000002707069
  -0.000000515928561
  -0.000001162720179
   0.000149010352835
   0.000001099252316
   0.000000123247740
  -0.053826385871404
   0.081333211377647
   0.000556622264117
   0.000000954101710
  -0.000000000000131
   0.000000803353341
   0.000368226357274


logL =

 -63.801831180194313

if system_dependent('IsDebugMode')==1, dbstep; end
if system_dependent('IsDebugMode')==1, dbstep; end
   1.0e+03 *

   0.000886763917943
   0.000142481091884
   0.001464156073154
  -0.000007374908791
  -0.000046774384763
  -0.000010755949455
   0.000041588730486
   0.003851078013373
   0.000915205640220
   0.000721785906678
   0.044087525197146
   0.000370210341674
  -0.000408221159837
  -0.001248198495830
  -0.000778367935428
   0.002340777180173
   0.003353259631715
   0.000052587595854
  -0.000151515821894
  -0.000460266496281
  -0.000100745515007
   0.000620678274149
   0.000210295366076
   0.000001309599719
   0.000000190976476
   0.000000645046004
  -0.000000000000163
   0.000000396604753
  -0.000000000000000
   0.000000537012047
   0.000001944513449
   0.000003013751504
  -0.000086625421842
   0.000947467426798
   0.000194055744714
   0.000169661782040
   1.048285028290562
   0.000000002745870
  -0.000000533568542
  -0.000001190018278
   0.000158498429058
   0.000001129899709
   0.000000122435793
  -0.053506319796672
   0.080691821349220
   0.000560853732491
   0.000000976344558
  -0.000000000000138
   0.000000799017356
   0.000355982699695

if system_dependent('IsDebugMode')==1, dbstep; end
if system_dependent('IsDebugMode')==1, dbstep; end

logL =

 -63.836190263169037

if system_dependent('IsDebugMode')==1, dbstep; end

exitflag =

     0

if system_dependent('IsDebugMode')==1, dbstep; end
-----
if system_dependent('IsDebugMode')==1, dbstep; end
   1.0e+03 *

   0.000886763917943
   0.000142481091884
   0.001464156073154
  -0.000007374908791
  -0.000046774384763
  -0.000010755949455
   0.000041588730486
   0.003851078013373
   0.000915205640220
   0.000721785906678
   0.044087525197146
   0.000370210341674
  -0.000408221159837
  -0.001248198495830
  -0.000778367935428
   0.002340777180173
   0.003353259631715
   0.000052587595854
  -0.000151515821894
  -0.000460266496281
  -0.000100745515007
   0.000620678274149
   0.000210295366076
   0.000001309599719
   0.000000190976476
   0.000000645046004
  -0.000000000000163
   0.000000396604753
  -0.000000000000000
   0.000000537012047
   0.000001944513449
   0.000003013751504
  -0.000086625421842
   0.000947467426798
   0.000194055744714
   0.000169661782040
   1.048285028290562
   0.000000002745870
  -0.000000533568542
  -0.000001190018278
   0.000158498429058
   0.000001129899709
   0.000000122435793
  -0.053506319796672
   0.080691821349220
   0.000560853732491
   0.000000976344558
  -0.000000000000138
   0.000000799017356
   0.000355982699695


logL =

 -63.836190263169037

   1.0e+03 *

   0.000897239524924
   0.000144562792548
   0.001469867126663
  -0.000006457356793
  -0.000047025338060
  -0.000010023571722
   0.000041613911352
   0.003752446038757
   0.000901843068007
   0.000718502732524
   0.046976962900476
   0.000371549048714
  -0.000413195657687
  -0.001236378508976
  -0.000774383077851
   0.002357315258442
   0.003345540868288
   0.000053161115891
  -0.000154352366231
  -0.000473793617514
  -0.000098896559559
   0.000618595213440
   0.000217935473847
   0.000001313751047
   0.000000188308958
   0.000000650416166
  -0.000000000000116
   0.000000404368395
  -0.000000000000000
   0.000000541238138
   0.000001874568217
   0.000002962428627
  -0.000087704544090
   0.001112381751494
   0.000183691199217
   0.000249433751298
   1.050117943448596
   0.000000001801764
  -0.000000750573336
  -0.000001352645118
   0.000157332104416
   0.000001113139609
   0.000000122026273
  -0.053194417184725
   0.080584638140935
   0.000550052468501
   0.000001019089533
  -0.000000000000130
   0.000000778245762
   0.000340233562648


logL =

 -63.849686546545492


exitflag =

     0

-----
   1.0e+03 *

   0.000896781076941
   0.000140589142230
   0.001454542564543
  -0.000006966567114
  -0.000046988463833
  -0.000009886718366
   0.000040579503135
   0.003828878662043
   0.000904505886138
   0.000724875299771
   0.061588804945750
   0.000380042282076
  -0.000413579818442
  -0.001247530821701
  -0.000778747149756
   0.002351906998083
   0.003348216184700
   0.000053387570695
  -0.000157510162180
  -0.000475528487521
  -0.000099857808165
   0.000618926766636
   0.000214705873536
   0.000001313186111
   0.000000193509156
   0.000000650743708
   0.000000000000185
   0.000000401795706
  -0.000000000000000
   0.000000538090034
   0.000001892728943
   0.000002940527565
  -0.000087888038171
   0.001391414963892
   0.000174831063958
   0.000298614627070
   1.060863800852566
   0.000000002941849
  -0.000001353718359
  -0.000001383047332
   0.000160149069306
   0.000001107994986
   0.000000120902631
  -0.053263807373815
   0.081571909161515
   0.000539406036599
   0.000001008309970
  -0.000000000000205
   0.000000771010043
   0.000342798824778


logL =

 -63.856863455156990


exitflag =

     0

-----
   1.0e+03 *

   0.000898366302943
   0.000144789558399
   0.001453835096061
  -0.000006908976054
  -0.000047470245237
  -0.000009997670406
   0.000037897152529
   0.003913971386870
   0.000902239432776
   0.000736361726348
   0.077514616641979
   0.000383371731517
  -0.000409618912498
  -0.001270166758103
  -0.000783670977907
   0.002375445846184
   0.003386157414129
   0.000054978230461
  -0.000156648070689
  -0.000490214983856
  -0.000098932130155
   0.000614993499815
   0.000222517313281
   0.000001320577049
   0.000000181984022
   0.000000654161288
   0.000000000000250
   0.000000402925568
  -0.000000000000000
   0.000000543551234
   0.000001893524231
   0.000002912771811
  -0.000088264805546
   0.001580844373616
   0.000156814812147
   0.000348823998462
   1.071042166089112
   0.000000003786354
  -0.000000703960474
  -0.000001269786327
   0.000164279421199
   0.000001139046173
   0.000000119572073
  -0.052370387415761
   0.083111040602057
   0.000524541645467
   0.000001007955744
   0.000000000000274
   0.000000767404984
   0.000338448197166


logL =

 -63.861439804002110


exitflag =

     0

-----
   1.0e+03 *

   0.000899036798800
   0.000138578057274
   0.001448677520989
  -0.000007081320969
  -0.000047409863894
  -0.000010204359727
   0.000037397124740
   0.003919495071419
   0.000902309723241
   0.000731256663629
   0.087157283584345
   0.000387366745469
  -0.000411791206000
  -0.001296036850554
  -0.000784740577101
   0.002371971167289
   0.003403655927518
   0.000054643620975
  -0.000154841578087
  -0.000489189168749
  -0.000099349558302
   0.000612832674656
   0.000220999917632
   0.000001313572293
   0.000000193058404
   0.000000650908381
   0.000000000000378
   0.000000402493914
  -0.000000000000000
   0.000000541293938
   0.000001885859420
   0.000002932480314
  -0.000088309792547
   0.001650452166458
   0.000160644034636
   0.000361855813126
   1.076139939438020
   0.000000003387626
  -0.000000777142263
  -0.000001266863117
   0.000160095827692
   0.000001117117456
   0.000000118949238
  -0.052320787136228
   0.083977302957587
   0.000517256926689
   0.000001010827114
   0.000000000000165
   0.000000764688777
   0.000341534424160


logL =

 -63.863862777177879


exitflag =

     0

-----
   1.0e+03 *

   0.000898668121329
   0.000142593490339
   0.001450706727734
  -0.000007060513935
  -0.000047442087991
  -0.000010085126007
   0.000036864693699
   0.003954748981451
   0.000904686352639
   0.000742554417509
   0.094576361927838
   0.000388876742703
  -0.000409321632537
  -0.001301644926381
  -0.000784449863126
   0.002376355373388
   0.003399788479338
   0.000055021512300
  -0.000154172129304
  -0.000487906894772
  -0.000099098871526
   0.000614012232128
   0.000222548141241
   0.000001313119577
   0.000000178440733
   0.000000651832915
   0.000000000000616
   0.000000401391448
  -0.000000000000000
   0.000000544958442
   0.000001879840777
   0.000002963959753
  -0.000088737591570
   0.001679068987381
   0.000155724338995
   0.000380553669533
   1.079756913148154
   0.000000004359025
  -0.000000613789511
  -0.000001275267167
   0.000160896169747
   0.000001119444972
   0.000000118457111
  -0.052070628816940
   0.084284732452139
   0.000510437056684
   0.000001019381579
   0.000000000000074
   0.000000768944638
   0.000339579734697


logL =

 -63.865000719722481


exitflag =

     0

-----
   1.0e+03 *

   0.000895317679700
   0.000146078738578
   0.001437537256729
  -0.000007459968426
  -0.000046831377378
  -0.000010282462205
   0.000034551242725
   0.003915671640535
   0.000902515979942
   0.000730927193436
   0.110263754513539
   0.000382360572887
  -0.000411668190782
  -0.001305712179833
  -0.000781421576134
   0.002381192311822
   0.003319126118663
   0.000056377226454
  -0.000152377509964
  -0.000484218792149
  -0.000098292748210
   0.000616430414789
   0.000210313149630
   0.000001309336089
   0.000000194606315
   0.000000649031309
   0.000000000002519
   0.000000401596886
  -0.000000000000000
   0.000000540760669
   0.000001877067018
   0.000002921268325
  -0.000089963332816
   0.001783225218556
   0.000149053630944
   0.000403071099791
   1.090133953288388
   0.000000004049892
  -0.000000473408088
  -0.000001328891902
   0.000166019453559
   0.000001130546837
   0.000000117047115
  -0.051157876101055
   0.084045395032499
   0.000489798652128
   0.000001015102063
  -0.000000000000204
   0.000000766475459
   0.000337258778586


logL =

 -63.866918011458708


exitflag =

     0

-----
   1.0e+03 *

   0.000893969404605
   0.000147088526268
   0.001438930424218
  -0.000007126807963
  -0.000047175493741
  -0.000010303837897
   0.000034477749206
   0.003989049885004
   0.000912736382788
   0.000746943043474
   0.116398490981903
   0.000383277016788
  -0.000409983972657
  -0.001291305391988
  -0.000782269993815
   0.002391044128302
   0.003339980435090
   0.000056942746249
  -0.000153432443977
  -0.000487822838646
  -0.000098844895602
   0.000616077794169
   0.000210160922869
   0.000001310510092
   0.000000180706054
   0.000000652574269
   0.000000000002474
   0.000000402415498
  -0.000000000000000
   0.000000543337155
   0.000001886954153
   0.000002958703286
  -0.000090307346502
   0.001820941971500
   0.000149859026154
   0.000409393879403
   1.094046762136496
   0.000000001907463
  -0.000000647869356
  -0.000001186118809
   0.000165042287406
   0.000001122156325
   0.000000116713121
  -0.051131867871099
   0.085254740925428
   0.000480866815353
   0.000001016554044
  -0.000000000000199
   0.000000767357770
   0.000338543016271


logL =

 -63.868377906172164


exitflag =

     0

-----
   1.0e+03 *

   0.000893621183675
   0.000144538192823
   0.001440276164595
  -0.000007444571164
  -0.000047394342354
  -0.000010304072783
   0.000034004178548
   0.003968169489278
   0.000907629174968
   0.000734452226456
   0.117634798598540
   0.000383559459802
  -0.000410781646590
  -0.001294616408586
  -0.000778772041856
   0.002388772893867
   0.003327065329361
   0.000056612148755
  -0.000152510372282
  -0.000488080509347
  -0.000098891024716
   0.000615804334767
   0.000210336705972
   0.000001314698940
   0.000000187029635
   0.000000651798104
   0.000000000002133
   0.000000400437181
  -0.000000000000000
   0.000000545476253
   0.000001878082165
   0.000002932418036
  -0.000090675311905
   0.001853398049769
   0.000148649725035
   0.000420508488915
   1.104202692809146
   0.000000001008358
  -0.000000433812775
  -0.000001341105672
   0.000165230752453
   0.000001121684724
   0.000000116046011
  -0.050836655244131
   0.085959010603640
   0.000476198474806
   0.000001016148815
  -0.000000000000347
   0.000000763391652
   0.000337325529673


logL =

 -63.869235176346955


exitflag =

     0

-----
   1.0e+03 *

   0.000891863541799
   0.000145415702009
   0.001441733663193
  -0.000007163470010
  -0.000047357387980
  -0.000010286268916
   0.000034155131762
   0.003984729051775
   0.000911890162551
   0.000741938379115
   0.119535618713331
   0.000382801637658
  -0.000408706026307
  -0.001280550752000
  -0.000777795130421
   0.002392977548786
   0.003337400239954
   0.000056952894552
  -0.000153474750860
  -0.000489720115754
  -0.000098745351654
   0.000615761056752
   0.000207417108864
   0.000001313394138
   0.000000184586017
   0.000000653101277
   0.000000000002038
   0.000000400417181
  -0.000000000000000
   0.000000543621576
   0.000001886543818
   0.000002949181758
  -0.000090929798260
   0.001867454654100
   0.000145939097034
   0.000418297992572
   1.108842198429130
   0.000000001489659
  -0.000000559046738
  -0.000001187267887
   0.000166659273253
   0.000001127268643
   0.000000115782451
  -0.050882180640570
   0.087106756868088
   0.000470902433232
   0.000001011370943
  -0.000000000000199
   0.000000761640990
   0.000338085293383


logL =

 -63.870047066123576


exitflag =

     0

-----
   1.0e+03 *

   0.000893454893846
   0.000145745085833
   0.001440902589223
  -0.000007416594137
  -0.000047514470064
  -0.000010297910383
   0.000033792957027
   0.003981363979704
   0.000908075245210
   0.000735214327541
   0.119354654738308
   0.000387774559411
  -0.000406116011009
  -0.001287190984815
  -0.000775906350204
   0.002393120688382
   0.003314033757227
   0.000056918355594
  -0.000154790822260
  -0.000491451551551
  -0.000098427448076
   0.000616194071919
   0.000207052367686
   0.000001312047068
   0.000000189330865
   0.000000652375230
   0.000000000001062
   0.000000401049729
  -0.000000000000000
   0.000000543581404
   0.000001882882511
   0.000002939198261
  -0.000091311862295
   0.001887418222481
   0.000143042405759
   0.000423276951242
   1.114121981163079
   0.000000000835864
  -0.000000476634043
  -0.000001290255591
   0.000168694487816
   0.000001129900614
   0.000000115330663
  -0.050754109532902
   0.087596560025868
   0.000464288606040
   0.000001010452834
  -0.000000000000233
   0.000000761003242
   0.000336730241646


logL =

 -63.870681781564137


exitflag =

     0

-----
   1.0e+03 *

   0.000890993165159
   0.000144598756244
   0.001440470841034
  -0.000007214208694
  -0.000047643796583
  -0.000010218334304
   0.000034013272078
   0.004012544882434
   0.000908778904128
   0.000743982997258
   0.122664378547771
   0.000388343639837
  -0.000404567567408
  -0.001284722096658
  -0.000775428511976
   0.002398442628605
   0.003318841006517
   0.000056674841148
  -0.000154302308351
  -0.000491691006297
  -0.000098442980174
   0.000615147141085
   0.000204646442122
   0.000001315237855
   0.000000180021584
   0.000000651242438
   0.000000000002133
   0.000000400897380
  -0.000000000000000
   0.000000542945743
   0.000001881138161
   0.000002943971339
  -0.000091225319789
   0.001908531582194
   0.000143734764755
   0.000425663976678
   1.121490902367701
   0.000000000250054
  -0.000000525398408
  -0.000001244800932
   0.000168201882825
   0.000001132099561
   0.000000114622088
  -0.050955324972620
   0.088864963774465
   0.000461040030754
   0.000001009643971
  -0.000000000000387
   0.000000762389655
   0.000337797092112


logL =

 -63.871283661961300


exitflag =

     0

-----
   1.0e+03 *

   0.000893562887013
   0.000145075967670
   0.001437526603253
  -0.000007340052871
  -0.000047873129008
  -0.000010320400333
   0.000033575640759
   0.004013191713330
   0.000908348272146
   0.000738681094151
   0.122506856427752
   0.000390208627901
  -0.000404617486842
  -0.001282372562820
  -0.000775536123233
   0.002403697215738
   0.003290868286234
   0.000057196697059
  -0.000153522487862
  -0.000492661853551
  -0.000098697348422
   0.000613989500347
   0.000203055112871
   0.000001313648530
   0.000000184049565
   0.000000652174002
   0.000000000002438
   0.000000400655614
  -0.000000000000000
   0.000000543756327
   0.000001886282385
   0.000002939534109
  -0.000091370486752
   0.001943207144032
   0.000141058903881
   0.000433261707320
   1.126737752806423
   0.000000000316720
  -0.000000502136922
  -0.000001280216708
   0.000168905467324
   0.000001132004273
   0.000000114584129
  -0.050619456737922
   0.089585413218767
   0.000460043725547
   0.000001010416091
  -0.000000000000295
   0.000000758969728
   0.000337161573374


logL =

 -63.871760136492341


exitflag =

     0

-----
   1.0e+03 *

   0.000889045201319
   0.000147654670142
   0.001435809766556
  -0.000007091029195
  -0.000047929603828
  -0.000010313057743
   0.000033473899553
   0.003999429873967
   0.000908832735689
   0.000738313375528
   0.128692411674668
   0.000390723288737
  -0.000405054498575
  -0.001276136618485
  -0.000771949437821
   0.002413474533502
   0.003297929846816
   0.000057019445882
  -0.000154677887084
  -0.000488970835207
  -0.000098050875346
   0.000615243438347
   0.000199565323498
   0.000001313222049
   0.000000184967030
   0.000000651649737
   0.000000000004601
   0.000000400530913
   0.000000000000000
   0.000000545550734
   0.000001884202308
   0.000002941990945
  -0.000091905203346
   0.001914630546270
   0.000142059421301
   0.000426316618614
   1.134776753696264
  -0.000000000329630
  -0.000000591836915
  -0.000001224307752
   0.000168929184099
   0.000001126605580
   0.000000114092116
  -0.050702997728486
   0.090999231939097
   0.000451199070368
   0.000001011470674
  -0.000000000001587
   0.000000762651214
   0.000336926890834


logL =

 -63.872476792951176


exitflag =

     0

-----
