   0.809649523439350
   0.132954306755831
   1.482741274406229
  -0.007641807115001
  -0.039095013105009
  -0.009848460801131
   0.047455919378738
   3.274894553207599
   0.883576721849463
   0.704188682993411
   0.318995236094065
  -0.425559765952205
  -1.307209781221009
  -0.548063628507724
   1.744505962120294
   2.146762899905077
   0.032928554938068
  -0.151113867395056
  -0.354498287326608
  -0.058049284995996
   0.574422793274135
   0.001116876748036
   0.001322875957573
  -0.000225053411595
   0.000655209713427
   0.000000077491606
   0.000398597112159
   0.000000716066515
   0.000527865426876
   0.001889053055647
   0.002946050289337
   0.029831459853866
   0.469959706813949
   0.200849461234010
   0.064931513464908
  -0.000856916469473
   0.000906963974076
  -0.000123945914575
   0.008923430820081
   0.000897451923910
  -0.000000055058488
  -0.000681647367878
   0.010000000000000
   0.010000000000000
   0.010000000000000
   0.224732063214401
   0.004181738535574
  -0.365656089120233
  -0.197540189977150
   0.170295597741299
   0.985879131195290
   0.129774383320648
  -0.089947478765513


logL =

 -68.111743562210279

   0.803290084745959
   0.143977433775933
   1.512561963448082
  -0.009003868681077
  -0.040078145915247
  -0.010401020223543
   0.047942891534969
   3.506098248033716
   0.905708386428918
   0.714886290997185
   0.293162235367244
  -0.430621799765523
  -1.321568048005557
  -0.552135595713859
   1.742228408585204
   2.173074089126228
   0.035211754359015
  -0.152235806747365
  -0.350815786179976
  -0.062128626096884
   0.577473028417933
   0.000944586138651
   0.001333088658998
  -0.000214822329590
   0.000662835977426
   0.000000090130688
   0.000400320195715
   0.000001000897254
   0.000526360780825
   0.001946110591149
   0.003140457670725
   0.030154618505749
   0.913336607309528
   0.180479635469910
   0.063371993151336
  -0.001216920829900
   0.001359192464061
  -0.000087895055344
   0.009139780589788
   0.000897992171826
  -0.000000049466124
  -0.000645497487131
   0.004316523878057
   0.003441929561377
   0.002565316057715
   0.241374681338693
   0.003513972447688
  -0.333819010040177
  -0.193023500812075
   0.151443694462771
   1.083302035307997
   0.133012600791647
  -0.094319128856770


logL =

 -68.836094530328367


exitflag =

     0

-----
   0.797449673826486
   0.143368434297531
   1.504424629869686
  -0.009314558555466
  -0.038913796114540
  -0.010034502061759
   0.047718183552662
   3.507599502261665
   0.900977489538744
   0.727737255866190
   0.293278663640766
  -0.431924266288905
  -1.325634118613376
  -0.549864931589886
   1.730110726297296
   2.183967244856242
   0.035950502257929
  -0.153437966161172
  -0.352562300050962
  -0.062690231335331
   0.577670057094818
   0.001122464345049
   0.001328572764351
  -0.000220114236100
   0.000655297098851
   0.000000113048829
   0.000400625427911
   0.000001476351500
   0.000525375812198
   0.001899827435274
   0.002955230816853
   0.030238623031628
   0.937211811874173
   0.175353714100798
   0.060206891093741
  -0.001191404873345
   0.001213104636884
  -0.000074050826022
   0.009002132063672
   0.000900634006589
  -0.000000047742135
  -0.000680381433096
   0.004276566225438
   0.003366261004884
   0.002538168786042
   0.249789167326123
   0.004272927278177
  -0.134376114536609
  -0.215625408021490
   0.106302401102908
   0.981500054820957
   0.126907916768745
  -0.115296620594369


logL =

 -68.854832620509512


exitflag =

     0

-----
   0.791172405640451
   0.142287030137810
   1.492516643642575
  -0.008988646267446
  -0.039405604203398
  -0.010050942086584
   0.047620098535268
   3.468098120102772
   0.900406261531195
   0.714154309727908
   0.299467345335388
  -0.436448533868622
  -1.308121395670270
  -0.546344753446777
   1.737134931562706
   2.211074745201863
   0.036542348529432
  -0.154819007908487
  -0.356441259040869
  -0.062670266633352
   0.577554186662087
   0.002194941493104
   0.001329761645202
  -0.000220927955371
   0.000657129028137
   0.000000076934892
   0.000401241645114
  -0.000000001009358
   0.000525116220868
   0.001886719776786
   0.002940533695191
   0.030429181703330
   0.901831806991249
   0.180678303489460
   0.057674709812012
  -0.000872703145971
   0.000934269912442
  -0.000125888505036
   0.008998817477375
   0.000901241902312
  -0.000000051950256
  -0.000679602689712
   0.004283443758223
   0.003377433653765
   0.002525183739206
   0.252829659944392
   0.004363220142783
  -0.109601197477896
  -0.219803135654325
   0.111894657919483
   0.984334283295438
   0.127475938523500
  -0.117957123220003


logL =

 -68.856632013041420


exitflag =

     0

-----
   0.798125586089048
   0.141025677884466
   1.485999274673869
  -0.008657749263203
  -0.039937516097246
  -0.010003548808928
   0.047124768096732
   3.418393194811761
   0.888407560688390
   0.702541681920401
   0.290936267380667
  -0.438798013495473
  -1.284983301980216
  -0.549028735107635
   1.762286596468915
   2.180268463916486
   0.037246303131088
  -0.155307225428708
  -0.368582522752789
  -0.061318623009832
   0.573583532214904
  -0.002897762387197
   0.001324049051609
  -0.000228756198726
   0.000657113152631
   0.000000461783551
   0.000400495378710
  -0.000000001478884
   0.000525576705123
   0.001899696748044
   0.002965519981250
   0.030510573540776
   0.800173195925019
   0.186455314899068
   0.005768277346645
  -0.001117086430478
   0.000722793913206
  -0.000033182121744
   0.008996160109130
   0.000891143040514
   0.000000019746173
  -0.000675839607531
   0.004294647883385
   0.003365607296357
   0.002505691124240
   0.253003897584175
   0.004287109026027
  -0.007043129787207
  -0.216778290962815
   0.151543696869284
   1.002966825685403
   0.129889415374415
  -0.115403333469538


logL =

 -68.858124295759310


exitflag =

     0

-----
   0.796745335922776
   0.140857911024376
   1.484710517804851
  -0.008548084083731
  -0.039897656778202
  -0.010014528981357
   0.047373774089185
   3.415604910822617
   0.893693875838977
   0.702915609478935
   0.292406819214207
  -0.439294379681583
  -1.283515553520596
  -0.548485703715793
   1.760899589321626
   2.191024947112307
   0.037366867971825
  -0.155483045582768
  -0.367762163206231
  -0.061363278889030
   0.573646089214955
  -0.004308135385323
   0.001326898239262
  -0.000229425759113
   0.000655727667308
   0.000000094189079
   0.000400608492467
  -0.000000001282942
   0.000524955405106
   0.001895009148463
   0.002950220594548
   0.030623263904151
   0.778348975611381
   0.187425962952372
   0.004083929340710
  -0.000875935963041
   0.000712354549048
  -0.000046643487528
   0.009025622007147
   0.000893084197881
   0.000000027329113
  -0.000680565297486
   0.004269074067176
   0.003361532609926
   0.002517043077885
   0.255083346422960
   0.004331056612033
  -0.003466734354086
  -0.223700555082127
   0.147040937022379
   0.990232370060287
   0.129958760925982
  -0.118981048799703


logL =

 -68.858558281171497


exitflag =

     0

-----
