   1.0e+02 *

   0.008459606220533
   0.002045648319389
   0.011997856968469
  -0.000060227217031
  -0.000476789425405
  -0.000110430851163
   0.000520822494592
   0.043109187844502
   0.009361586303786
   0.008253205792906
   0.000009784526552
   0.006016154863036
  -0.004689115867804
  -0.018626264708207
  -0.006042492488893
   0.024343678435562
   0.026507625708859
   0.000417860010131
  -0.001453256098587
  -0.002637688640034
  -0.000640469109745
   0.006042993818845
   0.002061004476809
   0.000013672573575
   0.000002342356653
   0.000007249757528
  -0.000002495378781
   0.000005077638522
   0.000001300712054
   0.000008019571592
   0.000029601730405
   0.000035949080009
  -0.000956895039501
  -0.000255320497817
   0.000947153760861
  -0.002488155954609
   7.322090775634528
  -0.000009704918629
  -0.000000383064180
  -0.000002155370657
   0.005675187525369
   0.000039317724422
   0.000001522098263
  -0.692150022725081
   0.920278775254951
   0.003216028406432
  -0.000000657006503
   0.000007087030348
   0.000015286679923
   0.001005244798738
   0.000064720199830


logL =

 -63.851757108368346

   1.0e+02 *

   0.008459606220533
   0.002045648319389
   0.011997856968469
  -0.000060227217031
  -0.000476789425405
  -0.000110430851163
   0.000520822494592
   0.043109187844502
   0.009361586303786
   0.008253205792906
   0.000009784526552
   0.006016154863036
  -0.004689115867804
  -0.018626264708207
  -0.006042492488893
   0.024343678435562
   0.026507625708859
   0.000417860010131
  -0.001453256098587
  -0.002637688640034
  -0.000640469109745
   0.006042993818845
   0.002061004476809
   0.000013672573575
   0.000002342356653
   0.000007249757528
  -0.000002495378781
   0.000005077638522
   0.000001300712054
   0.000008019571592
   0.000029601730405
   0.000035949080009
  -0.000956895039501
  -0.000255320497817
   0.000947153760861
  -0.002488155954609
   7.322090775634528
  -0.000009704918629
  -0.000000383064180
  -0.000002155370657
   0.005675187525369
   0.000039317724422
   0.000001522098263
  -0.692150022725081
   0.920278775254951
   0.003216028406432
  -0.000000657006503
   0.000007087030348
   0.000015286679923
   0.001005244798738
   0.000064720199830


logL =

 -62.881628184747264

   1.0e+02 *

   0.008429135376003
   0.002019404630028
   0.012305814369632
  -0.000082508006039
  -0.000477630380933
  -0.000119021690805
   0.000504400126610
   0.042962815918068
   0.010079391999025
   0.007682966049297
   0.000010413427584
   0.005724717428943
  -0.005317772316481
  -0.023341786444021
  -0.006209036034019
   0.024636169589705
   0.025209400719081
   0.000383786950187
  -0.001561248662318
  -0.002897429991522
  -0.000658275081115
   0.006104510196772
   0.001662864109178
   0.000013314480268
   0.000001274416445
   0.000006729252420
  -0.000001237553979
   0.000004213876964
   0.000001063302970
   0.000005154564423
   0.000021776340728
   0.000027450700546
  -0.000930886773957
  -0.000359448091419
   0.000935481709284
  -0.002408330904915
   7.338952396072516
  -0.000013013655854
  -0.000000436268534
  -0.000003413562550
   0.005547553960634
   0.000036344409898
   0.000001508853585
  -0.681628559609543
   0.900311974896737
   0.003181649002531
  -0.000000944646507
   0.000007956300126
   0.000014350658687
   0.000160718257364
   0.000077240629655


logL =

 -63.352553433404282


exitflag =

     0

-----
   1.0e+02 *

   0.008363178856934
   0.002017233084635
   0.012286350432896
  -0.000075027633263
  -0.000507663678353
  -0.000112808331472
   0.000532673858513
   0.044923060520857
   0.010155994937174
   0.007852827463296
   0.000027786416903
   0.005624222816253
  -0.005462031717787
  -0.023354962631949
  -0.006186121656839
   0.024805095712998
   0.024261808372328
   0.000379035518794
  -0.001395417316723
  -0.002881721190369
  -0.000680825077901
   0.005978067993972
   0.001777533886205
   0.000012829921251
   0.000001358989654
   0.000006602989828
   0.000000413382521
   0.000003883264959
  -0.000000369271670
   0.000005526820464
   0.000020416527563
   0.000027224661611
  -0.000920637374621
  -0.000732315850705
   0.000904590574337
  -0.002384283563383
   7.245569800128044
  -0.000010619703994
  -0.000000699094435
  -0.000004771632114
   0.005111025497065
   0.000029810935404
   0.000001526187974
  -0.703631094876474
   0.875242070080838
   0.003047261009070
  -0.000000769969039
   0.000007909898495
   0.000014065106971
   0.000123744326222
   0.000108568090871


logL =

 -63.471280286407783


exitflag =

     0

-----
   1.0e+02 *

   0.008330906131284
   0.002037537237616
   0.012452621324162
  -0.000066035884087
  -0.000456687374614
  -0.000117118565507
   0.000515838170287
   0.034746599646249
   0.009448975089865
   0.006545867682010
  -0.000033468680232
   0.005158521370337
  -0.005544828461719
  -0.021814791037586
  -0.006077357215816
   0.024895055062096
   0.023449799906500
   0.000370957949452
  -0.001588321565053
  -0.002832380013040
  -0.000729978040748
   0.006244140849303
   0.001723580119895
   0.000012820909073
   0.000002689080400
   0.000006410067969
   0.000000275246797
   0.000004000775334
   0.000000733709739
   0.000005314565818
   0.000019799990314
   0.000031676428405
  -0.000954854954414
  -0.001044012404913
   0.000885389228670
  -0.002240948646076
   7.213946355279391
  -0.000010435244256
  -0.000001804954959
  -0.000007262701808
   0.004546272187159
   0.000026266761905
   0.000001538355396
  -0.728475985623057
   0.877428323903656
   0.003082231561363
  -0.000003186481844
   0.000006902560373
   0.000014146710248
   0.000126214239602
   0.000083188725117


logL =

 -63.554846650937662


exitflag =

     0

-----
   1.0e+02 *

   0.008298688337916
   0.002145432244219
   0.012616743100403
  -0.000070995392624
  -0.000457312264954
  -0.000111664827476
   0.000501214969849
   0.039039197004117
   0.010000541196014
   0.007500292633362
   0.000035398335178
   0.005042628514923
  -0.005475810022311
  -0.021436133352847
  -0.006164043025697
   0.023828908110407
   0.023473335983210
   0.000390485584701
  -0.001575078513746
  -0.002843583581871
  -0.000735008389391
   0.006267814858654
   0.001871110793470
   0.000013076205666
   0.000001662087437
   0.000006569127899
   0.000000261243549
   0.000004035718526
   0.000000212642369
   0.000005461358988
   0.000019844359494
   0.000029629135565
  -0.000966462100071
  -0.001358655324318
   0.000858260767599
  -0.002206941010627
   7.344154144614599
  -0.000010533422229
  -0.000003285499436
  -0.000007865116532
   0.004286019649298
   0.000025094941046
   0.000001529794369
  -0.731027221751780
   0.901193689054024
   0.003093153761735
  -0.000010316111838
  -0.000000558127547
   0.000009270150883
   0.000107686694556
   0.000077714067448


logL =

 -63.743305795171956


exitflag =

     0

-----
   1.0e+02 *

   0.008442555035656
   0.002113379781352
   0.012612008714456
  -0.000075928851817
  -0.000439620442531
  -0.000113395053517
   0.000494608508603
   0.034609189295461
   0.009724208126929
   0.006655981102793
   0.000098130626331
   0.004825834027150
  -0.005480839886380
  -0.021163847929388
  -0.006171905073906
   0.023756537015731
   0.022757680462531
   0.000387789551662
  -0.001530563446128
  -0.002766521118977
  -0.000755321304318
   0.006303024321585
   0.001938722474061
   0.000013340700280
   0.000002558321868
   0.000006446412037
  -0.000000065270307
   0.000003969045796
   0.000000040787806
   0.000005501589748
   0.000021416285327
   0.000028922167511
  -0.000967214915060
  -0.001540160918009
   0.000865587443599
  -0.002207779278694
   7.324872281553440
  -0.000009592774712
  -0.000007324063066
  -0.000008088524894
   0.003037373767859
   0.000021211473133
   0.000001500366056
  -0.723453714731314
   0.908042287941498
   0.003337633617604
  -0.000009523233719
  -0.000000203114047
   0.000008558930662
   0.000122862430491
   0.000065852081037


logL =

 -63.819342505859638


exitflag =

     0

-----
   1.0e+02 *

   0.008387873184526
   0.002060873307739
   0.012792248346696
  -0.000069447477784
  -0.000435632031488
  -0.000108714625432
   0.000527762235939
   0.037761595783868
   0.010000899974789
   0.007718291664579
   0.000082785901883
   0.004801638279842
  -0.005464053361095
  -0.020666535913770
  -0.006211430093408
   0.023383759907788
   0.022827059367840
   0.000390125800204
  -0.001530774647538
  -0.002821887860634
  -0.000786009349609
   0.006479505577017
   0.002059119498948
   0.000013129766290
   0.000001432790627
   0.000006502240963
  -0.000000043649459
   0.000004072562154
   0.000000111162715
   0.000005665170221
   0.000020065823783
   0.000031196781171
  -0.000945003624106
  -0.001798692591600
   0.000844434415203
  -0.002075571689921
   7.442092131268393
  -0.000010214088286
  -0.000011189197198
  -0.000008569294033
   0.003140271772819
   0.000018897199080
   0.000001530364905
  -0.736353420742817
   0.898791251362330
   0.003577894385848
  -0.000010072728562
   0.000000136230646
   0.000008887213047
   0.000095013898448
   0.000059208384225


logL =

 -63.862481026077710


exitflag =

     0

-----
   1.0e+02 *

   0.008464848524801
   0.001937805054894
   0.012907573143203
  -0.000062198245863
  -0.000421565432909
  -0.000107030768154
   0.000501435673518
   0.031928707004871
   0.009506390373161
   0.006663967913255
   0.000257167663276
   0.004857624129041
  -0.005274355872582
  -0.020430950900003
  -0.006353282932956
   0.023060744737040
   0.023051719018958
   0.000363246089506
  -0.001437513018986
  -0.002742407730978
  -0.000810919255566
   0.006344379944524
   0.002109224359073
   0.000013025778069
   0.000002234769881
   0.000006526447239
  -0.000000072281915
   0.000003986797574
  -0.000000008733005
   0.000005496966941
   0.000019171053052
   0.000031723348212
  -0.000926754974602
  -0.001963386463562
   0.000821425442928
  -0.002029365051393
   7.471621700145622
  -0.000010417055279
  -0.000012864571098
  -0.000008951284759
   0.002802792511885
   0.000018325124541
   0.000001510204150
  -0.733535440428695
   0.931071790359194
   0.003690231833489
  -0.000010100599159
  -0.000000007236966
   0.000008879935701
   0.000108406826677
   0.000048670010766


logL =

 -63.893704185352156


exitflag =

     0

-----
   1.0e+02 *

   0.008447144768283
   0.001885008675706
   0.013212214647961
  -0.000057396659835
  -0.000435412015902
  -0.000104893965424
   0.000529273731411
   0.035039855098948
   0.009401477253645
   0.007524473262913
   0.000093325681421
   0.005087784720712
  -0.005423798104349
  -0.019863840037728
  -0.006256570741963
   0.023089526082651
   0.023066314518433
   0.000345364056801
  -0.001560924150056
  -0.002749572645511
  -0.000850591376566
   0.006601703323054
   0.002177738240629
   0.000013239323690
   0.000001247955072
   0.000006571769173
   0.000000074633829
   0.000004148643458
  -0.000000036324295
   0.000005417615704
   0.000019318458447
   0.000029107790575
  -0.000930968241170
  -0.002086281877295
   0.000825835322498
  -0.001912745650504
   7.540136450223895
  -0.000010103590419
  -0.000016058130978
  -0.000009399973760
   0.002815003227497
   0.000017168941286
   0.000001529670718
  -0.730410223359772
   0.921159804085854
   0.003756547205048
  -0.000010219152681
  -0.000000002912818
   0.000008721946901
   0.000085472728586
   0.000040648051158


logL =

 -63.920656243404409


exitflag =

     0

-----
   1.0e+02 *

   0.008639570110147
   0.001824486144445
   0.013321365547238
  -0.000056444761442
  -0.000434403093466
  -0.000098974989056
   0.000477671955306
   0.032802465647547
   0.009214718481017
   0.006957422856716
   0.000146739894880
   0.005516058179849
  -0.005606568639959
  -0.018675250771044
  -0.006234636180771
   0.022181091668784
   0.023113202708574
   0.000306021580411
  -0.001689940352963
  -0.002668456963410
  -0.000851883272495
   0.006641221723113
   0.002303419260597
   0.000013041225023
   0.000001815693545
   0.000006487453096
  -0.000000165271847
   0.000004090611701
  -0.000000002110703
   0.000005585753763
   0.000021427654716
   0.000029991844411
  -0.000913894718745
  -0.002520139672294
   0.000798772303154
  -0.001829886359468
   7.619180096755456
  -0.000010810710954
  -0.000017322959656
  -0.000011096235767
   0.002687279641507
   0.000017995094771
   0.000001496699609
  -0.765282349547234
   0.948206881572953
   0.004200786352769
  -0.000010393986686
  -0.000000010782199
   0.000009034318251
   0.000078444596579
   0.000030247101483


logL =

 -63.958439108422951


exitflag =

     0

-----
   1.0e+02 *

   0.008600649189568
   0.001837140475747
   0.013564123768069
  -0.000053527737743
  -0.000419024468732
  -0.000098731495414
   0.000535212074357
   0.034489341652093
   0.009390571930574
   0.007893716893708
  -0.000013623938516
   0.005620873097682
  -0.005141306125757
  -0.020062611481534
  -0.006252017351182
   0.021716225062155
   0.022895268962333
   0.000270642541379
  -0.001741701631568
  -0.002572474257409
  -0.000899219947531
   0.006558329958953
   0.002433048938752
   0.000013245180225
   0.000000007157204
   0.000006486658714
  -0.000000175964466
   0.000003984176504
  -0.000000005091658
   0.000005446493766
   0.000018926664225
   0.000030265616047
  -0.000931792116886
  -0.003248228093334
   0.000792058447385
  -0.001743135899272
   7.954893838986716
  -0.000013793312378
  -0.000021549818383
  -0.000011558953520
   0.002931226569342
   0.000017820265372
   0.000001466945292
  -0.766307481788681
   0.945347930270254
   0.004256193647220
  -0.000010545175247
  -0.000000018412395
   0.000009307441664
   0.000056740089814
   0.000020372799817


logL =

 -64.008280571155254


exitflag =

     0

-----
   1.0e+02 *

   0.008693363694250
   0.001777388832830
   0.013546527747270
  -0.000057346193171
  -0.000416237540646
  -0.000098623823095
   0.000484059348390
   0.033013048844099
   0.009197327334286
   0.007387808808979
   0.000004580569969
   0.005571208402548
  -0.005291574547140
  -0.019033840223205
  -0.006299790263815
   0.021436526798659
   0.022652535916611
   0.000253510914637
  -0.001785510072067
  -0.002585806384261
  -0.000896402577388
   0.006644655342293
   0.002406219293142
   0.000013137506029
   0.000000011099592
   0.000006464882104
  -0.000000159911684
   0.000004095480615
  -0.000000007435725
   0.000005389882283
   0.000020167834629
   0.000029565864797
  -0.000929289432156
  -0.003404173440816
   0.000778919477344
  -0.001710642544586
   8.040678282691845
  -0.000014293253411
  -0.000022138450296
  -0.000011720503155
   0.002633623860313
   0.000016730175556
   0.000001466530889
  -0.756642424070013
   0.934747561288887
   0.004484873030186
  -0.000010627601927
  -0.000000015594925
   0.000009470694131
   0.000049756247964
   0.000019241384672


logL =

 -64.037412599664549


exitflag =

     0

-----
   1.0e+02 *

   0.008705372389389
   0.001723567389612
   0.013755885678652
  -0.000055390970760
  -0.000416664823236
  -0.000100253135741
   0.000494382861664
   0.035537829564232
   0.009185721898730
   0.008013746538061
  -0.000005258351740
   0.005494733426728
  -0.005666335013556
  -0.019347105308714
  -0.006204569861114
   0.021373780721689
   0.022827273081532
   0.000252323360669
  -0.001797014041074
  -0.002627350603200
  -0.000925603248294
   0.006755382699911
   0.002545853989676
   0.000013236996340
  -0.000000000923271
   0.000006699606532
   0.000000141793381
   0.000004111979854
  -0.000000013798936
   0.000005481318913
   0.000019954775355
   0.000030683342832
  -0.000961907618942
  -0.003474700706636
   0.000760860628722
  -0.001544135148727
   8.056602447224810
  -0.000014184523205
  -0.000023245016022
  -0.000011838926981
   0.002831897949996
   0.000016976721953
   0.000001468824552
  -0.821662976359162
   0.933468389093057
   0.004645962930376
  -0.000010480183935
  -0.000000010375759
   0.000009275043747
   0.000044655227232
   0.000016869762988


logL =

 -64.060498338638325


exitflag =

     0

-----
   1.0e+02 *

   0.008624814638586
   0.001689077275550
   0.013721437869285
  -0.000055395902656
  -0.000408020330181
  -0.000097854687364
   0.000497828842461
   0.032862350218792
   0.008947895656164
   0.007539685203827
  -0.000006529144902
   0.005424532803611
  -0.005546478262535
  -0.019071842282552
  -0.006268391602991
   0.021277929617315
   0.022961365856702
   0.000246365118389
  -0.001794696321210
  -0.002669346347206
  -0.000928955554348
   0.006781167038391
   0.002491903701266
   0.000013347506289
  -0.000000001784264
   0.000006572168101
   0.000000077377753
   0.000004054656427
   0.000000004327971
   0.000005446064056
   0.000019427474325
   0.000030465409454
  -0.000963395607605
  -0.003578062069106
   0.000763435824126
  -0.001510903970055
   8.050273646817745
  -0.000013615917996
  -0.000023720887085
  -0.000012010597298
   0.002764065071079
   0.000016717524944
   0.000001468591366
  -0.823491827720957
   0.914732946191222
   0.004744318968063
  -0.000010677271093
  -0.000000013969730
   0.000009645634623
   0.000041754134401
   0.000016667596983


logL =

 -64.075797186902832


exitflag =

     0

-----
   1.0e+02 *

   0.008675656302376
   0.001530617832628
   0.013987188108387
  -0.000056698181410
  -0.000411161144566
  -0.000092695458486
   0.000508047976727
   0.035266486375710
   0.008996131213651
   0.008009188798208
   0.000000864601302
   0.005221281863030
  -0.005525862436152
  -0.018413529952009
  -0.006208516937958
   0.021284310546323
   0.023464977498746
   0.000240030126005
  -0.001772044238765
  -0.002824930292237
  -0.000946338663718
   0.006797403669758
   0.002531692559638
   0.000013330686554
  -0.000000004843925
   0.000006450999701
  -0.000000064732394
   0.000004093288544
   0.000000014621271
   0.000005328943131
   0.000019253382614
   0.000028600777714
  -0.000964333327234
  -0.003632443024809
   0.000766575393345
  -0.001449209310905
   8.147129212058626
  -0.000014464586918
  -0.000024069914499
  -0.000012600526558
   0.002700498179355
   0.000016303116054
   0.000001473221371
  -0.818877345186628
   0.915587234379698
   0.004857341242275
  -0.000010872961068
   0.000000010914772
   0.000009205383124
   0.000039852400859
   0.000015251948362


logL =

 -64.087388989484865


exitflag =

     0

-----
   1.0e+02 *

   0.008692744830842
   0.001518893814869
   0.013775676714069
  -0.000054857211583
  -0.000406999003568
  -0.000091267709857
   0.000508929169200
   0.033292626526270
   0.008740448545769
   0.007717404767686
   0.000000852929079
   0.005251401969369
  -0.005470567168516
  -0.018160701738103
  -0.006246370095043
   0.021313893191961
   0.023046093055964
   0.000238595854225
  -0.001766584502485
  -0.002825279851214
  -0.000935849700132
   0.006794230022020
   0.002511113978005
   0.000013146312898
  -0.000000003115815
   0.000006515697493
  -0.000000057084319
   0.000004072346023
   0.000000028677934
   0.000005451604831
   0.000019282772871
   0.000029420438401
  -0.000976595153487
  -0.003683556747610
   0.000765595509490
  -0.001443224591662
   8.206226367422067
  -0.000013725427819
  -0.000024348480666
  -0.000012674441392
   0.002684060208673
   0.000016152350152
   0.000001479995107
  -0.820250256323166
   0.913630690934886
   0.004912810958032
  -0.000010910531914
   0.000000010524279
   0.000009406726717
   0.000040335089684
   0.000015211546654


logL =

 -64.095225026263634


exitflag =

     0

-----
   1.0e+02 *

   0.008679480885376
   0.001475242237050
   0.013860674071686
  -0.000052577449451
  -0.000408519297515
  -0.000088006903467
   0.000510731029604
   0.033949271792001
   0.008732647797848
   0.007891384657969
   0.000002328644760
   0.005127550553618
  -0.005562045482466
  -0.017559017426979
  -0.006181296276681
   0.021246478122670
   0.023209276678924
   0.000237621224577
  -0.001765778751544
  -0.002850558962769
  -0.000938489155838
   0.006826264465033
   0.002533360030680
   0.000013266782760
  -0.000000001814577
   0.000006573714652
   0.000000010419455
   0.000004109302042
   0.000000073810761
   0.000005434394345
   0.000018807799793
   0.000029148427939
  -0.000988724663113
  -0.003701859359558
   0.000767773929418
  -0.001423953933310
   8.291149090927485
  -0.000012833917818
  -0.000024546737271
  -0.000012748693971
   0.002718286459980
   0.000016206374809
   0.000001480618731
  -0.813679178040653
   0.898953787523073
   0.004964662635454
  -0.000011012600100
  -0.000000030173884
   0.000009510443058
   0.000040439397535
   0.000015483404724


logL =

 -64.100038863928589


exitflag =

     0

-----
   1.0e+02 *

   0.008648361453332
   0.001453615946514
   0.013978240702125
  -0.000052940693994
  -0.000405613646601
  -0.000086511618714
   0.000496305134808
   0.033043645931911
   0.008551638112692
   0.007759074903415
   0.000002578794320
   0.004657256854984
  -0.005570672965825
  -0.016829675145112
  -0.006184073968332
   0.021167483831749
   0.022968957253076
   0.000232059822452
  -0.001750824002501
  -0.002880640905032
  -0.000946722547297
   0.006860738276982
   0.002545066829993
   0.000013185446867
  -0.000000000118857
   0.000006490948349
   0.000000029237257
   0.000004068878608
   0.000000013287347
   0.000005493234872
   0.000019034804341
   0.000030070714369
  -0.000996473563958
  -0.003752258624988
   0.000765411759910
  -0.001386686711670
   8.400044293678562
  -0.000012136629984
  -0.000025457000905
  -0.000012754443493
   0.002738093882352
   0.000016298930045
   0.000001481718997
  -0.812060180965887
   0.903360293803890
   0.005036093734033
  -0.000010900650149
  -0.000000007914465
   0.000009259554929
   0.000039597079907
   0.000014967594631


logL =

 -64.106324941263793


exitflag =

     0

-----
   1.0e+02 *

   0.008612076233901
   0.001424355427501
   0.013880195621025
  -0.000051393526088
  -0.000405291568298
  -0.000085388953235
   0.000509375191550
   0.033798482196238
   0.008586272288900
   0.007961371407281
   0.000002098434071
   0.004500412354501
  -0.005606766504207
  -0.016355577291060
  -0.006165228798543
   0.021235506380116
   0.023101824640767
   0.000231049660399
  -0.001745516098548
  -0.002880449577487
  -0.000951158285967
   0.006868545080205
   0.002528218345412
   0.000013232453498
   0.000000000033665
   0.000006529592242
   0.000000007027352
   0.000004073125919
   0.000000004935366
   0.000005462490229
   0.000018853288326
   0.000029916210992
  -0.000999410998213
  -0.003735265856907
   0.000767809214253
  -0.001377897493021
   8.444152119715273
  -0.000011801827205
  -0.000025650438289
  -0.000012672406861
   0.002644116369285
   0.000016503686989
   0.000001473941808
  -0.814044090773828
   0.903194604488880
   0.005111074328563
  -0.000010974697942
  -0.000000017491154
   0.000009344237344
   0.000039314543194
   0.000015030493714


logL =

 -64.110134358774417


exitflag =

     0

-----
   1.0e+02 *

   0.008597148909525
   0.001340778430805
   0.013844249765232
  -0.000051163461307
  -0.000407891670097
  -0.000084108207211
   0.000505814724188
   0.033385405121097
   0.008477424808394
   0.007831534691377
  -0.000003755124534
   0.004540463135411
  -0.005686414000583
  -0.016090236381940
  -0.006124153478334
   0.021216437626013
   0.022909354928773
   0.000228514441931
  -0.001719228580186
  -0.002924954712267
  -0.000952922132279
   0.006902814453791
   0.002507356346204
   0.000013271084538
   0.000000000040704
   0.000006578782450
  -0.000000003867070
   0.000004076153992
   0.000000024659223
   0.000005438216849
   0.000018904916129
   0.000029854873985
  -0.001004471380096
  -0.003727492423965
   0.000769586172118
  -0.001362170298119
   8.498327234665689
  -0.000011347152671
  -0.000026639769798
  -0.000012749776988
   0.002596195305124
   0.000015345930184
   0.000001488349785
  -0.826004746812920
   0.898097783060396
   0.005229782357295
  -0.000011034145369
  -0.000000018216354
   0.000009381150534
   0.000038611999796
   0.000014898225655


logL =

 -64.114926770198551


exitflag =

     0

-----
   1.0e+02 *

   0.008614118132087
   0.001325522764487
   0.013920117455790
  -0.000051043959183
  -0.000407463167303
  -0.000080920169609
   0.000511321278714
   0.034012903999120
   0.008459829046205
   0.007996403392904
  -0.000012790127506
   0.004342107905304
  -0.005687519991616
  -0.016052303262850
  -0.006103142836065
   0.021356993053023
   0.022861633195351
   0.000232286037831
  -0.001693605073685
  -0.002949177545630
  -0.000947955571990
   0.006894599679243
   0.002503482635475
   0.000013258459132
  -0.000000000079498
   0.000006532402324
  -0.000000015495528
   0.000004075563562
   0.000000006420313
   0.000005442216853
   0.000018866537641
   0.000029882176022
  -0.001009825688436
  -0.003679712827179
   0.000771532338827
  -0.001358367291294
   8.570668200422237
  -0.000011073415320
  -0.000027321184875
  -0.000012774366246
   0.002635958520615
   0.000016053429538
   0.000001488719661
  -0.832584643629836
   0.891828839051870
   0.005419401110524
  -0.000011030971836
   0.000000001996600
   0.000009225528414
   0.000039209593515
   0.000014775610352


logL =

 -64.118717655856130


exitflag =

     0

-----
   1.0e+02 *

   0.008620169719906
   0.001313092687904
   0.013875808852954
  -0.000050120623023
  -0.000408341561126
  -0.000082047820325
   0.000508318548505
   0.033111864529859
   0.008516827641732
   0.007782183950657
  -0.000022803090843
   0.004253638987134
  -0.005698721647429
  -0.015679449705354
  -0.006104852766603
   0.021372292410760
   0.022838028769955
   0.000233285063134
  -0.001692110141325
  -0.002958820876996
  -0.000944479558368
   0.006902919307129
   0.002480160505214
   0.000013215696975
  -0.000000000109211
   0.000006521211276
   0.000000002017614
   0.000004082575394
   0.000000009494670
   0.000005464948105
   0.000018915863307
   0.000029839666256
  -0.001009940525621
  -0.003674985149048
   0.000772237297868
  -0.001353544236548
   8.594564566027156
  -0.000010864341758
  -0.000027404175591
  -0.000012745995029
   0.002601821585154
   0.000015785637720
   0.000001491783359
  -0.829472948027430
   0.891633625128746
   0.005444426860629
  -0.000010993161762
   0.000000001555052
   0.000009295488002
   0.000039235293740
   0.000015026270504


logL =

 -64.120549356624650


exitflag =

     0

-----
   1.0e+02 *

   0.008657009465093
   0.001282758673565
   0.013882704585389
  -0.000049459955254
  -0.000408255197279
  -0.000081413204676
   0.000512148875780
   0.034080055732449
   0.008499490051544
   0.008018241808815
  -0.000017586305573
   0.004229676298514
  -0.005708893796778
  -0.015526145814139
  -0.006084921346868
   0.021403326762224
   0.022800388233389
   0.000236181722040
  -0.001681957893691
  -0.002992355215168
  -0.000935141771356
   0.006915653449126
   0.002440945644376
   0.000013117594469
  -0.000000000234127
   0.000006508843500
   0.000000002177999
   0.000004080589588
   0.000000009691986
   0.000005497777155
   0.000018962831858
   0.000029872092012
  -0.001013412713819
  -0.003644735343684
   0.000773211136002
  -0.001343674432378
   8.628948892999233
  -0.000010255300276
  -0.000027655512055
  -0.000012757632568
   0.002560230217799
   0.000015585326538
   0.000001489050094
  -0.838008223738830
   0.881129387299472
   0.005545330906401
  -0.000011008483093
   0.000000004119442
   0.000009242639433
   0.000039725666863
   0.000015205665724


logL =

 -64.122411887732966


exitflag =

     0

-----
   1.0e+02 *

   0.008628042441596
   0.001263545438870
   0.013852824499842
  -0.000049202133269
  -0.000406230962070
  -0.000080693438940
   0.000511067941307
   0.033151913154347
   0.008412158513078
   0.007851725824535
   0.000001378361935
   0.004223319870058
  -0.005690101602188
  -0.015500043757855
  -0.006109859984625
   0.021508635965105
   0.022739452883617
   0.000235086940809
  -0.001677499267307
  -0.003003429716891
  -0.000937314882646
   0.006945875569597
   0.002425552391437
   0.000013253091116
  -0.000000000383540
   0.000006531624691
   0.000000002706531
   0.000004073785350
  -0.000000001010745
   0.000005451092900
   0.000018744188857
   0.000029794773385
  -0.001013746507177
  -0.003652659421729
   0.000774092497510
  -0.001340541630373
   8.681522594003312
  -0.000009064070538
  -0.000027720337089
  -0.000012716341657
   0.002559422377869
   0.000015637005126
   0.000001488440139
  -0.840362090713430
   0.885198669415986
   0.005602875560821
  -0.000011075266000
   0.000000007247900
   0.000009284635460
   0.000039936218378
   0.000014961887314


logL =

 -64.124412397136638


exitflag =

     0

-----
   1.0e+02 *

   0.008711567529776
   0.001232026286379
   0.013903556054666
  -0.000048244010907
  -0.000413019192021
  -0.000080770909627
   0.000509152037182
   0.033711973769223
   0.008343338625629
   0.007889829587706
   0.000002478894759
   0.004192464875902
  -0.005740535780698
  -0.015139386889210
  -0.006095040219919
   0.021615262110458
   0.022355466215236
   0.000235947218494
  -0.001666190780162
  -0.003019079258584
  -0.000941500156162
   0.006942272303096
   0.002341398303657
   0.000013219439410
   0.000000000028264
   0.000006531229561
   0.000000001807829
   0.000004066828180
  -0.000000000342685
   0.000005440622193
   0.000018764418732
   0.000029812522419
  -0.001015170693618
  -0.003634010449755
   0.000776457965402
  -0.001329067668385
   8.749822911845277
  -0.000007380784281
  -0.000027897501463
  -0.000012691890153
   0.002544201005034
   0.000015413426336
   0.000001486887225
  -0.844309875962857
   0.893108272397765
   0.005632447973082
  -0.000010939884818
   0.000000015674177
   0.000009190373356
   0.000039645631174
   0.000015089768218


logL =

 -64.126595807254418


exitflag =

     0

-----
   1.0e+02 *

   0.008684527620665
   0.001229502571533
   0.013861295673722
  -0.000047564744393
  -0.000411983230690
  -0.000079475692882
   0.000513455868351
   0.033200612825145
   0.008301756920533
   0.007833719902371
   0.000002033456373
   0.004082957061269
  -0.005716464676686
  -0.015159171675023
  -0.006117123052537
   0.021794189126185
   0.022221533374126
   0.000236328522190
  -0.001654317168305
  -0.003017555078042
  -0.000947249028394
   0.006940826592475
   0.002355828929531
   0.000013189093881
   0.000000000028841
   0.000006516861854
   0.000000001764312
   0.000004059855848
  -0.000000000332406
   0.000005485881506
   0.000019247899492
   0.000029979355740
  -0.001013727243689
  -0.003639366482900
   0.000777856538990
  -0.001320044072338
   8.806791744868317
  -0.000006578684799
  -0.000028134344142
  -0.000012727205322
   0.002521308459359
   0.000015459002997
   0.000001480590864
  -0.836936229446133
   0.890393180228938
   0.005654947663900
  -0.000010971380960
   0.000000017337752
   0.000009230217173
   0.000040225879986
   0.000014782131168


logL =

 -64.128387857213866


exitflag =

     0

-----
   1.0e+02 *

   0.008744099520570
   0.001199091501232
   0.013757256050664
  -0.000046318004919
  -0.000411787305464
  -0.000080454773110
   0.000505857824472
   0.033478056333667
   0.008307636737761
   0.007913687808620
   0.000000790450789
   0.004020916257959
  -0.005717434950142
  -0.014808086218870
  -0.006091627930626
   0.021928510783738
   0.021917845854544
   0.000235835017674
  -0.001637258735458
  -0.003017847597798
  -0.000930154931881
   0.006986431189254
   0.002378821732610
   0.000013142040325
   0.000000000030124
   0.000006523484849
   0.000000002094124
   0.000004077670559
  -0.000000000294241
   0.000005488015890
   0.000019057380455
   0.000029923217715
  -0.001017342297671
  -0.003605834175763
   0.000777135212595
  -0.001307861718023
   8.847487872953064
  -0.000005339095979
  -0.000028687246209
  -0.000012735769728
   0.002468517568902
   0.000015011076636
   0.000001481084317
  -0.841023756660145
   0.889495436960196
   0.005689355526254
  -0.000010877629247
   0.000000027332068
   0.000009209666353
   0.000039689666006
   0.000014908582672


logL =

 -64.130291604722728


exitflag =

     0

-----
   1.0e+02 *

   0.008706118156800
   0.001197936263898
   0.013765258403097
  -0.000045850603942
  -0.000409930726406
  -0.000078718353365
   0.000511839397310
   0.033047154015070
   0.008307476540450
   0.007858577330930
   0.000000977243237
   0.003989678436561
  -0.005698568079992
  -0.014816737438304
  -0.006090288365508
   0.021980214479914
   0.021959360526645
   0.000236314426332
  -0.001633622638832
  -0.003012601389437
  -0.000934553753030
   0.006984015398572
   0.002363512734586
   0.000013173293755
   0.000000000038315
   0.000006534808589
  -0.000000000081528
   0.000004066990664
  -0.000000000420632
   0.000005462537306
   0.000018921389690
   0.000029920815844
  -0.001019144137268
  -0.003586170291496
   0.000777921506807
  -0.001309370966154
   8.890858117772195
  -0.000005210140392
  -0.000028685220196
  -0.000012699147506
   0.002514995998423
   0.000015386996601
   0.000001480491076
  -0.840727181646940
   0.890140088981219
   0.005738492352478
  -0.000010902404177
   0.000000000138874
   0.000009197979367
   0.000040397352004
   0.000014897987961


logL =

 -64.131537881357076


exitflag =

     0

-----
   1.0e+02 *

   0.008704319032919
   0.001188151121034
   0.013804464606570
  -0.000044964089723
  -0.000412244994983
  -0.000078265881187
   0.000508238520175
   0.033278972240546
   0.008285538466903
   0.007894401947541
  -0.000000754446197
   0.004029014998846
  -0.005716759962333
  -0.014711458405289
  -0.006078774391388
   0.021973238154760
   0.022016100872170
   0.000235764629715
  -0.001627494600458
  -0.003018024770971
  -0.000935052185847
   0.006992739421449
   0.002365000577745
   0.000013192826352
   0.000000000105612
   0.000006537932254
   0.000000000100775
   0.000004072234851
  -0.000000001104946
   0.000005469612445
   0.000018915073624
   0.000029973129973
  -0.001018786676240
  -0.003574311828568
   0.000778017431522
  -0.001302967565113
   8.950197377987228
  -0.000004695603216
  -0.000028828652349
  -0.000012673908751
   0.002422667731297
   0.000014771337867
   0.000001477241693
  -0.839696809353152
   0.886597878200274
   0.005781059836601
  -0.000010889559934
   0.000000000039435
   0.000009201823657
   0.000040221221153
   0.000014753255667


logL =

 -64.132428847023178


exitflag =

     0

-----
   1.0e+02 *

   0.008689215309556
   0.001171975625832
   0.013768329855184
  -0.000044773649305
  -0.000411886276780
  -0.000077134020761
   0.000514628925272
   0.032945988789166
   0.008257361730018
   0.007836760702849
  -0.000002454465497
   0.003976174075814
  -0.005707377410788
  -0.014600451239526
  -0.006064638073497
   0.021998281208056
   0.021895156230747
   0.000235400976127
  -0.001626175904039
  -0.003026112737637
  -0.000936230614314
   0.006999932653690
   0.002364721193336
   0.000013183165204
  -0.000000000011918
   0.000006541864374
  -0.000000000026069
   0.000004068600419
  -0.000000000146289
   0.000005474939378
   0.000018932996296
   0.000029773527354
  -0.001020495806463
  -0.003559539209986
   0.000777513115295
  -0.001299757158743
   8.970222468707496
  -0.000003951589625
  -0.000028889218621
  -0.000012626289901
   0.002485215213710
   0.000015251571727
   0.000001475826845
  -0.838891454500426
   0.881641698563850
   0.005827653360559
  -0.000010885893963
   0.000000000091442
   0.000009192293946
   0.000040781755077
   0.000014849383217


logL =

 -64.133389728905058


exitflag =

     0

-----
   1.0e+02 *

   0.008708341122652
   0.001159824762798
   0.013735529256298
  -0.000044330693921
  -0.000411486749059
  -0.000076285681039
   0.000508121984495
   0.033158725767631
   0.008210049765867
   0.007897119954910
   0.000000702085107
   0.003976600897344
  -0.005727640084611
  -0.014465866327962
  -0.006049485308304
   0.022060703886008
   0.021789687280371
   0.000233959364652
  -0.001626173464137
  -0.003036467857294
  -0.000933413450001
   0.007009949172687
   0.002371628479882
   0.000013208351337
  -0.000000000018362
   0.000006519900853
  -0.000000000033590
   0.000004068230831
  -0.000000000075372
   0.000005489159475
   0.000018890489608
   0.000030138448492
  -0.001024429270229
  -0.003543264777481
   0.000779601109218
  -0.001293258732584
   9.049216856961994
  -0.000003737319042
  -0.000028969045644
  -0.000012667980611
   0.002404427732565
   0.000014790123815
   0.000001474295915
  -0.840049980597046
   0.879414591576349
   0.005888544633459
  -0.000010948891114
   0.000000000025043
   0.000009153801345
   0.000041181596192
   0.000014894163822


logL =

 -64.134325609377825


exitflag =

     0

-----
   1.0e+02 *

   0.008715529801996
   0.001153951663775
   0.013746812664598
  -0.000043452632048
  -0.000411220403879
  -0.000076326039995
   0.000514695140219
   0.032837099241493
   0.008245366408066
   0.007852190615168
   0.000000315882807
   0.003883697343015
  -0.005701786373931
  -0.014350541517898
  -0.006054653844414
   0.022114458153426
   0.021690837330532
   0.000234807335820
  -0.001625397161319
  -0.003039229428638
  -0.000933703471793
   0.007007500614645
   0.002335127016978
   0.000013194626006
  -0.000000000023013
   0.000006541626453
   0.000000000001300
   0.000004067310819
  -0.000000000080944
   0.000005465009244
   0.000018866028453
   0.000029859582699
  -0.001026671738448
  -0.003541015137092
   0.000780538523176
  -0.001287176913058
   9.094385159125793
  -0.000003506771083
  -0.000029043159514
  -0.000012655075667
   0.002461087566863
   0.000015020830313
   0.000001471608843
  -0.838105366469515
   0.878098390867130
   0.005909057566220
  -0.000010866341184
   0.000000000059370
   0.000009161343256
   0.000040774540289
   0.000014870010049


logL =

 -64.135170465434314


exitflag =

     0

-----
   1.0e+02 *

   0.008718235903833
   0.001155422558886
   0.013769800766889
  -0.000042314297450
  -0.000412673292456
  -0.000075993083758
   0.000507667425022
   0.032746697386276
   0.008199585073635
   0.007827170187581
   0.000000043389193
   0.003909864333637
  -0.005741013087572
  -0.014255745386324
  -0.006039407206578
   0.022086734861910
   0.021589798519952
   0.000235167582302
  -0.001622365880028
  -0.003041046167418
  -0.000930994583819
   0.007023889017482
   0.002336793054931
   0.000013157056791
   0.000000000034678
   0.000006549163964
   0.000000000003672
   0.000004066765070
  -0.000000000248895
   0.000005492869550
   0.000018947455640
   0.000030141786945
  -0.001031331296410
  -0.003509805137168
   0.000780163146141
  -0.001283961153260
   9.138760457393827
  -0.000003491472902
  -0.000029233963852
  -0.000012604914324
   0.002421040415974
   0.000014764805838
   0.000001471492843
  -0.840621689028775
   0.878832500348459
   0.005929633763936
  -0.000010839889060
   0.000000000016596
   0.000009168873299
   0.000041234538928
   0.000014793628377


logL =

 -64.135863675872031


exitflag =

     0

-----
   1.0e+02 *

   0.008722577337979
   0.001143028429595
   0.013724820165588
  -0.000040697995697
  -0.000411943705816
  -0.000076187274671
   0.000511997083598
   0.032759223999235
   0.008224979587713
   0.007883834884426
   0.000000073811132
   0.003914861429113
  -0.005708724919591
  -0.014158937616478
  -0.006052819862941
   0.022146093798208
   0.021468221481685
   0.000234243786100
  -0.001622759151784
  -0.003038956308243
  -0.000929330718210
   0.007039647933523
   0.002316891045839
   0.000013156667539
   0.000000000069521
   0.000006534631399
   0.000000000010714
   0.000004059237547
   0.000000000279423
   0.000005463255272
   0.000018894978480
   0.000029743800753
  -0.001032255917226
  -0.003506851990280
   0.000781342216076
  -0.001283769304358
   9.170293957013605
  -0.000003355436158
  -0.000029237091321
  -0.000012615679129
   0.002418144579867
   0.000014651027176
   0.000001470099722
  -0.834332289296599
   0.875136370318661
   0.005928516658213
  -0.000010897296428
  -0.000000000000907
   0.000009182652329
   0.000040788288176
   0.000014844169144


logL =

 -64.136389985276551


exitflag =

     0

-----
   1.0e+02 *

   0.008738537951528
   0.001140511288151
   0.013736043847884
  -0.000040570892270
  -0.000410651174398
  -0.000075532053252
   0.000508535928412
   0.032445805747001
   0.008192023633569
   0.007831112966553
   0.000000068675597
   0.003919381324828
  -0.005713660565483
  -0.014152480339930
  -0.006045418492006
   0.022174669067125
   0.021392001022271
   0.000233842736769
  -0.001621315337973
  -0.003038299142788
  -0.000930894169739
   0.007043652093438
   0.002327148611707
   0.000013186471105
   0.000000000064138
   0.000006533397875
  -0.000000000020491
   0.000004073446604
   0.000000000832446
   0.000005466941997
   0.000018882222944
   0.000030024817678
  -0.001033404898548
  -0.003486281370685
   0.000781786807721
  -0.001283300083430
   9.188072323855424
  -0.000003360981150
  -0.000029286950353
  -0.000012603525672
   0.002440481118632
   0.000014803396106
   0.000001469206893
  -0.832975224324688
   0.871766460897543
   0.005951833092032
  -0.000010831021006
  -0.000000000001727
   0.000009108270307
   0.000041139113640
   0.000014910587941


logL =

 -64.136880506484161


exitflag =

     0

-----
   1.0e+02 *

   0.008726224020440
   0.001128266167091
   0.013690082863902
  -0.000039641235766
  -0.000409737360778
  -0.000075113701979
   0.000511234878349
   0.032447374499018
   0.008174095408179
   0.007865934104004
   0.000000057836109
   0.003922270666538
  -0.005692882670252
  -0.014001170792602
  -0.006034661094335
   0.022351259273921
   0.021228488595520
   0.000233608974890
  -0.001619522242541
  -0.003029698621709
  -0.000928693189240
   0.007095026812071
   0.002295343287684
   0.000013227179280
   0.000000000090575
   0.000006530149100
  -0.000000000035317
   0.000004065015931
   0.000000000398238
   0.000005449003143
   0.000018834975620
   0.000030155649539
  -0.001036780041990
  -0.003419946836660
   0.000783013549451
  -0.001268904403409
   9.267250101887012
  -0.000002771162672
  -0.000029358302449
  -0.000012631252348
   0.002381064754556
   0.000014319352270
   0.000001467800053
  -0.832759492836200
   0.868736026947423
   0.006003932731876
  -0.000010814456204
  -0.000000000002072
   0.000009125120126
   0.000041963568445
   0.000014858715625


logL =

 -64.138001741323492


exitflag =

     0

-----
   1.0e+02 *

   0.008743781184532
   0.001121604009620
   0.013725554243091
  -0.000039268551006
  -0.000410470718833
  -0.000074833333149
   0.000507107326044
   0.032401462812484
   0.008120246218023
   0.007849186470641
   0.000000058231460
   0.003965728138250
  -0.005692490249438
  -0.013930337494559
  -0.006029977694991
   0.022371966866153
   0.021179787862087
   0.000234025482074
  -0.001615337558923
  -0.003035364681306
  -0.000928070354751
   0.007109273227863
   0.002283984395417
   0.000013182897897
   0.000000000101558
   0.000006538695360
  -0.000000000036751
   0.000004071724317
   0.000000000236793
   0.000005477383537
   0.000018850444708
   0.000030015558410
  -0.001039603823173
  -0.003406291527243
   0.000783570846487
  -0.001267582410975
   9.291563085356483
  -0.000002759984866
  -0.000029509667946
  -0.000012655234916
   0.002424286653205
   0.000014667713257
   0.000001465315102
  -0.833654187528885
   0.870780714877094
   0.006007753206609
  -0.000010828943685
  -0.000000000002338
   0.000009120783963
   0.000041534787124
   0.000014924590245


logL =

 -64.138656572688262


exitflag =

     0

-----
   1.0e+02 *

   0.008763349033561
   0.001116218251623
   0.013709287290043
  -0.000038732910479
  -0.000409436901464
  -0.000074224743711
   0.000512390951066
   0.032188487037819
   0.008096774572274
   0.007841851464391
   0.000000026448444
   0.003958565804470
  -0.005665344646039
  -0.013923955916270
  -0.006039500040897
   0.022461115315751
   0.021130083596473
   0.000234066962953
  -0.001614664359699
  -0.003041793371025
  -0.000924905725247
   0.007117487585491
   0.002275309585945
   0.000013166807289
   0.000000000094652
   0.000006551047775
  -0.000000000009528
   0.000004063656629
   0.000000000400327
   0.000005482308837
   0.000018834832725
   0.000029982678389
  -0.001040759601143
  -0.003395097088109
   0.000784145442479
  -0.001265635434443
   9.332978452714370
  -0.000002562472310
  -0.000029511724895
  -0.000012646928975
   0.002372701515861
   0.000014355315461
   0.000001464033656
  -0.833792400067594
   0.866705832265677
   0.006048379348323
  -0.000010857020664
  -0.000000000001934
   0.000009108653511
   0.000041396238048
   0.000014763543870


logL =

 -64.139139476790021


exitflag =

     0

-----
   1.0e+02 *

   0.008789125249091
   0.001100608393292
   0.013758928618719
  -0.000036761891818
  -0.000410508262286
  -0.000074293582549
   0.000507267787648
   0.032053642583152
   0.008067067377261
   0.007834759574347
   0.000000009813058
   0.003974944731926
  -0.005701648478467
  -0.013874926831842
  -0.006022761121164
   0.022521679851639
   0.020829867021977
   0.000232598746932
  -0.001609811356819
  -0.003052240732814
  -0.000921240829435
   0.007146576524201
   0.002234947455196
   0.000013208478578
   0.000000000149021
   0.000006536652700
  -0.000000000015801
   0.000004049090455
   0.000000000176361
   0.000005496080874
   0.000019081144145
   0.000030174646099
  -0.001045668589983
  -0.003385393541238
   0.000784502748613
  -0.001260781067878
   9.412950905632943
  -0.000002195257666
  -0.000029663497951
  -0.000012612212608
   0.002402250543071
   0.000014483531598
   0.000001458144973
  -0.833433452594153
   0.867434078670997
   0.006065655371670
  -0.000010739891067
  -0.000000000003267
   0.000009104274602
   0.000041275391608
   0.000014995420594


logL =

 -64.140021640604218


exitflag =

     0

-----
   1.0e+02 *

   0.008808885493428
   0.001092840453665
   0.013713921737058
  -0.000036032752038
  -0.000409113013502
  -0.000073286444348
   0.000510442910108
   0.031801289691393
   0.008059228376395
   0.007803113060834
   0.000000004976889
   0.003991993580892
  -0.005676972069937
  -0.013806878151704
  -0.006030536185532
   0.022590602732456
   0.020740940430472
   0.000231838066527
  -0.001613892808558
  -0.003048034240398
  -0.000919141476935
   0.007147111435697
   0.002215238060683
   0.000013181237054
   0.000000000059686
   0.000006536558407
  -0.000000000025593
   0.000004065105473
   0.000000000277977
   0.000005485101007
   0.000018980042662
   0.000030224666583
  -0.001048268142196
  -0.003375073745484
   0.000784338755677
  -0.001258125882705
   9.435215793791754
  -0.000001993594858
  -0.000029624130810
  -0.000012596683135
   0.002366320305341
   0.000014177039331
   0.000001458837706
  -0.830463016660506
   0.863716582626078
   0.006066411591428
  -0.000010807975574
  -0.000000000003048
   0.000009059495062
   0.000041358919385
   0.000014847893888


logL =

 -64.140699204186561


exitflag =

     0

-----
   1.0e+02 *

   0.008825807648634
   0.001086505960466
   0.013716349189407
  -0.000035451337324
  -0.000409512433886
  -0.000073239388173
   0.000507322491271
   0.031959640210857
   0.008040653855496
   0.007842173395688
   0.000000003603831
   0.004059439377280
  -0.005666642069386
  -0.013727185565268
  -0.006031091023220
   0.022624246603642
   0.020714463042617
   0.000231965810741
  -0.001615316218162
  -0.003049609034064
  -0.000919166275004
   0.007162731766719
   0.002209004876592
   0.000013184131260
   0.000000000076413
   0.000006564910240
  -0.000000000022813
   0.000004069257983
   0.000000000286107
   0.000005481117208
   0.000018851117883
   0.000030029760177
  -0.001051794606600
  -0.003356480348020
   0.000785276874999
  -0.001256911939616
   9.480244627192226
  -0.000001717661560
  -0.000029694980766
  -0.000012567246295
   0.002384250367576
   0.000014432868222
   0.000001458301465
  -0.829682558370427
   0.862473008453725
   0.006110355610845
  -0.000010775481847
  -0.000000000003584
   0.000009074884629
   0.000041762466325
   0.000014915196273


logL =

 -64.141164013236306


exitflag =

     0

-----
   1.0e+02 *

   0.008821914052513
   0.001084230029843
   0.013703071659147
  -0.000035194404488
  -0.000409359522161
  -0.000072620476567
   0.000509528885203
   0.031737709894337
   0.008040169590387
   0.007805899849318
   0.000000004340484
   0.004043466310381
  -0.005655832128853
  -0.013689548304043
  -0.006042228549381
   0.022642940047580
   0.020650411630152
   0.000231769136403
  -0.001614633193321
  -0.003049565240578
  -0.000920884829088
   0.007165948096351
   0.002203788021543
   0.000013171927746
   0.000000000110116
   0.000006544245931
  -0.000000000028578
   0.000004065501859
   0.000000000208257
   0.000005475216672
   0.000018892182046
   0.000030036503729
  -0.001052499982212
  -0.003336795652557
   0.000785265298136
  -0.001255115085901
   9.499351623583568
  -0.000001566042177
  -0.000029686497940
  -0.000012568223389
   0.002356584343585
   0.000014103404599
   0.000001456635790
  -0.828775149412382
   0.859587669101563
   0.006105058674438
  -0.000010819556908
  -0.000000000003237
   0.000009085213152
   0.000041803646611
   0.000014794756232


logL =

 -64.141553928234359


exitflag =

     0

-----
   1.0e+02 *

   0.008867951611251
   0.001081125253936
   0.013711964982254
  -0.000034754335030
  -0.000409138603078
  -0.000072694557982
   0.000506270222983
   0.031937158713346
   0.008020342786419
   0.007872303806337
   0.000000004335787
   0.004010600395915
  -0.005626685167975
  -0.013616136380402
  -0.006038641380536
   0.022798253369629
   0.020546706227597
   0.000232027103244
  -0.001611578497696
  -0.003049476329123
  -0.000913771227796
   0.007177368299197
   0.002194852600682
   0.000013199818568
   0.000000000265558
   0.000006557702045
  -0.000000000031697
   0.000004072001873
   0.000000000071883
   0.000005475180941
   0.000018783751199
   0.000030280440888
  -0.001060118350720
  -0.003294507695826
   0.000786117298234
  -0.001254082760106
   9.558703432296712
  -0.000001290328651
  -0.000029703359329
  -0.000012517813277
   0.002375906808420
   0.000014137302898
   0.000001449859261
  -0.825960812092667
   0.850553909889699
   0.006104211294696
  -0.000010742396299
  -0.000000000002310
   0.000009036360664
   0.000042334813831
   0.000014821978053


logL =

 -64.142039513205134


exitflag =

     0

-----
   1.0e+02 *

   0.008858036842981
   0.001079275711336
   0.013684589043764
  -0.000034253033795
  -0.000409394820823
  -0.000072622448596
   0.000508227507960
   0.031604924480770
   0.008032001174173
   0.007793739462149
   0.000000004460198
   0.004019008013384
  -0.005622091112892
  -0.013574557980759
  -0.006050339456422
   0.022791479817003
   0.020481066404126
   0.000231867467783
  -0.001611055988091
  -0.003050630176281
  -0.000911414742488
   0.007179411941716
   0.002166688533654
   0.000013155070934
   0.000000000263720
   0.000006542620873
  -0.000000000038283
   0.000004071850223
   0.000000000081900
   0.000005475370120
   0.000018874971941
   0.000030155511497
  -0.001061729733584
  -0.003298413082770
   0.000786330105697
  -0.001254350863613
   9.571902019972868
  -0.000001278468221
  -0.000029750240408
  -0.000012520010355
   0.002364994786179
   0.000014031377634
   0.000001449856373
  -0.825775562234287
   0.848825968808134
   0.006107789143739
  -0.000010820136438
  -0.000000000001483
   0.000009055302967
   0.000042301097160
   0.000014788719204


logL =

 -64.142468946538301


exitflag =

     0

-----
   1.0e+02 *

   0.008904795811322
   0.001069425296245
   0.013715859651628
  -0.000031958780359
  -0.000404945982508
  -0.000072134007679
   0.000504615793693
   0.031438656636238
   0.008031822840651
   0.007862503569580
   0.000000004582378
   0.004074423706322
  -0.005627211993719
  -0.013484039621459
  -0.006046888548177
   0.022764706276772
   0.020330573610063
   0.000232584273412
  -0.001610848498229
  -0.003054320412150
  -0.000905756097032
   0.007222495151880
   0.002140569187314
   0.000013176302664
  -0.000000000071064
   0.000006536399816
  -0.000000000051017
   0.000004096982260
   0.000000000135308
   0.000005491838019
   0.000018748466846
   0.000030387486771
  -0.001069272397109
  -0.003270302423702
   0.000786189337399
  -0.001250104050382
   9.657305831686799
  -0.000000982499615
  -0.000029849735031
  -0.000012461003333
   0.002374100605290
   0.000013834867396
   0.000001444371972
  -0.830282460888573
   0.851304454116162
   0.006105472229448
  -0.000010732666699
  -0.000000000001684
   0.000008981295521
   0.000042651961348
   0.000014771744144


logL =

 -64.143190863993965


exitflag =

     0

-----
   1.0e+02 *

   0.008890592803231
   0.001068701490327
   0.013706314338447
  -0.000032015377031
  -0.000404949651163
  -0.000072063705961
   0.000508872237219
   0.031177448085131
   0.008006614021881
   0.007818701990746
   0.000000004067219
   0.004046330865197
  -0.005610068753725
  -0.013490963279006
  -0.006054695893962
   0.022772725358440
   0.020260196240070
   0.000232059887484
  -0.001611088463762
  -0.003053927683691
  -0.000905901957021
   0.007228373789432
   0.002130226346917
   0.000013170588577
  -0.000000000095292
   0.000006549467248
  -0.000000000063003
   0.000004070748570
   0.000000000145599
   0.000005477057059
   0.000018875785918
   0.000030253879955
  -0.001070627057396
  -0.003262610872373
   0.000786026890466
  -0.001250284123077
   9.665203899082503
  -0.000000988590880
  -0.000029829755487
  -0.000012464690919
   0.002360724305234
   0.000013907254454
   0.000001443094292
  -0.829632373284825
   0.852005644704380
   0.006098589702057
  -0.000010781494449
  -0.000000000002040
   0.000009038949938
   0.000042253309751
   0.000014878671667


logL =

 -64.143693855766728


exitflag =

     0

-----
   1.0e+02 *

   0.008901410561046
   0.001060598258397
   0.013687925973506
  -0.000029901427584
  -0.000400681566740
  -0.000071337407307
   0.000508046791083
   0.030846724925270
   0.007947151739158
   0.007840470257936
   0.000000017150255
   0.004077074642206
  -0.005569990355288
  -0.013429774584595
  -0.006054095777272
   0.022828883573729
   0.019967112309149
   0.000231943330517
  -0.001607466409165
  -0.003047168223708
  -0.000907213443851
   0.007240225170417
   0.002088797253988
   0.000013207279537
  -0.000000000071412
   0.000006533967738
   0.000000000034443
   0.000004052494707
   0.000000000084860
   0.000005474594736
   0.000018716864189
   0.000030247763680
  -0.001082141727673
  -0.003192650307228
   0.000786715387371
  -0.001237671972950
   9.735710739127280
  -0.000001093845934
  -0.000029849482651
  -0.000012459384727
   0.002410157818359
   0.000013935938820
   0.000001437337627
  -0.835119028500849
   0.852502872848411
   0.006067670623946
  -0.000010724929374
   0.000000000001899
   0.000009030033065
   0.000042292751393
   0.000014981549603


logL =

 -64.144209938340410


exitflag =

     0

-----
   1.0e+02 *

   0.008924246863169
   0.001060913515384
   0.013719130786355
  -0.000029539292348
  -0.000401844636269
  -0.000071300446900
   0.000509413808870
   0.030960101006155
   0.007973918595520
   0.007865170200067
   0.000000012925625
   0.004087723356843
  -0.005586299884506
  -0.013418576698323
  -0.006053302292558
   0.022815646646080
   0.019937701747726
   0.000231836152520
  -0.001607170720680
  -0.003048842389947
  -0.000906179116935
   0.007251822713971
   0.002091673874615
   0.000013172929627
  -0.000000000108764
   0.000006548492822
   0.000000000035714
   0.000004068610249
   0.000000000086990
   0.000005497105954
   0.000018898001794
   0.000030351558345
  -0.001081835137959
  -0.003182710947533
   0.000786868037203
  -0.001237048369941
   9.750213013785638
  -0.000001024223856
  -0.000029872357765
  -0.000012466396613
   0.002351997394130
   0.000013658671921
   0.000001437204113
  -0.835059558765124
   0.853092821180036
   0.006074556208622
  -0.000010744251765
   0.000000000000544
   0.000009013119105
   0.000042469951360
   0.000014902030975


logL =

 -64.144744671688429


exitflag =

     0

-----
   1.0e+02 *

   0.008939473809309
   0.001058901918535
   0.013719407466662
  -0.000029882130519
  -0.000402437640683
  -0.000071579016051
   0.000506282452104
   0.030500491472527
   0.007945450754602
   0.007748233126983
  -0.000000009284333
   0.004111196555697
  -0.005574865405597
  -0.013368956618570
  -0.006068244163111
   0.022828923596277
   0.019838153853748
   0.000232855135540
  -0.001606219679649
  -0.003051054255891
  -0.000903163201530
   0.007269822771139
   0.002071554471857
   0.000013194334554
  -0.000000000431344
   0.000006549738664
   0.000000000204496
   0.000004079462266
  -0.000000000176551
   0.000005496762978
   0.000018937778002
   0.000030239579484
  -0.001086146513755
  -0.003163575071005
   0.000786967544869
  -0.001234692656904
   9.797090554269673
  -0.000000611305412
  -0.000030049169902
  -0.000012448963246
   0.002375902991657
   0.000013691842977
   0.000001431995315
  -0.834903058089553
   0.847873042310496
   0.006082671653291
  -0.000010750890839
  -0.000000000000999
   0.000009004759645
   0.000042629529022
   0.000014974633874


logL =

 -64.145207058226632


exitflag =

     0

-----
   1.0e+02 *

   0.008949691472947
   0.001055782733025
   0.013731672495826
  -0.000029291659996
  -0.000401089617060
  -0.000071219017009
   0.000507450173843
   0.030867878434383
   0.007945151066130
   0.007878352555066
  -0.000000005805954
   0.004168629390309
  -0.005573247083968
  -0.013385072201978
  -0.006065117838120
   0.022844666047310
   0.019807618811186
   0.000233289692754
  -0.001607684290989
  -0.003051886341275
  -0.000903252439674
   0.007302862453468
   0.002075239909719
   0.000013156976686
  -0.000000000390526
   0.000006542859084
   0.000000000384464
   0.000004072824017
  -0.000000000073358
   0.000005516149276
   0.000018834235291
   0.000030261841656
  -0.001090454580419
  -0.003146789532436
   0.000787715441179
  -0.001235454070839
   9.867113085101018
  -0.000000494220402
  -0.000030069719512
  -0.000012453117077
   0.002345647211305
   0.000013441243885
   0.000001426661392
  -0.835923523235071
   0.846227787029397
   0.006093518020534
  -0.000010741632837
  -0.000000000001825
   0.000008970010152
   0.000042300599605
   0.000014928709577


logL =

 -64.145742209965675


exitflag =

     0

-----
   1.0e+02 *

   0.008949152884121
   0.001053934242161
   0.013733916063962
  -0.000029274174183
  -0.000400426188506
  -0.000071166507618
   0.000508233165168
   0.030466666555560
   0.007953480924297
   0.007781730020079
  -0.000000007609151
   0.004178251292191
  -0.005553953193408
  -0.013385689115147
  -0.006070961303462
   0.022848487525542
   0.019789772737229
   0.000233458284989
  -0.001604878750897
  -0.003051739493750
  -0.000902377488528
   0.007304141644194
   0.002058881519765
   0.000013161461055
  -0.000000000426887
   0.000006552881249
   0.000000000100498
   0.000004068711955
  -0.000000000082208
   0.000005494398644
   0.000018875103013
   0.000030243057199
  -0.001093401895830
  -0.003113028146448
   0.000788612978817
  -0.001231537686936
   9.876733579820996
  -0.000000489910210
  -0.000030157289226
  -0.000012446312587
   0.002358484458692
   0.000013625199066
   0.000001426987609
  -0.836778925732881
   0.846497325861901
   0.006101576483876
  -0.000010723854432
  -0.000000000002095
   0.000008989006023
   0.000042745030841
   0.000014908772031


logL =

 -64.146108645546278


exitflag =

     0

-----
   1.0e+02 *

   0.008962567194267
   0.001051907286186
   0.013757613276284
  -0.000029238839612
  -0.000400074094363
  -0.000070753467266
   0.000507079055632
   0.030800832063431
   0.007944209859395
   0.007876960858133
  -0.000000023584784
   0.004195495014517
  -0.005548155294850
  -0.013369847004032
  -0.006071783462560
   0.022832101858899
   0.019731095642686
   0.000233743677215
  -0.001604638418668
  -0.003051177366134
  -0.000903007515736
   0.007311970158827
   0.002052315678984
   0.000013167059936
  -0.000000000854341
   0.000006541475089
  -0.000000000158485
   0.000004069650296
  -0.000000000047952
   0.000005487286815
   0.000018861921465
   0.000030194535298
  -0.001092531791557
  -0.003082209064219
   0.000789520190496
  -0.001231061921478
   9.897631410040487
  -0.000000199836811
  -0.000030207336412
  -0.000012428544443
   0.002342816213727
   0.000013540241379
   0.000001425694313
  -0.835865787945189
   0.848676456857198
   0.006103323688476
  -0.000010723498960
  -0.000000000005916
   0.000008992982834
   0.000042742974368
   0.000014877211229


logL =

 -64.146393838238453


exitflag =

     0

-----
   1.0e+02 *

   0.008988857395597
   0.001047933233731
   0.013713515766360
  -0.000029072765448
  -0.000399018103690
  -0.000070868918362
   0.000505043766325
   0.030316236734375
   0.007933526865722
   0.007786014066822
  -0.000000027784824
   0.004191022629220
  -0.005531683602236
  -0.013313181146479
  -0.006089974096679
   0.022888230388716
   0.019542892318412
   0.000232920856739
  -0.001607010018811
  -0.003049145419494
  -0.000900630774041
   0.007326568155962
   0.002039340262220
   0.000013171887549
  -0.000000000527348
   0.000006547175979
  -0.000000000095977
   0.000004064604952
  -0.000000000053739
   0.000005487694186
   0.000018892506537
   0.000030222858201
  -0.001094356923724
  -0.003059367812470
   0.000789929923960
  -0.001232352079585
   9.914049829397911
  -0.000000146297162
  -0.000030155394326
  -0.000012441466583
   0.002343948714835
   0.000013488958097
   0.000001424969529
  -0.835133244579426
   0.847895249333560
   0.006098661804341
  -0.000010733694242
  -0.000000000005811
   0.000008998329581
   0.000042771567251
   0.000014953428986


logL =

 -64.146717291315099


exitflag =

     0

-----
   1.0e+02 *

   0.008992511279435
   0.001044652422657
   0.013718346210869
  -0.000028944506218
  -0.000397864398898
  -0.000069770373564
   0.000506691889211
   0.030684486257102
   0.007916330516792
   0.007889982455014
  -0.000000059761652
   0.004250092418200
  -0.005501029762574
  -0.013243350526025
  -0.006078986107343
   0.022897131627522
   0.019475315100142
   0.000233684731988
  -0.001607614060556
  -0.003045927232723
  -0.000905300525339
   0.007328804087999
   0.002016086151048
   0.000013187275535
   0.000000000146642
   0.000006544052270
  -0.000000000182517
   0.000004066260773
  -0.000000000007866
   0.000005496233806
   0.000018865061870
   0.000030297493612
  -0.001095937621430
  -0.003031427470830
   0.000790578658437
  -0.001232016644678
   9.949494476728768
  -0.000000088756345
  -0.000030212225590
  -0.000012414829521
   0.002332849782953
   0.000013406093703
   0.000001423553283
  -0.835288574206261
   0.850129226230716
   0.006101677994741
  -0.000010736356346
  -0.000000000010190
   0.000008959688503
   0.000043203649011
   0.000014953654082


logL =

 -64.147036364933513


exitflag =

     0

-----
   1.0e+02 *

   0.008977173302088
   0.001043709539968
   0.013766081526412
  -0.000028518263408
  -0.000398906334217
  -0.000069844985041
   0.000506243920908
   0.030173537488887
   0.007913122757419
   0.007768243140735
  -0.000000130915913
   0.004275381604493
  -0.005492724363156
  -0.013232491781852
  -0.006075474356252
   0.022880544346630
   0.019455253807112
   0.000233076699432
  -0.001609100722639
  -0.003047255785127
  -0.000905064424178
   0.007348940971290
   0.002003714175753
   0.000013165710156
   0.000000000245745
   0.000006547617682
  -0.000000000223428
   0.000004079322376
  -0.000000000008465
   0.000005489760807
   0.000018914546189
   0.000030229544504
  -0.001097425841757
  -0.003020677820177
   0.000791434725265
  -0.001230034669591
   9.963566410449412
   0.000000160153958
  -0.000030304945031
  -0.000012380005941
   0.002338965930937
   0.000013514917219
   0.000001423846629
  -0.836461058525732
   0.850566327632767
   0.006121723782659
  -0.000010713953647
  -0.000000000015601
   0.000008983120582
   0.000043100749976
   0.000014927428504


logL =

 -64.147419318231968


exitflag =

     0

-----
   1.0e+02 *

   0.008994154424836
   0.001042806719626
   0.013764479209634
  -0.000028237382359
  -0.000397988203614
  -0.000069881426766
   0.000504694805880
   0.030489943601084
   0.007908615149323
   0.007861912116333
  -0.000000204390281
   0.004285316120092
  -0.005478608010079
  -0.013206055235027
  -0.006076423948532
   0.022921750400715
   0.019389177414174
   0.000233209129034
  -0.001606970889420
  -0.003044658739012
  -0.000903932592095
   0.007354825045284
   0.001991065722501
   0.000013167301015
   0.000000000288554
   0.000006547245992
  -0.000000000157261
   0.000004067748865
  -0.000000000006598
   0.000005493464860
   0.000018867156225
   0.000030303007182
  -0.001099216994469
  -0.003016650857863
   0.000791536360219
  -0.001229538017213
   9.985748482889219
   0.000000244570714
  -0.000030334486836
  -0.000012369290513
   0.002329412123267
   0.000013371261647
   0.000001423645062
  -0.835542029504256
   0.849714492177020
   0.006122298387491
  -0.000010715095572
  -0.000000000014825
   0.000008970901876
   0.000043185566040
   0.000014837819244


logL =

 -64.147675281532074


exitflag =

     0

-----
   1.0e+03 *

   0.000899018759945
   0.000104153928123
   0.001375608041895
  -0.000002795270361
  -0.000039773284287
  -0.000006980929030
   0.000050677256230
   0.003013611803376
   0.000791359739153
   0.000778954932332
  -0.000000020102939
   0.000428240125357
  -0.000547366853888
  -0.001318836628303
  -0.000607879294122
   0.002291700125592
   0.001934664301167
   0.000023327617840
  -0.000160816397410
  -0.000304245963664
  -0.000090329009701
   0.000736020770583
   0.000197993348939
   0.000001316178420
   0.000000000064719
   0.000000655164136
  -0.000000000011137
   0.000000407264903
  -0.000000000001062
   0.000000548237268
   0.000001884712969
   0.000003029041280
  -0.000110029077854
  -0.000301125887588
   0.000079156281332
  -0.000122851870915
   1.000393901476614
   0.000000027785361
  -0.000003035559320
  -0.000001237028940
   0.000233696847101
   0.000001342129426
   0.000000142290737
  -0.083418445716546
   0.084922717169382
   0.000612855509414
  -0.000001072579729
  -0.000000000000187
   0.000000898069349
   0.000004326483943
   0.000001492374946


logL =

 -64.147869078898040


exitflag =

     0

-----
   1.0e+03 *

   0.000901822124219
   0.000103763137874
   0.001378452319686
  -0.000002756574645
  -0.000039696112930
  -0.000006974575255
   0.000050281067953
   0.003041360039612
   0.000790779734542
   0.000787090071539
  -0.000000152555989
   0.000430689484005
  -0.000546143988217
  -0.001310500998982
  -0.000608661727559
   0.002298576085794
   0.001925859921573
   0.000023432352436
  -0.000160530820118
  -0.000304267163156
  -0.000090748177859
   0.000738109526512
   0.000196176906234
   0.000001314833378
   0.000000000235154
   0.000000654978317
   0.000000000021454
   0.000000407299334
  -0.000000000003114
   0.000000550819136
   0.000001881141307
   0.000003042771912
  -0.000110422730110
  -0.000299122545264
   0.000079252468732
  -0.000123053902079
   1.004511253494778
   0.000000042702045
  -0.000003036996450
  -0.000001236408435
   0.000231790676315
   0.000001321160536
   0.000000142120968
  -0.083788120055749
   0.084719318239122
   0.000615004660892
  -0.000001066819302
   0.000000000001042
   0.000000895531640
   0.000004339563981
   0.000001488168102


logL =

 -64.148182660695326


exitflag =

     0

-----
   1.0e+03 *

   0.000900193004541
   0.000103455093113
   0.001377940390003
  -0.000002719996770
  -0.000039683661600
  -0.000006956875248
   0.000050755733011
   0.002999601939155
   0.000789197155082
   0.000779198564923
  -0.000000213925925
   0.000430903077251
  -0.000547007204258
  -0.001313411631487
  -0.000609317442163
   0.002298061177136
   0.001923102968324
   0.000023441612433
  -0.000160742318804
  -0.000304096578632
  -0.000090835792747
   0.000740002710642
   0.000195604874180
   0.000001317926670
   0.000000000058759
   0.000000654708244
   0.000000000031760
   0.000000407316432
  -0.000000000004172
   0.000000548004060
   0.000001884171678
   0.000003031515154
  -0.000110539456300
  -0.000298928658935
   0.000079288165856
  -0.000122904014712
   1.006246521027809
   0.000000084730840
  -0.000003040874145
  -0.000001236256135
   0.000232966672949
   0.000001329551713
   0.000000142026048
  -0.083819431045144
   0.084677519641574
   0.000616198588059
  -0.000001071219101
   0.000000000001509
   0.000000897377987
   0.000004346498854
   0.000001489735438


logL =

 -64.148595571091590


exitflag =

     0

-----
   1.0e+03 *

   0.000902763347952
   0.000103122145949
   0.001378912041264
  -0.000002712962880
  -0.000039585891841
  -0.000006938566372
   0.000050346563233
   0.003016174946273
   0.000789215732080
   0.000784109713655
  -0.000000262659145
   0.000431265717209
  -0.000550306755364
  -0.001306280556300
  -0.000609681318382
   0.002298591734043
   0.001912668233139
   0.000023617006977
  -0.000160821439161
  -0.000304493213419
  -0.000091142420648
   0.000742060750180
   0.000193744188761
   0.000001320000387
   0.000000000050454
   0.000000654429701
   0.000000000038191
   0.000000407777493
  -0.000000000002793
   0.000000548337104
   0.000001883968433
   0.000003028827522
  -0.000110745964368
  -0.000297131926240
   0.000079391347592
  -0.000123161354176
   1.009619383968172
   0.000000112989117
  -0.000003050593744
  -0.000001232431676
   0.000231537061945
   0.000001319017697
   0.000000141774894
  -0.083619318992943
   0.084769514894139
   0.000614505790649
  -0.000001069430567
   0.000000000003479
   0.000000896387237
   0.000004356292199
   0.000001494228507


logL =

 -64.149006031759157


exitflag =

     0

-----
   1.0e+03 *

   0.000902498118600
   0.000102929600295
   0.001378143098773
  -0.000002684471293
  -0.000039562178128
  -0.000006883367483
   0.000050485826306
   0.002981112369321
   0.000787205247556
   0.000777399958784
  -0.000000428607550
   0.000433954631498
  -0.000549594875757
  -0.001307795280597
  -0.000610392163672
   0.002301554316370
   0.001908910377256
   0.000023579010802
  -0.000161056334394
  -0.000304544749120
  -0.000090864966387
   0.000743746594671
   0.000192835147109
   0.000001315000059
   0.000000000046861
   0.000000654604400
   0.000000000018806
   0.000000407114884
  -0.000000000002414
   0.000000547704612
   0.000001883226436
   0.000003035670841
  -0.000110894349096
  -0.000296218245769
   0.000079468130474
  -0.000123159231043
   1.011932340146614
   0.000000134383580
  -0.000003058564394
  -0.000001231150306
   0.000234154731639
   0.000001331482583
   0.000000141586195
  -0.083510742141327
   0.084675268825600
   0.000614798813547
  -0.000001074235421
   0.000000000003718
   0.000000894237650
   0.000004380871475
   0.000001492629497


logL =

 -64.149300050475134


exitflag =

     0

-----
   1.0e+03 *

   0.000905049019722
   0.000102980984337
   0.001380959801017
  -0.000002663886009
  -0.000039379046884
  -0.000006883599504
   0.000050587736951
   0.002996468521003
   0.000785843094124
   0.000784895693766
  -0.000000802521984
   0.000433491670255
  -0.000549270961653
  -0.001314521108835
  -0.000610445680341
   0.002305402082189
   0.001897982588910
   0.000023594327807
  -0.000161264689908
  -0.000304770294283
  -0.000090935783574
   0.000745548683214
   0.000192328201162
   0.000001314535322
   0.000000000023802
   0.000000655090885
   0.000000000001844
   0.000000407021165
  -0.000000000004743
   0.000000548781362
   0.000001885638913
   0.000003038564098
  -0.000110939558879
  -0.000295384929706
   0.000079562098902
  -0.000123092522771
   1.013722001387315
   0.000000156418445
  -0.000003058725505
  -0.000001228147668
   0.000230934358196
   0.000001306659725
   0.000000141632038
  -0.083511863775600
   0.084698409214525
   0.000615320147033
  -0.000001069763259
   0.000000000001456
   0.000000891428373
   0.000004341310590
   0.000001490854164


logL =

 -64.149626716516607


exitflag =

     0

-----
   1.0e+03 *

   0.000905721475442
   0.000102660059935
   0.001380905835204
  -0.000002603616431
  -0.000039321471190
  -0.000006852224201
   0.000050699123284
   0.002953974447138
   0.000784428719250
   0.000777644268023
  -0.000000990195693
   0.000434349336089
  -0.000548813303891
  -0.001313372676429
  -0.000612029000232
   0.002304384917446
   0.001894234691905
   0.000023514504573
  -0.000161231622934
  -0.000304549802414
  -0.000090867151789
   0.000746377199897
   0.000191531191733
   0.000001314886662
   0.000000000026573
   0.000000654392474
   0.000000000002310
   0.000000407472745
  -0.000000000001219
   0.000000548247076
   0.000001887118759
   0.000003044236808
  -0.000111130733422
  -0.000293656439041
   0.000079609159347
  -0.000122926910590
   1.015900162045226
   0.000000176574553
  -0.000003062675288
  -0.000001227333326
   0.000232750413624
   0.000001325925918
   0.000000141489031
  -0.083389953467408
   0.084860829339651
   0.000615163697932
  -0.000001069349262
   0.000000000001502
   0.000000896621514
   0.000004360827503
   0.000001503268027


logL =

 -64.149939509558791


exitflag =

     0

-----
   1.0e+03 *

   0.000906459159387
   0.000102428920169
   0.001382201728245
  -0.000002551265590
  -0.000039258642400
  -0.000006863302304
   0.000050565573858
   0.002979804161856
   0.000782680921860
   0.000785300425546
  -0.000001050783778
   0.000437032040268
  -0.000548584427504
  -0.001309133153166
  -0.000611604347459
   0.002304775088782
   0.001888287126976
   0.000023568112088
  -0.000161118613355
  -0.000304302120085
  -0.000090893723901
   0.000747821850402
   0.000189931096435
   0.000001318058539
   0.000000000020861
   0.000000655130336
  -0.000000000000084
   0.000000408212198
  -0.000000000000679
   0.000000549713990
   0.000001891406029
   0.000003026920607
  -0.000111282733695
  -0.000292116098423
   0.000079661485458
  -0.000122941785071
   1.020109701957544
   0.000000200631707
  -0.000003060252482
  -0.000001225933255
   0.000229912413967
   0.000001299133932
   0.000000141260532
  -0.083446094151713
   0.084840848014259
   0.000615675497372
  -0.000001067976446
   0.000000000003012
   0.000000891619264
   0.000004381355439
   0.000001491472218


logL =

 -64.150331767155819


exitflag =

     0

-----
   1.0e+03 *

   0.000907069202854
   0.000102219431089
   0.001380931207177
  -0.000002504662484
  -0.000039178434104
  -0.000006822798833
   0.000050548515417
   0.002936253722694
   0.000783350808545
   0.000777668273239
   0.000000904891374
   0.000439618160610
  -0.000547648069805
  -0.001307852033386
  -0.000611866247279
   0.002306877891556
   0.001882741096039
   0.000023589497342
  -0.000160952757145
  -0.000304318005033
  -0.000090556185887
   0.000749529968600
   0.000189746203828
   0.000001317473353
   0.000000000042115
   0.000000653606758
  -0.000000000000212
   0.000000407977061
  -0.000000000001212
   0.000000548558867
   0.000001876615726
   0.000003042866042
  -0.000111444944993
  -0.000289210506461
   0.000079713625108
  -0.000122835937231
   1.022335894920949
   0.000000222492512
  -0.000003067094623
  -0.000001223775314
   0.000231943635176
   0.000001316849084
   0.000000141068852
  -0.083232881294901
   0.084467198019686
   0.000617358096396
  -0.000001072178178
  -0.000000000000638
   0.000000889694227
   0.000004397628827
   0.000001496009596


logL =

 -64.150689347677158


exitflag =

     0

-----
   1.0e+03 *

   0.000909416440408
   0.000102064759684
   0.001383916802949
  -0.000002413387274
  -0.000038974892409
  -0.000006742531137
   0.000050540732746
   0.002960009531845
   0.000776833607092
   0.000788565871571
   0.000001396646011
   0.000441112174271
  -0.000547586142867
  -0.001303605856491
  -0.000612774588335
   0.002308413271051
   0.001872406220925
   0.000023540447908
  -0.000161222656908
  -0.000303998253265
  -0.000090974428353
   0.000751855058574
   0.000188807742315
   0.000001317354244
   0.000000000023134
   0.000000657013135
  -0.000000000000275
   0.000000407768377
  -0.000000000003513
   0.000000549881750
   0.000001872229403
   0.000003028676357
  -0.000111988560035
  -0.000287990318317
   0.000079917225592
  -0.000122513566755
   1.026339499763215
   0.000000289536127
  -0.000003069322406
  -0.000001222201851
   0.000229698065373
   0.000001288171378
   0.000000140873306
  -0.083470145340338
   0.084146994080691
   0.000617153239023
  -0.000001065489471
   0.000000000001235
   0.000000891391642
   0.000004379898097
   0.000001485329848


logL =

 -64.151199973692528


exitflag =

     0

-----
   1.0e+03 *

   0.000908954918372
   0.000101801271353
   0.001381874111599
  -0.000002362982479
  -0.000038963377416
  -0.000006779207983
   0.000050771486871
   0.002908099442177
   0.000782592023581
   0.000777337739452
   0.000001969279124
   0.000439083000897
  -0.000547357866657
  -0.001301679053560
  -0.000613548756138
   0.002310532508771
   0.001869066825122
   0.000023487025013
  -0.000161244784389
  -0.000303558153969
  -0.000090893030928
   0.000752442677450
   0.000187607363748
   0.000001316680651
   0.000000000029174
   0.000000655004202
  -0.000000000000172
   0.000000406355138
  -0.000000000003503
   0.000000549437398
   0.000001884516674
   0.000003044518294
  -0.000112016344494
  -0.000287054368991
   0.000080004721973
  -0.000122242455240
   1.028632821124321
   0.000000308799382
  -0.000003072893856
  -0.000001221721180
   0.000231336188898
   0.000001302933615
   0.000000140596851
  -0.083345212259225
   0.084331673575356
   0.000616678065128
  -0.000001064423507
   0.000000000001227
   0.000000891755702
   0.000004424128395
   0.000001493247653


logL =

 -64.151612259816460


exitflag =

     0

-----
   1.0e+03 *

   0.000913258127372
   0.000101390970086
   0.001383941409017
  -0.000002319869428
  -0.000038836332484
  -0.000006738581970
   0.000050555314772
   0.002925566107327
   0.000780272210653
   0.000784260436284
   0.000002792533298
   0.000437309231169
  -0.000548650188220
  -0.001297976419018
  -0.000615180803751
   0.002315367964829
   0.001857657179231
   0.000023524828274
  -0.000161365197491
  -0.000303523189946
  -0.000090877613282
   0.000754369696810
   0.000185900891209
   0.000001320408460
   0.000000000065796
   0.000000655724100
  -0.000000000000253
   0.000000406119891
  -0.000000000001281
   0.000000549697902
   0.000001885311100
   0.000003044286616
  -0.000112323230039
  -0.000284842215361
   0.000080049876790
  -0.000122309740412
   1.032125894321010
   0.000000325625703
  -0.000003074215910
  -0.000001221509871
   0.000229377385470
   0.000001280974222
   0.000000140593031
  -0.083296697054527
   0.084313235797526
   0.000616591759768
  -0.000001065257305
   0.000000000000356
   0.000000890909298
   0.000004385232793
   0.000001498147710


logL =

 -64.151978165640060


exitflag =

     0

-----
   1.0e+03 *

   0.000912556079102
   0.000101200706522
   0.001383027844177
  -0.000002288216423
  -0.000038870458073
  -0.000006762693640
   0.000050712123541
   0.002887313763435
   0.000779486563147
   0.000777010687006
   0.000002888198820
   0.000435495973572
  -0.000547936676423
  -0.001297122745530
  -0.000616199237853
   0.002316053731064
   0.001847594777790
   0.000023508301247
  -0.000161225806508
  -0.000303728361670
  -0.000090878638506
   0.000755196464795
   0.000184667131845
   0.000001316197718
   0.000000000068569
   0.000000654723817
  -0.000000000000207
   0.000000405766703
  -0.000000000001468
   0.000000548586363
   0.000001885681720
   0.000003045261463
  -0.000112489700377
  -0.000283042240872
   0.000080131201397
  -0.000122163726791
   1.037677321302250
   0.000000342386786
  -0.000003078570215
  -0.000001220459795
   0.000228649788616
   0.000001287197437
   0.000000140380986
  -0.082815145134212
   0.084777622376580
   0.000616041692166
  -0.000001064457950
   0.000000000000310
   0.000000892575427
   0.000004393795894
   0.000001496288242


logL =

 -64.152379062574354


exitflag =

     0

-----
   1.0e+03 *

   0.000914350440973
   0.000101043783131
   0.001387182280775
  -0.000002275118790
  -0.000038682680246
  -0.000006751435694
   0.000050833036810
   0.002905823738773
   0.000779297643795
   0.000784290271835
   0.000001550401900
   0.000436340820469
  -0.000547592039519
  -0.001293382528077
  -0.000615220733049
   0.002317380396605
   0.001846544695893
   0.000023616345357
  -0.000161464937222
  -0.000303674327011
  -0.000091185352882
   0.000757653058477
   0.000183470799080
   0.000001317081159
   0.000000000117507
   0.000000654209158
  -0.000000000000263
   0.000000406362208
  -0.000000000000720
   0.000000549189867
   0.000001880297821
   0.000003044822412
  -0.000112769869144
  -0.000282769336930
   0.000080179167047
  -0.000122037417727
   1.039677404467504
   0.000000386686152
  -0.000003078969021
  -0.000001216371932
   0.000227364412002
   0.000001272733524
   0.000000140302512
  -0.083078373126047
   0.084622766008690
   0.000616844921779
  -0.000001060588177
   0.000000000000297
   0.000000889332705
   0.000004444412030
   0.000001497390984


logL =

 -64.152752895915867


exitflag =

     0

-----
   1.0e+03 *

   0.000913488799371
   0.000100850365944
   0.001385549082632
  -0.000002244852867
  -0.000038633684504
  -0.000006739918099
   0.000050398784065
   0.002879182784711
   0.000777360048394
   0.000778553946743
   0.000001284989361
   0.000437767686264
  -0.000547473112692
  -0.001289058514476
  -0.000616325864645
   0.002314288289175
   0.001837455769205
   0.000023568964681
  -0.000161366844697
  -0.000303521689812
  -0.000091042581709
   0.000758997890016
   0.000182648700411
   0.000001318283654
   0.000000000105269
   0.000000654506561
  -0.000000000000280
   0.000000405458370
  -0.000000000000709
   0.000000549014003
   0.000001885580578
   0.000003038182608
  -0.000112898101987
  -0.000280656840667
   0.000080309232227
  -0.000122262416399
   1.042112459081517
   0.000000401441963
  -0.000003089041273
  -0.000001215510859
   0.000229334463000
   0.000001280486877
   0.000000140089302
  -0.082959897989205
   0.084518998268783
   0.000616992097634
  -0.000001063550409
   0.000000000000358
   0.000000893345821
   0.000004420953169
   0.000001489072920


logL =

 -64.153116073966601


exitflag =

     0

-----
   1.0e+03 *

   0.000915363950173
   0.000100589152099
   0.001387799820462
  -0.000002227609450
  -0.000038583531002
  -0.000006740661087
   0.000050647272343
   0.002893922333559
   0.000778199337008
   0.000784322828994
   0.000001274328067
   0.000438936526470
  -0.000547482120157
  -0.001289516787538
  -0.000615934859970
   0.002316001753268
   0.001836979283067
   0.000023626500072
  -0.000161195386998
  -0.000303292320806
  -0.000090991269566
   0.000760213737606
   0.000181607538936
   0.000001316648154
   0.000000000098067
   0.000000654134558
  -0.000000000000220
   0.000000407703996
  -0.000000000000832
   0.000000548925784
   0.000001884351051
   0.000003040396990
  -0.000112976010263
  -0.000280216221865
   0.000080376794878
  -0.000122267702897
   1.043704081761004
   0.000000425010986
  -0.000003098429087
  -0.000001214696378
   0.000228368514877
   0.000001273291768
   0.000000140009023
  -0.082948983488713
   0.084434618876688
   0.000617504219513
  -0.000001060341969
   0.000000000000402
   0.000000886959612
   0.000004447660505
   0.000001498436948


logL =

 -64.153383750176502


exitflag =

     0

-----
   1.0e+03 *

   0.000917805635619
   0.000100396924075
   0.001387572849873
  -0.000002218446243
  -0.000038424903402
  -0.000006703516086
   0.000050617133156
   0.002857239581351
   0.000775951477167
   0.000778168753968
   0.000001033971466
   0.000443947426915
  -0.000547179211203
  -0.001299448819432
  -0.000620006646630
   0.002314912835292
   0.001829704314311
   0.000023397787784
  -0.000161859843526
  -0.000303321313112
  -0.000090717931576
   0.000762076423102
   0.000179406534262
   0.000001318365061
   0.000000000106211
   0.000000654867975
  -0.000000000000170
   0.000000405492167
   0.000000000000194
   0.000000549773146
   0.000001909927333
   0.000003046261662
  -0.000113475237030
  -0.000275568468615
   0.000080563647403
  -0.000122220848106
   1.053759954222445
   0.000000455739562
  -0.000003104596710
  -0.000001206529103
   0.000230868247102
   0.000001289012612
   0.000000139441482
  -0.082738624632296
   0.084575057595922
   0.000619621725777
  -0.000001064039714
   0.000000000000579
   0.000000889675190
   0.000004436095816
   0.000001506421551


logL =

 -64.153927279153251


exitflag =

     0

-----
   1.0e+03 *

   0.000919791386041
   0.000100509834271
   0.001389703819662
  -0.000002204896969
  -0.000038404905745
  -0.000006700606057
   0.000050633012587
   0.002878529115547
   0.000777922401571
   0.000784519634988
   0.000000824306266
   0.000446400707500
  -0.000548107252168
  -0.001300922268763
  -0.000619184614105
   0.002314331591257
   0.001829393531261
   0.000023471786176
  -0.000161921465187
  -0.000303303303734
  -0.000090701331969
   0.000762700597383
   0.000179879378413
   0.000001316249917
   0.000000000136371
   0.000000654263335
  -0.000000000000250
   0.000000407307512
   0.000000000000231
   0.000000550095758
   0.000001890555482
   0.000003040142688
  -0.000113466679992
  -0.000274684484765
   0.000080624649207
  -0.000122077406795
   1.054918181368128
   0.000000467090877
  -0.000003112642682
  -0.000001204505487
   0.000226513496666
   0.000001265012422
   0.000000139412400
  -0.082942300400205
   0.084585453211615
   0.000620773216318
  -0.000001060609691
   0.000000000000267
   0.000000886371452
   0.000004479244971
   0.000001489199239


logL =

 -64.154364416757460


exitflag =

     0

-----
   1.0e+03 *

   0.000919155177580
   0.000100609452875
   0.001389607567872
  -0.000002108591862
  -0.000038153992576
  -0.000006647745347
   0.000051150094020
   0.002830579977533
   0.000777372083029
   0.000778730763683
   0.000000141478360
   0.000444024621005
  -0.000546296286510
  -0.001307157239901
  -0.000620453382538
   0.002321109302005
   0.001818881739696
   0.000023517255338
  -0.000162090929374
  -0.000302662701903
  -0.000091130078414
   0.000763863736782
   0.000177800125923
   0.000001319192098
   0.000000000134940
   0.000000654667154
  -0.000000000000270
   0.000000406638116
   0.000000000000980
   0.000000547636708
   0.000001888067564
   0.000003057140090
  -0.000114430772100
  -0.000272107857508
   0.000080761996025
  -0.000121783744836
   1.059935271073777
   0.000000527019824
  -0.000003113722606
  -0.000001194386743
   0.000225066214359
   0.000001251943769
   0.000000139366942
  -0.083106506998317
   0.083898180183830
   0.000622379460294
  -0.000001061299903
  -0.000000000000015
   0.000000890720447
   0.000004518572132
   0.000001492232696


logL =

 -64.154868543586815


exitflag =

     0

-----
