                    0.0001                        10
                    0.0001                        10
                    0.0001                        10
                      -100                       100
                      -100                       100
                      -100                       100
                        -1                         1
                       -10                        10
                       -10                        10
                       -10                        10
                       -40                        40
                       -40                        40
                       -40                        40
                       -10                        10
                       -10                        10
                       -10                        10
                       -10                        10
                       -10                        10
                       -10                        10
                       -10                        10
                       -10                        10
                       -10                        10
                        -4                         4
                        -4                         4
                        -4                         4
                        -4                         4
                        -4                         4
                        -4                         4
                        -4                         4
                        -4                         4
                        -4                         4
                        -2                         2
                       -20                        20
                       -20                        20
                       -20                        20
                      -100                       100
                      -100                       100
                      -100                       100
                      -100                       100
                        -5                         5
                        -5                         5
                        -5                         5
