                    0.8604
                    0.1316
                    1.4528
                 -0.007358
                 -0.044381
                 -0.009482
                    0.0472
                    3.6489
                    0.8774
                    0.7176
                    0.3208
                    -0.427
                   -1.2439
                   -0.6947
                    2.1261
                    3.0772
                    0.0329
                   -0.1468
                    -0.363
                   -0.0788
                    0.5983
                    0.1524
                  0.001314
                  0.000187
                  0.000654
                         0
                  0.000395
                         0
                  0.000531
                    0.0269
                   -0.0209
                    0.1072
                   -0.2214
                 -0.000712
                  -3.8e-05
                 -0.000601
                  0.009136
