         0.810152440791023
         0.133697349969846
          1.48128722951014
      -0.00760641083439035
       -0.0389869346018881
      -0.00983502702077792
        0.0474031209243183
          3.26809405390439
          0.88362872083167
         0.705210344994752
          0.31934993999356
         -0.42465940078356
          -1.3042884347628
         -0.54854503567384
          1.74487976140517
          2.14667055381785
        0.0329572446841885
        -0.151489903022247
        -0.354039104642393
       -0.0578270673799086
         0.575178230824622
       0.00275441797294543
        0.0013228501227438
      -0.00022430165677935
      0.000655234950606986
      4.37049513115573e-07
      0.000398662540184798
      3.05799475989098e-07
      0.000527862084204023
       0.00188864901352108
       0.00294427659829313
        0.0297145672142191
         0.474452605039794
            0.204513333336
        0.0667909297137763
     -0.000850012461949173
      0.000904379097116495
     -0.000126629653130266
       0.00892479526199333
      0.000897764532984701
     -2.95968826478464e-07
     -0.000681693180606809
         0.225519324028533
       0.00415210440261236
        -0.361371742295675
        -0.193704776954363
         0.170666927293446
         0.985221050322722
         0.130652730465921
       -0.0908006700617304
                      0.01
                      0.01
                      0.01
