                    0.8604
                    0.1316
                    1.4528
                 -0.007358
                 -0.044381
                 -0.009482
                    0.0472
                    3.6489
                    0.8774
                    0.7176
                    0.3208
                    -0.427
                   -1.2439
                   -0.6947
                    2.1261
                    3.0772
                    0.0329
                   -0.1468
                    -0.363
                   -0.0788
                    0.5983
                    0.1524
                  0.001314
                  0.000187
                  0.000654
                         0
                  0.000395
                         0
                  0.000531
                    0.0019
                  0.002979
          -0.0919009366576
                   -0.0209
                    0.1072
                   -0.2214
                 -0.000712
                  -3.8e-05
                 -0.000601
                  0.006006
                  0.004707
                  0.004112
                    0.2211
                    0.0042
                   -0.3621
                   -0.1987
                    0.1671
                     0.965
                    0.1278
                   -0.0867
           0.1832092492556
           0.1832092492556
                         0
          797.909005398764
           2.2793200222464
           0.0036363924829
            0.000168099428
         -37.0030945004907
          87.7002844654973
           0.3105365125189
