1952	6	30	1.8388	1.9095	1.975	1.9128	2.0145
1952	7	31	1.9234	2.025	2.087	2.0007	2.1401
1952	8	29	1.9611	2.0541	2.1399	2.0449	2.2025
1952	9	30	1.9886	2.088	2.1495	2.0585	2.293
1952	10	31	1.9071	2.0546	2.1484	2.1038	2.1684
1952	11	28	2.0662	2.1757	2.1904	2.1177	2.1867
1952	12	31	1.9978	2.1908	2.2093	2.1104	2.2097
1953	1	30	1.9682	2.1475	2.1335	2.1357	2.2699
1953	2	27	2.0713	2.196	2.1812	2.1888	2.348
1953	3	31	2.0744	2.2143	2.3499	2.3572	2.4848
1953	4	30	2.3637	2.48	2.1968	2.423	2.6917
1953	5	29	2.5882	2.6621	2.4183	2.6296	3.0374
1953	6	30	2.4211	2.4432	2.3063	2.4365	2.7931
1953	7	31	2.2859	2.33	2.281	2.4221	2.7173
1953	8	31	2.3709	2.2598	2.2967	2.4635	2.788
1953	9	30	2.0244	2.1146	2.2431	2.2282	2.4262
1953	10	30	1.6597	1.8316	1.9362	2.0454	2.252
1953	11	30	1.5764	1.8493	1.909	2.0422	2.421
1953	12	31	1.5743	1.7969	1.9634	1.9517	2.2135
1954	1	29	1.1607	1.4442	1.6754	1.6973	2.1254
1954	2	26	1.1061	1.2987	1.5003	1.6316	1.8812
1954	3	31	1.0586	1.21	1.4243	1.598	1.8184
1954	4	30	0.8355	1.1378	1.3833	1.5456	1.5802
1954	5	28	0.8546	1.1041	1.4344	1.8277	1.776
1954	6	30	0.7317	0.9128	1.3174	1.649	1.7679
1954	7	30	0.631	0.923	1.334	1.6047	1.7504
1954	8	31	0.8244	0.925	1.3302	1.6047	1.8167
1954	9	30	0.9394	1.0515	1.5236	1.6319	1.8816
1954	10	29	1.0515	1.3095	1.5949	1.7828	1.8476
1954	11	30	1.0424	1.3424	1.6047	1.8759	1.9421
1954	12	31	1.1354	1.4848	1.715	1.9904	2.0276
1955	1	31	1.2933	1.77	1.88	2.1101	2.1334
1955	2	28	1.6587	1.9022	2.0763	2.3322	2.3457
1955	3	31	1.554	2.0276	2.1861	2.2842	2.3415
1955	4	29	1.6394	2.1104	2.2863	2.2782	2.3426
1955	5	31	1.8164	2.0515	2.3231	2.313	2.393
1955	6	30	1.8388	2.16	2.4276	2.448	2.5156
1955	7	29	2.0213	2.3231	2.5185	2.527	2.6766
1955	8	31	2.1469	2.5394	2.6424	2.6398	2.7653
1955	9	30	1.9927	2.3876	2.4879	2.5791	2.6597
1955	10	31	2.0754	2.309	2.4413	2.5038	2.5389
1955	11	30	2.579	2.4648	2.7501	2.5907	2.7258
1955	12	30	2.6673	2.6326	2.8102	2.6346	2.8032
1956	1	31	2.377	2.4732	2.5807	2.5777	2.6334
1956	2	29	2.5113	2.449	2.6265	2.6162	2.6924
1956	3	29	2.5184	2.7144	2.7113	2.7286	2.9728
1956	4	30	2.9419	3.1513	3.0574	2.9221	3.0428
1956	5	31	2.8297	2.8868	2.8389	2.8738	2.9135
1956	6	29	2.5359	2.8227	2.783	2.8303	2.846
1956	7	31	2.7166	3.1055	2.917	3.0638	3.1305
1956	8	31	3.116	3.1784	3.2306	3.3849	3.4397
1956	9	28	3.1986	3.2328	3.3292	3.4488	3.5045
1956	10	31	3.0799	3.2131	3.2302	3.3563	3.4645
1956	11	30	3.4177	3.4857	3.5661	3.4853	3.6223
1956	12	31	3.4447	3.5748	3.5394	3.5276	3.6621
1957	1	31	2.9728	3.2958	3.2174	3.2334	3.3116
1957	2	28	3.2348	3.3653	3.3635	3.3735	3.3842
1957	3	29	3.3971	3.2339	3.2832	3.3929	3.4011
1957	4	30	3.4767	3.236	3.4724	3.5071	3.5395
1957	5	31	3.4736	3.3818	3.6059	3.6413	3.7092
1957	6	27	3.6104	3.527	3.7268	3.8562	3.9524
1957	7	31	3.8866	3.6587	3.7932	3.9251	4.045
1957	8	30	3.8803	3.6624	3.7895	3.8492	3.7468
1957	9	30	4.0374	3.8802	3.886	3.9245	4.0815
1957	10	31	3.818	3.9673	4.006	4.0892	3.8523
1957	11	29	3.4343	3.0353	3.0899	3.3037	3.4528
1957	12	31	2.6857	2.5457	2.6962	2.8303	2.8269
1958	1	31	2.0509	2.2316	2.4438	2.7487	2.8336
1958	2	28	1.7289	1.9079	2.1719	2.498	2.612
1958	3	31	1.4961	1.9412	2.1829	2.3847	2.5362
1958	4	30	1.2751	1.6572	1.9832	2.1987	2.4406
1958	5	29	1.1192	1.4853	1.9397	2.0351	2.373
1958	6	30	1.1	1.6685	2.2	2.4897	2.5598
1958	7	31	1.6129	1.8768	2.4448	2.7713	2.8232
1958	8	29	2.7885	3.3497	3.4077	3.6531	3.629
1958	9	30	2.98	3.4006	3.4732	3.6722	3.7102
1958	10	31	3.0253	3.2675	3.6627	3.6121	3.6396
1958	11	28	3.2399	3.2088	3.5632	3.6225	3.4139
1958	12	31	2.9532	3.1204	3.6281	3.7316	3.7654
1959	1	30	3.1006	3.3856	3.8373	3.9556	3.9325
1959	2	27	3.4623	3.415	3.6374	3.7839	3.7596
1959	3	31	3.5544	3.7022	3.8223	3.8451	3.9171
1959	4	30	3.7899	3.8992	3.9351	4.0777	4.0894
1959	5	29	3.8751	3.9852	4.1333	4.1883	4.2329
1959	6	30	4.0947	4.2921	4.2759	4.4116	4.4374
1959	7	31	4.3148	4.1104	4.2195	4.4148	4.5614
1959	8	31	4.4966	4.4705	4.5365	4.6649	4.7026
1959	9	30	4.8035	4.7557	4.7338	4.7572	4.6924
1959	10	30	4.2021	4.2311	4.5044	4.5362	4.2473
1959	11	30	4.8277	4.7711	4.783	4.8554	4.5928
1959	12	31	4.8602	4.9137	4.9922	4.8833	4.8157
1960	1	29	4.6704	4.6568	4.705	4.6727	4.6601
1960	2	29	4.5583	4.4115	4.6574	4.62	4.5845
1960	3	31	3.6125	3.7534	3.8231	3.991	4.0455
1960	4	29	4.1353	4.054	4.1975	4.3788	4.2206
1960	5	31	4.0312	4.1707	4.1409	4.2887	4.394
1960	6	30	3.1687	3.6942	3.7454	3.9526	3.9807
1960	7	29	2.8523	3.106	3.1137	3.5005	3.426
1960	8	31	2.8976	2.9642	3.2718	3.5253	3.5128
1960	9	30	2.8389	2.7022	3.3358	3.6034	3.4945
1960	10	31	2.8276	3.0629	3.4111	3.6366	3.555
1960	11	30	3.0109	3.1891	3.5098	3.8448	3.6813
1960	12	30	2.6272	2.7846	3.1126	3.3517	3.4374
1961	1	31	2.7834	3.1337	3.3653	3.5924	3.6336
1961	2	28	2.9748	3.1023	3.3108	3.4609	3.4902
1961	3	30	2.8965	2.9058	3.1532	3.2801	3.4459
1961	4	28	2.8873	3.0608	3.22	3.1226	3.3499
1961	5	31	2.9295	3.2104	3.414	3.2439	3.5398
1961	6	30	2.9892	3.2483	3.5161	3.63	3.6297
1961	7	31	2.8904	3.1544	3.6311	3.6303	3.6357
1961	8	31	3.048	3.2483	3.6315	3.8058	3.6638
1961	9	29	2.9697	3.1039	3.6237	3.6439	3.59
1961	10	31	2.9377	3.1662	3.5028	3.5063	3.6837
1961	11	30	2.9697	3.3006	3.6218	3.5287	3.7826
1961	12	29	3.1264	3.3936	3.7152	3.7346	3.8533
1962	1	31	3.2926	3.497	3.7981	3.8781	3.9566
1962	2	28	3.1346	3.2461	3.4687	3.5933	3.7073
1962	3	30	2.879	3.1539	3.3281	3.5158	3.5842
1962	4	30	3.0057	3.2798	3.3638	3.576	3.6034
1962	5	31	2.9429	3.1576	3.3148	3.523	3.5794
1962	6	29	3.0624	3.3866	3.4868	3.6152	3.6561
1962	7	31	3.3081	3.4402	3.5454	3.6424	3.7247
1962	8	31	3.0253	3.1688	3.3483	3.4698	3.5398
1962	9	28	2.9789	3.0885	3.3292	3.4709	3.6684
1962	10	31	2.9223	3.09	3.31	3.4055	3.6175
1962	11	30	2.914	3.2024	3.3749	3.4302	3.5367
1962	12	31	2.9779	3.2088	3.383	3.4092	3.4894
1963	1	31	3.0294	3.0592	3.4007	3.4678	3.6043
1963	2	28	2.9614	3.1039	3.4033	3.4953	3.6547
1963	3	29	3.0521	3.1816	3.4343	3.6204	3.6756
1963	4	30	3.1068	3.2755	3.5216	3.6369	3.6837
1963	5	31	3.1326	3.2717	3.5532	3.6882	3.7406
1963	6	28	3.1511	3.292	3.545	3.7212	3.7748
1963	7	31	3.4964	3.6194	3.6598	3.8064	3.8436
1963	8	30	3.7069	3.6597	3.6795	3.846	3.8824
1963	9	30	3.7079	3.6694	3.688	3.8553	3.9235
1963	10	31	3.6664	3.7577	3.751	3.9318	3.9824
1963	11	29	3.8128	3.8127	3.7928	3.9055	3.9502
1963	12	31	3.8398	3.9132	3.9249	4.0048	4.0086
1964	1	31	3.7785	3.8981	3.9422	3.9456	3.9883
1964	2	28	3.9365	3.9868	4.0286	4.016	4.0274
1964	3	31	3.9105	4.0762	4.125	4.1422	4.0683
1964	4	30	3.7723	3.9727	4.0399	4.085	4.0791
1964	5	28	3.8325	3.9343	3.9748	4.0321	3.9837
1964	6	30	3.7795	3.7788	3.8935	3.9696	3.9795
1964	7	31	3.7484	3.6538	3.8684	3.9731	4.0081
1964	8	31	3.8128	3.734	3.9021	3.991	4.0198
1964	9	30	3.897	3.7971	3.9354	3.9981	3.9932
1964	10	30	3.8959	3.8673	3.9771	4.0039	4.0098
1964	11	30	4.2146	4.028	4.0941	4.0812	4.0673
1964	12	31	4.0499	3.9278	3.9681	4.0022	4.0779
1965	1	29	4.0999	3.9381	3.9478	3.9825	4.0828
1965	2	26	4.2271	4.0453	4.0075	4.0104	4.1257
1965	3	31	4.1405	4.0263	4.0207	3.9981	4.1034
1965	4	29	4.0978	4.0188	4.0467	4.0242	4.1211
1965	5	28	4.1114	4.0469	4.0504	4.0224	4.125
1965	6	30	3.976	3.9316	4.0008	4.0201	4.0958
1965	7	30	4.0072	4.0052	4.0557	4.118	4.1255
1965	8	31	4.1718	4.0865	4.1454	4.1623	4.156
1965	9	30	4.3461	4.2403	4.2676	4.2706	4.2503
1965	10	29	4.3764	4.267	4.2937	4.3517	4.3251
1965	11	30	4.4359	4.2904	4.3981	4.4289	4.3975
1965	12	31	4.8728	4.7947	4.8944	4.8809	4.7728
1966	1	31	4.9201	4.8233	4.9056	4.9049	4.8236
1966	2	28	4.98	4.9066	4.9492	4.9939	4.949
1966	3	31	4.9306	4.7194	4.7315	4.7826	4.7294
1966	4	29	4.9768	4.8454	4.867	4.8469	4.8022
1966	5	31	5.0904	5.0109	4.9802	4.9942	4.8784
1966	6	30	5.1062	5.0717	5.1252	5.116	5.01
1966	7	29	5.2747	5.2114	5.2237	5.2356	5.1855
1966	8	31	5.9315	5.8407	5.7606	5.8037	5.5626
1966	9	30	5.9835	5.3988	5.3922	5.3215	5.1503
1966	10	31	5.7004	5.2914	5.2386	5.2098	5.1133
1966	11	30	5.4372	5.3542	5.3292	5.3113	5.1982
1966	12	30	4.9989	4.803	4.8851	4.7391	4.6891
1967	1	31	4.6117	4.4995	4.5655	4.6233	4.5538
1967	2	28	4.6725	4.6403	4.7292	4.7146	4.6902
1967	3	31	4.1291	4.1148	4.2388	4.3335	4.3673
1967	4	28	4.0635	4.3542	4.5147	4.6212	4.6359
1967	5	31	3.9718	4.3155	4.5121	4.5882	4.6846
1967	6	30	5.0473	4.9275	5.055	5.1781	5.2587
1967	7	31	5.1104	4.8768	4.9566	4.9759	5.0257
1967	8	31	5.2589	5.141	5.2163	5.1845	5.1923
1967	9	29	5.3876	5.2042	5.2893	5.2974	5.2203
1967	10	31	5.5333	5.5667	5.5304	5.5205	5.5686
1967	11	30	5.8212	5.5594	5.5982	5.5602	5.6099
1967	12	29	5.992	5.7245	5.7242	5.7011	5.5953
1968	1	31	5.4858	5.313	5.3985	5.4396	5.3974
1968	2	29	5.5291	5.3603	5.5674	5.5093	5.3877
1968	3	29	5.6697	5.5192	5.6953	5.7231	5.5459
1968	4	30	5.9103	5.6198	5.8547	5.863	5.6874
1968	5	31	6.0238	5.7689	5.7717	5.8138	5.6401
1968	6	28	5.9325	5.5432	5.5623	5.5502	5.3798
1968	7	31	5.3949	5.3203	5.0973	5.1249	5.0917
1968	8	30	5.3475	5.1376	5.1217	5.1176	5.1736
1968	9	30	5.3738	5.3336	5.1961	5.1338	5.1827
1968	10	31	5.6253	5.4378	5.2721	5.2252	5.3208
1968	11	29	5.8	5.5667	5.3797	5.3735	5.4937
1968	12	31	6.4869	6.2946	6.0555	6.2539	6.3323
1969	1	31	6.0791	6.1219	5.9888	5.8239	6.0613
1969	2	28	6.6332	6.2782	6.3639	6.1734	6.2909
1969	3	28	6.5424	6.0203	6.1656	6.1277	6.2794
1969	4	30	6.179	6.0728	6.1015	5.9533	6.2059
1969	5	29	6.4805	6.4559	6.5253	6.3846	6.5393
1969	6	30	7.355	7.0108	7.029	6.7959	6.8445
1969	7	31	7.3377	7.2472	7.1192	6.8474	6.7795
1969	8	29	7.6784	7.3051	7.2056	7.0296	6.9611
1969	9	30	7.7994	7.8134	7.7689	7.8243	7.865
1969	10	31	7.3485	7.2033	7.201	7.2321	7.1218
1969	11	28	7.926	7.479	7.5345	7.4827	7.4245
1969	12	31	8.0245	8.1124	8.1494	8.1956	7.972
1970	1	30	7.9779	7.9961	8.0737	8.0934	8.0699
1970	2	27	6.8996	7.0379	7.0376	7.1674	7.1478
1970	3	31	6.6065	6.9068	6.8578	7.1248	7.0514
1970	4	30	7.4874	7.565	7.7374	7.8151	7.7406
1970	5	29	7.4142	7.7696	7.6211	7.6862	7.6091
1970	6	30	7.1872	7.4592	7.5654	7.618	7.5419
1970	7	31	6.7872	7.1918	7.32	7.4848	7.3718
1970	8	31	6.7958	7.0177	7.1936	7.3589	7.2458
1970	9	30	6.5894	6.551	6.8181	6.978	7.0494
1970	10	30	6.3025	6.5237	6.7119	6.8563	6.8797
1970	11	30	5.0957	5.3175	5.6376	5.8204	5.8974
1970	12	31	4.8823	5.3915	5.7701	5.8128	5.921
1971	1	29	4.3336	4.6623	5.2487	5.6114	5.6573
1971	2	26	3.8024	4.297	4.8481	5.1624	5.3077
1971	3	31	3.7556	4.1441	4.5056	4.8175	4.9815
1971	4	30	4.5364	5.2214	5.7096	5.7992	5.9776
1971	5	28	4.9432	5.44	5.8658	5.8491	6.2108
1971	6	30	6.0727	6.2623	6.6655	6.6138	6.7871
1971	7	30	6.1439	6.3281	6.7397	6.8326	6.8961
1971	8	31	5.281	5.4517	5.7072	5.7936	6.0267
1971	9	30	5.2673	5.3871	5.6522	5.7703	5.9676
1971	10	29	4.6232	4.9778	5.2195	5.4384	5.6626
1971	11	30	4.7521	5.064	5.2811	5.4903	5.7262
1971	12	31	4.1677	4.8322	5.081	5.2039	5.4312
1972	1	31	4.1353	4.8079	5.3331	5.476	5.7217
1972	2	29	4.2876	4.7656	5.2425	5.4337	5.6642
1972	3	30	4.9348	5.5164	5.7808	5.8791	6.0021
1972	4	28	4.5343	5.1221	5.534	5.6515	5.8006
1972	5	31	4.6274	4.9435	5.3726	5.5489	5.7142
1972	6	30	5.2336	5.4177	5.6981	5.8548	5.9081
1972	7	31	4.9463	5.2441	5.6629	5.8576	5.8837
1972	8	31	5.4815	5.6226	5.8773	6.1172	6.0819
1972	9	29	5.6285	5.7947	5.9338	6.0136	6.0581
1972	10	31	5.5365	5.7537	5.933	6.0786	6.0933
1972	11	30	5.3928	5.6327	5.7951	6.0142	6.0078
1972	12	29	5.5544	5.9324	6.0004	6.0719	6.1738
1973	1	31	6.1439	6.2085	6.2709	6.3755	6.3022
1973	2	28	6.4048	6.5174	6.5744	6.6138	6.5929
1973	3	30	6.9114	6.8082	6.7083	6.6408	6.6544
1973	4	30	6.7006	6.6309	6.637	6.55	6.5645
1973	5	31	6.9447	6.7194	6.6045	6.5468	6.5979
1973	6	29	7.536	6.9734	6.8918	6.7195	6.724
1973	7	31	8.6255	7.9609	7.7925	7.8257	7.6434
1973	8	31	8.3436	7.636	7.2516	7.1318	7.0531
1973	9	28	7.7021	6.978	6.6215	6.5978	6.5462
1973	10	31	7.1217	6.7212	6.6337	6.6761	6.6355
1973	11	30	7.4045	6.6743	6.6114	6.6014	6.611
1973	12	31	7.1238	6.6886	6.6366	6.6571	6.6784
1974	1	31	6.8857	6.66	6.7148	6.7526	6.7447
1974	2	28	7.0208	6.8047	6.6948	6.7985	6.8093
1974	3	29	8.1601	7.7147	7.5943	7.5131	7.4213
1974	4	30	8.6702	8.1583	8.0572	8.0017	7.941
1974	5	31	8.2925	7.9492	7.944	7.9058	7.733
1974	6	28	8.6561	8.3045	8.1613	8.23	8.0828
1974	7	31	8.6571	8.3665	8.3133	8.34	8.191
1974	8	30	9.6511	8.6796	8.4307	8.3306	8.3853
1974	9	30	7.8924	8.0454	7.8195	7.8695	7.8321
1974	10	31	7.6406	7.692	7.7285	7.7697	7.7772
1974	11	29	7.4907	7.2126	7.3237	7.3311	7.3969
1974	12	31	6.875	7.1791	7.1448	7.1361	7.0964
1975	1	31	6.0663	6.6503	6.8471	7.0306	7.1587
1975	2	28	5.8466	6.2113	6.5046	6.6128	6.9441
1975	3	31	6.2067	6.6937	6.9784	7.2041	7.3011
1975	4	30	6.6824	7.3815	7.7021	7.8561	7.8585
1975	5	30	5.9835	6.7927	7.1056	7.2919	7.4204
1975	6	30	6.7198	7.0701	7.3441	7.2912	7.605
1975	7	31	7.1689	7.5272	7.7736	7.7352	7.8419
1975	8	29	7.3593	7.678	7.8005	7.8808	7.9836
1975	9	30	7.551	8.0155	8.0156	8.246	8.1188
1975	10	31	6.1322	6.9171	7.1151	7.2919	7.5431
1975	11	28	6.4731	7.1618	7.3387	7.3657	7.7132
1975	12	31	5.9899	6.6143	6.9414	7.1235	7.3625
1976	1	30	5.5449	6.3332	6.884	7.1724	7.3871
1976	2	27	6.044	6.6829	7.0545	7.2044	7.34
1976	3	31	5.993	6.6155	6.9254	7.1647	7.2933
1976	4	30	5.9654	6.543	6.8729	7.0144	7.2685
1976	5	28	6.7016	7.2455	7.4148	7.5435	7.6252
1976	6	30	6.3419	6.916	7.0978	7.3599	7.466
1976	7	30	6.0015	6.6623	6.9098	7.1677	7.2737
1976	8	31	5.8223	6.477	6.6626	6.978	7.1661
1976	9	30	5.7216	6.2136	6.5549	6.7317	7.0096
1976	10	29	5.453	5.9707	6.2419	6.4793	6.7341
1976	11	30	4.9148	5.3258	5.6041	5.8532	6.0556
1976	12	31	4.7542	5.2847	5.6823	5.775	6.0928
1977	1	31	5.5872	6.0768	6.4807	6.7124	6.7501
1977	2	28	5.4583	5.9882	6.4189	6.7585	6.8726
1977	3	31	5.3517	5.9071	6.3567	6.6761	6.8602
1977	4	29	5.4108	6.009	6.32	6.7186	6.838
1977	5	31	5.6454	6.0813	6.3321	6.6483	6.7907
1977	6	30	5.6094	5.9634	6.1777	6.4676	6.619
1977	7	29	6.1524	6.3888	6.5298	6.7955	6.9144
1977	8	31	6.2365	6.481	6.611	6.767	6.8445
1977	9	30	6.4613	6.6766	6.7956	6.8909	6.9968
1977	10	31	6.7819	7.0195	7.1229	7.2141	7.2697
1977	11	30	6.6257	6.9832	7.0426	7.1275	7.2028
1977	12	30	6.8161	7.0909	7.1775	7.3328	7.4564
1978	1	31	7.0701	7.3259	7.4048	7.5313	7.593
1978	2	28	7.1335	7.4314	7.5583	7.6553	7.7288
1978	3	31	7.1442	7.5615	7.6484	7.7574	7.7769
1978	4	28	7.3916	7.6389	7.7832	7.8424	7.914
1978	5	31	7.7626	7.9369	7.9677	8.0069	8.1257
1978	6	30	8.1709	8.301	8.3124	8.3107	8.3158
1978	7	31	8.0505	8.2886	8.2577	8.2102	8.2419
1978	8	31	8.2534	8.2479	8.1677	8.1786	8.1922
1978	9	29	8.5296	8.4493	8.2603	8.2808	8.2852
1978	10	31	9.5058	9.2316	9.062	8.9923	8.724
1978	11	30	9.7436	9.2737	8.8871	8.6957	8.5374
1978	12	29	10.1977	9.6689	9.3882	9.1108	9.0244
1979	1	31	9.7811	9.3689	8.9154	8.7131	8.7042
1979	2	28	9.9312	9.6059	9.024	9.0329	9.0445
1979	3	30	9.6313	9.4582	9.0568	8.9565	8.9248
1979	4	30	9.7889	9.6447	9.1826	9.0928	9.065
1979	5	31	9.6214	9.2629	8.7941	8.8135	8.6878
1979	6	29	9.1567	8.6564	8.5416	8.5035	8.3507
1979	7	31	9.441	9.0599	8.7923	8.7042	8.5935
1979	8	31	10.0262	9.5604	9.2278	9.0494	8.8605
1979	9	28	10.6684	9.8099	9.5224	9.2328	9.1003
1979	10	31	12.4226	11.6382	11.2104	10.8242	10.626
1979	11	30	11.1524	10.9812	10.1605	9.9653	9.977
1979	12	31	11.1871	10.8512	10.3837	10.1148	9.9681
1980	1	31	11.6152	11.3519	10.788	10.6989	10.6019
1980	2	29	14.3478	13.641	13.2484	12.6812	12.2048
1980	3	31	14.8802	13.9824	13.0161	12.2797	12.2291
1980	4	30	10.3751	10.5132	10.1718	10.0224	10.1779
1980	5	30	8.5013	8.7355	9.0791	9.2864	9.5924
1980	6	30	8.2143	8.7421	9.0358	9.1598	9.3937
1980	7	31	8.9039	9.4582	9.7163	9.7373	10.0816
1980	8	29	11.0742	11.1616	11.2515	11.1896	11.2902
1980	9	30	11.7512	11.7045	11.5754	11.593	11.5083
1980	10	30	12.9528	12.4821	12.3403	12.1074	12.2646
1980	11	28	14.2255	13.1599	12.8476	12.5433	12.5832
1980	12	31	12.8118	12.3917	11.9635	11.9848	11.8852
1981	1	30	13.4538	12.5547	12.2603	12.2042	12.273
1981	2	27	14.0032	13.1879	13.233	13.0716	13.0267
1981	3	31	12.6028	12.6209	12.6341	12.7228	12.8613
1981	4	30	14.5107	14.2603	13.7809	13.8969	13.7445
1981	5	29	14.3559	13.8305	13.5283	13.3929	13.1217
1981	6	30	13.9055	13.9877	13.5544	13.799	13.2353
1981	7	31	15.307	15.0945	14.4128	14.3264	14.0196
1981	8	31	15.8117	15.6391	15.5715	14.9019	14.7512
1981	9	30	15.4329	15.5919	15.5151	15.8347	15.0096
1981	10	30	13.762	13.9804	14.0684	14.3104	14.2841
1981	11	30	11.0518	11.5764	12.5364	12.256	12.1846
1981	12	31	12.8993	13.1892	13.4873	13.5652	13.4449
1982	1	29	13.6347	13.4744	13.7492	13.8081	13.6303
1982	2	26	13.809	13.7587	13.604	13.6027	13.4406
1982	3	31	13.6565	13.8226	13.8631	13.9209	13.5514
1982	4	30	13.3052	13.4954	13.413	13.2919	13.1359
1982	5	28	12.8118	13.0488	13.2182	13.1227	13.1425
1982	6	30	13.963	14.0638	14.1922	13.8372	14.0296
1982	7	30	12.2394	12.8286	13.0225	12.8015	13.2047
1982	8	31	11.234	11.6357	12.1492	12.4387	12.3938
1982	9	30	10.2022	10.9426	11.175	11.1412	11.4168
1982	10	29	9.4223	9.9616	10.5626	10.2919	10.3604
1982	11	30	9.2104	9.7132	10.1727	10.5986	10.4617
1982	12	31	8.4676	9.2822	9.8433	10.1594	10.2729
1983	1	31	8.7117	9.3707	10.0292	10.0004	10.4586
1983	2	28	8.4763	9.1469	9.5348	9.9237	10.0538
1983	3	31	9.1195	9.6556	10.0161	9.9635	10.4024
1983	4	29	8.6626	9.2304	9.5747	9.7351	10.0334
1983	5	31	9.2532	9.8044	10.0395	10.3285	10.5679
1983	6	30	9.3992	10.022	10.1777	10.4209	10.7609
1983	7	29	10.2753	10.7334	10.9789	11.4124	11.535
1983	8	31	10.3218	10.8438	11.1228	11.51	11.7541
1983	9	30	9.6225	10.2867	10.6666	10.7777	11.2895
1983	10	31	9.5322	10.3377	10.7733	11.0574	11.2368
1983	11	30	9.6775	10.3943	10.6584	11.0916	11.1266
1983	12	30	9.8561	10.5577	10.7636	11.1822	11.373
1984	1	31	9.5619	10.3512	10.5946	10.9293	11.1695
1984	2	29	9.918	10.7377	10.9886	11.332	11.5012
1984	3	30	10.6083	11.288	11.5636	11.8897	12.0358
1984	4	30	10.7062	11.5834	11.7713	12.0462	12.286
1984	5	31	11.893	12.6106	12.9221	13.1265	13.4078
1984	6	29	11.8862	12.7879	13.1202	13.229	13.3648
1984	7	31	11.5557	12.2279	12.3133	12.3931	12.536
1984	8	31	11.7163	12.1348	12.2492	12.4005	12.4698
1984	9	28	11.1077	11.7621	11.9325	12.1261	12.175
1984	10	31	10.1203	10.8221	11.0828	11.2233	11.2771
1984	11	30	9.4519	10.2026	10.5978	10.9905	11.0451
1984	12	31	9.0176	9.7861	10.386	10.651	10.9671
1985	1	31	8.8372	9.6671	10.0932	10.5551	10.5886
1985	2	28	9.6764	10.3881	10.7931	11.2691	11.3109
1985	3	29	9.5872	10.2155	10.6611	11.1396	11.1231
1985	4	30	8.9225	9.7655	10.2084	10.7123	10.7763
1985	5	31	8.0267	8.7201	9.2221	9.7204	9.7311
1985	6	28	7.7216	8.6065	9.2678	9.66	9.7207
1985	7	31	8.1525	8.8351	9.4643	10.0127	9.9247
1985	8	30	8.0115	8.8536	9.2234	9.7421	9.7207
1985	9	30	8.0224	8.7058	9.1764	9.6555	9.7816
1985	10	31	7.7702	8.5246	8.8988	9.3089	9.506
1985	11	29	7.6676	8.3069	8.5942	8.9992	9.1916
1985	12	31	7.4788	7.852	8.1596	8.4295	8.6283
1986	1	31	7.5564	7.8064	8.2231	8.4684	8.6483
1986	2	28	7.3571	7.5551	7.7302	7.8887	8.0343
1986	3	31	6.7915	6.8363	7.0908	7.2849	7.368
1986	4	30	6.4965	6.7017	7.13	7.2728	7.4027
1986	5	30	6.8161	7.3271	7.6513	8.0492	8.1077
1986	6	30	6.4187	6.7824	7.125	7.4474	7.5023
1986	7	31	6.1971	6.4582	7.0516	7.1754	7.3935
1986	8	29	5.4984	5.9572	6.343	6.5578	6.6472
1986	9	30	5.8233	6.332	6.7221	7.1202	7.2835
1986	10	31	5.6348	6.1615	6.5265	6.787	7.0565
1986	11	28	5.7629	6.1378	6.3708	6.6386	6.7526
1986	12	31	6.06	6.2963	6.499	6.6421	6.917
1987	1	30	5.8891	6.2147	6.4597	6.6679	6.7484
1987	2	27	6.009	6.294	6.4625	6.6549	6.7487
1987	3	31	6.1992	6.4599	6.6993	6.8442	7.065
1987	4	30	6.8364	7.2288	7.5793	7.7635	7.8434
1987	5	29	7.1475	7.6366	7.8713	8.0275	8.123
1987	6	30	6.8418	7.3578	7.6333	7.8202	8.0155
1987	7	31	6.9157	7.4952	7.8426	7.9896	8.1392
1987	8	31	7.2248	7.835	8.1515	8.286	8.4295
1987	9	30	7.9032	8.4405	8.7594	9.0185	9.1053
1987	10	30	6.7508	7.6517	8.0381	8.3327	8.3771
1987	11	30	6.9018	7.565	7.9724	8.2693	8.4667
1987	12	31	7.242	7.6284	7.8946	8.1214	8.3127
1988	1	29	6.7744	7.167	7.3919	7.5939	7.6862
1988	2	29	6.6076	7.0039	7.2379	7.4137	7.5431
1988	3	31	6.8493	7.2681	7.5312	7.7888	7.9764
1988	4	29	7.0712	7.6319	7.8899	8.1343	8.2546
1988	5	31	7.6643	8.0531	8.2722	8.5141	8.6406
1988	6	30	7.509	7.8543	8.0211	8.1876	8.3142
1988	7	29	7.9476	8.2844	8.3968	8.5253	8.5997
1988	8	31	8.2534	8.5293	8.6076	8.7517	8.7937
1988	9	30	7.953	8.2473	8.3681	8.4145	8.4975
1988	10	31	7.9022	8.076	8.1005	8.18	8.2121
1988	11	30	8.4632	8.6415	8.6361	8.7361	8.7332
1988	12	30	8.8711	8.948	8.9943	9.0035	9.0109
1989	1	31	8.8831	8.9055	8.864	8.8762	8.8335
1989	2	28	9.3542	9.3111	9.2507	9.2599	9.1602
1989	3	31	9.5949	9.4794	9.4652	9.3477	9.2919
1989	4	28	9.0997	9.1019	9.0406	8.9805	8.9008
1989	5	31	8.7652	8.6047	8.6028	8.5802	8.5459
1989	6	30	8.0961	7.8836	7.9182	7.8619	7.9431
1989	7	31	7.5974	7.3601	7.459	7.4369	7.4337
1989	8	31	8.1123	8.2255	8.1877	8.172	8.1332
1989	9	29	8.286	8.3039	8.3073	8.2686	8.2326
1989	10	31	7.7464	7.6756	7.7727	7.769	7.7607
1989	11	30	7.6687	7.5755	7.6391	7.6876	7.6847
1989	12	29	7.7994	7.7561	7.8106	7.8059	7.7686
1990	1	31	8.0755	8.0977	8.1605	8.2202	8.2486
1990	2	28	8.0494	8.2402	8.2675	8.3613	8.3768
1990	3	30	8.2415	8.4926	8.5575	8.5489	8.5383
1990	4	30	8.5373	8.7611	8.8432	8.9001	8.8742
1990	5	31	8.121	8.2956	8.3471	8.4614	8.4862
1990	6	29	7.9249	8.066	8.1532	8.2314	8.2773
1990	7	31	7.6676	7.7474	7.8616	7.9456	8.0379
1990	8	31	7.5996	7.9058	8.1209	8.3295	8.4572
1990	9	28	7.6255	7.8889	8.0648	8.2724	8.3963
1990	10	31	7.4551	7.6022	7.7992	8.0286	8.1642
1990	11	30	7.3119	7.3746	7.5567	7.7615	7.8674
1990	12	31	6.9179	7.0638	7.3138	7.4696	7.6516
1991	1	31	6.6086	6.9103	7.1688	7.4403	7.5268
1991	2	28	6.4965	6.8942	7.1651	7.4527	7.5699
1991	3	28	6.4219	7.0022	7.2545	7.5557	7.7391
1991	4	30	6.2014	6.6851	7.0623	7.4113	7.551
1991	5	31	6.2397	6.7452	7.0512	7.4538	7.6208
1991	6	28	6.3643	6.881	7.315	7.6927	7.8709
1991	7	31	6.1758	6.6897	7.1027	7.5188	7.713
1991	8	30	5.675	6.3184	6.6638	7.1019	7.3051
1991	9	30	5.3854	5.933	6.3228	6.7245	6.8701
1991	10	31	5.1535	5.6042	6.0775	6.5231	6.7109
1991	11	29	4.8151	5.3698	5.8023	6.3633	6.5937
1991	12	31	4.1833	4.7364	5.1766	5.7847	5.9234
1992	1	31	4.3273	5.0463	5.7535	6.2507	6.4284
1992	2	28	4.3889	5.2436	5.8245	6.3759	6.6567
1992	3	31	4.6096	5.5633	6.2443	6.7405	6.9187
1992	4	30	4.3764	5.3904	6.0603	6.6115	6.9209
1992	5	29	4.2574	5.187	5.8114	6.3172	6.6918
1992	6	30	4.0635	4.7991	5.453	5.991	6.3115
1992	7	31	3.57	4.3553	5.0015	5.5645	5.8467
1992	8	31	3.4353	4.1088	4.7418	5.34	5.6229
1992	9	30	3.1047	3.7744	4.3997	4.9799	5.3584
1992	10	30	3.5959	4.464	5.0736	5.6644	6.0237
1992	11	30	3.9219	4.7392	5.4287	5.9666	6.2406
1992	12	31	3.6508	4.4935	5.2011	5.6848	6.0543
1993	1	29	3.4643	4.2218	4.7876	5.2418	5.673
1993	2	26	3.3288	3.9257	4.4297	4.9521	5.3153
1993	3	31	3.3526	3.9154	4.4869	4.9622	5.2502
1993	4	30	3.2874	3.7755	4.3483	4.8405	5.155
1993	5	28	3.6602	4.1973	4.6781	5.0805	5.4026
1993	6	30	3.4995	3.9825	4.3928	4.75	5.0548
1993	7	30	3.485	4.1061	4.5373	4.8375	5.2057
1993	8	31	3.3536	3.8327	4.2244	4.4895	4.7977
1993	9	30	3.3733	3.8424	4.2036	4.5485	4.7796
1993	10	29	3.4757	3.9473	4.3085	4.6041	4.817
1993	11	30	3.6322	4.1707	4.5323	4.9022	5.1469
1993	12	31	3.626	4.1908	4.4686	4.9454	5.2122
1994	1	31	3.5171	4.0768	4.4385	4.743	5.0121
1994	2	28	4.0624	4.6403	5.0255	5.3469	5.5869
1994	3	31	4.4767	5.1581	5.6669	5.984	6.2056
1994	4	29	4.9842	5.687	6.1211	6.4291	6.5937
1994	5	31	5.2968	5.933	6.3172	6.5504	6.7142
1994	6	30	5.4266	6.0734	6.3934	6.7385	6.9204
1994	7	29	5.3337	5.9268	6.2331	6.5033	6.6762
1994	8	31	5.4657	6.0818	6.3563	6.5832	6.7534
1994	9	30	5.8636	6.5014	6.7976	7.0445	7.2168
1994	10	31	6.043	6.7389	7.0232	7.2421	7.4001
1994	11	30	6.8364	7.2582	7.5061	7.6183	7.6718
1994	12	30	7.1228	7.5167	7.6849	7.706	7.6762
1995	1	31	6.7433	7.1312	7.31	7.3814	7.4184
1995	2	28	6.3568	6.6709	6.8066	6.8961	6.9614
1995	3	31	6.3323	6.6766	6.8271	6.9222	6.9756
1995	4	28	6.2514	6.4855	6.6366	6.7438	6.7708
1995	5	31	5.7121	5.7762	5.8694	5.9466	5.9981
1995	6	30	5.5365	5.7117	5.807	5.9045	5.8966
1995	7	31	5.5893	5.7941	5.9701	6.0782	6.0781
1995	8	31	5.6211	5.7431	5.871	5.9777	5.9854
1995	9	29	5.6793	5.733	5.8388	5.9273	5.9127
1995	10	31	5.5291	5.5354	5.6451	5.7278	5.727
1995	11	30	5.3211	5.2664	5.3636	5.4579	5.4564
1995	12	29	5.1272	5.1016	5.1965	5.3005	5.3077
1996	1	31	4.9022	4.8663	5.0104	5.1409	5.1917
1996	2	29	5.1399	5.3514	5.4821	5.6293	5.6664
1996	3	29	5.4477	5.7032	5.8622	6.0222	6.0462
1996	4	30	5.5322	5.9364	6.1264	6.2751	6.3189
1996	5	31	5.6592	6.1361	6.3462	6.5104	6.5606
1996	6	28	5.674	6.0231	6.2492	6.3465	6.3804
1996	7	31	5.8678	6.1129	6.3132	6.434	6.4922
1996	8	30	5.8085	6.2334	6.467	6.5923	6.6369
1996	9	30	5.6644	6.004	6.2082	6.3362	6.378
1996	10	31	5.4382	5.6545	5.8189	5.9679	6.0062
1996	11	29	5.3527	5.5103	5.6455	5.7136	5.7576
1996	12	31	5.4562	5.7857	5.9733	6.0725	6.1422
1997	1	31	5.472	5.8155	5.9996	6.0853	6.1817
1997	2	28	5.5703	5.9882	6.162	6.2529	6.3175
1997	3	31	5.9113	6.3309	6.529	6.6343	6.6636
1997	4	30	5.8053	6.1887	6.341	6.4473	6.4908
1997	5	30	5.7703	6.0988	6.2669	6.3894	6.4149
1997	6	30	5.6084	5.9865	6.1272	6.2738	6.3016
1997	7	31	5.5016	5.6456	5.7274	5.7914	5.8309
1997	8	29	5.7184	5.8812	6.0335	6.1258	6.1319
1997	9	30	5.5629	5.7083	5.8054	5.9098	5.91
1997	10	31	5.2842	5.541	5.6309	5.6678	5.6324
1997	11	28	5.4794	5.7201	5.7761	5.8201	5.7555
1997	12	31	5.4108	5.574	5.6199	5.6515	5.6316
1998	1	30	5.1493	5.2647	5.292	5.3661	5.3116
1998	2	27	5.3158	5.4757	5.4942	5.5573	5.5101
1998	3	31	5.3148	5.5069	5.5694	5.5883	5.5435
1998	4	30	5.3295	5.4974	5.558	5.5983	5.5615
1998	5	29	5.3348	5.4785	5.5281	5.5711	5.4801
1998	6	30	5.3369	5.4066	5.4777	5.4763	5.3843
1998	7	31	5.4055	5.4222	5.462	5.4934	5.4666
1998	8	31	5.0252	4.8184	4.9029	4.9007	4.856
1998	9	30	4.5688	4.2741	4.3434	4.3083	4.346
1998	10	30	4.3691	4.1723	4.3157	4.3609	4.4839
1998	11	30	4.6316	4.4782	4.5292	4.6387	4.5571
1998	12	31	4.438	4.5116	4.6026	4.6585	4.5905
1999	1	29	4.4799	4.5444	4.5869	4.605	4.5282
1999	2	26	4.8907	5.1016	5.2308	5.2924	5.2099
1999	3	31	4.6788	4.9347	5.0596	5.1519	5.1728
1999	4	30	4.6997	5.0142	5.14	5.2116	5.2699
1999	5	28	4.9947	5.3687	5.534	5.6174	5.6557
1999	6	30	5.1925	5.4528	5.5596	5.6377	5.7627
1999	7	30	5.3137	5.5678	5.6819	5.8276	5.925
1999	8	31	5.4667	5.6512	5.7828	5.92	5.9714
1999	9	30	5.3728	5.5382	5.6546	5.8074	5.8821
1999	10	29	5.565	5.7402	5.8292	6.0028	6.0475
1999	11	30	5.7788	5.9319	5.9848	6.0827	6.1455
1999	12	31	5.8763	6.1519	6.223	6.3005	6.3931
2000	1	31	6.1822	6.51	6.5622	6.5465	6.6631
2000	2	29	6.0972	6.436	6.501	6.4796	6.5676
2000	3	31	6.2823	6.3604	6.3349	6.2632	6.2518
2000	4	28	6.4837	6.5778	6.4974	6.4932	6.459
2000	5	31	6.2652	6.5932	6.5261	6.5231	6.4518
2000	6	30	6.376	6.2612	6.1985	6.2096	6.1569
2000	7	31	6.3622	6.2	6.2238	6.1728	6.1259
2000	8	31	6.1269	6.0756	6.0084	5.9593	5.9307
2000	9	29	6.1748	5.8868	5.8722	5.8239	5.799
2000	10	31	6.2046	5.8199	5.8209	5.763	5.7046
2000	11	30	5.8307	5.5432	5.5241	5.4841	5.3887
2000	12	29	5.4583	5.0574	5.0949	5.0554	4.9921
2001	1	31	4.6515	4.5641	4.7027	4.8132	4.8458
2001	2	28	4.415	4.3831	4.5579	4.6528	4.6985
2001	3	30	4.1312	4.1876	4.4095	4.5434	4.6225
2001	4	30	4.0333	4.2752	4.6425	4.8254	4.9311
2001	5	31	3.7899	4.2104	4.6248	4.8657	4.9759
2001	6	29	3.8668	4.236	4.6697	4.9241	5.0708
2001	7	31	3.455	3.7718	4.2202	4.4913	4.6704
2001	8	31	3.3195	3.6017	4.0583	4.3237	4.4966
2001	9	28	2.5287	2.8285	3.431	3.7697	4.0573
2001	10	31	1.956	2.3682	2.957	3.3623	3.6744
2001	11	30	2.0448	2.8343	3.5157	3.9131	4.1021
2001	12	31	2.0519	3.0635	3.8141	4.2273	4.4366
2002	1	31	2.2767	3.1438	3.8111	4.2448	4.5184
2002	2	28	2.1949	3.0337	3.6241	4.0786	4.3574
2002	3	28	2.7114	3.6979	4.34	4.7376	5.0095
2002	4	30	2.2491	3.2205	3.8571	4.2911	4.583
2002	5	31	2.2624	3.1896	3.7354	4.1219	4.4134
2002	6	28	1.9519	2.8915	3.4683	3.869	4.1518
2002	7	31	1.7228	2.2216	2.8494	3.2926	3.6352
2002	8	30	1.7421	2.1135	2.5515	2.9913	3.2864
2002	9	30	1.4302	1.683	2.0356	2.3941	2.6674
2002	10	31	1.3369	1.6608	2.1278	2.5314	2.8758
2002	11	29	1.5022	2.0385	2.6124	3.0333	3.322
2002	12	31	1.2083	1.5843	2.0327	2.4602	2.8085
2003	1	31	1.2802	1.6939	2.2022	2.6779	3.0435
2003	2	28	1.2295	1.5127	1.933	2.3721	2.7285
2003	3	31	1.1476	1.4874	1.974	2.445	2.828
2003	4	30	1.1536	1.4761	1.9814	2.4742	2.8892
2003	5	30	1.1637	1.3228	1.6236	2.001	2.3532
2003	6	30	1.0424	1.3013	1.7014	2.1144	2.5029
2003	7	31	1.2255	1.7332	2.3385	2.89	3.3641
2003	8	29	1.2933	1.9672	2.553	3.0963	3.5154
2003	9	30	1.0576	1.4647	1.9807	2.445	2.8827
2003	10	31	1.2336	1.8244	2.4072	2.867	3.2984
2003	11	28	1.4474	2.0458	2.5832	3.009	3.3883
2003	12	31	1.2305	1.8373	2.3714	2.8435	3.265
2004	1	28	1.295	1.8604	2.3915	2.8401	3.2206
2004	2	25	1.1572	1.6577	2.1706	2.6167	3.0005
2004	3	31	1.161	1.576	2.0283	2.4448	2.8163
2004	4	28	1.6019	2.3199	2.8617	3.2858	3.6364
2004	5	26	1.8005	2.5326	3.0792	3.5037	3.8511
2004	6	30	2.0742	2.7075	3.1654	3.5307	3.8393
2004	7	28	2.1634	2.7868	3.2157	3.5594	3.8526
2004	8	25	2.04	2.4923	2.8693	3.1964	3.486
2004	9	29	2.233	2.6059	2.8973	3.1502	3.3822
2004	10	27	2.2831	2.6109	2.8932	3.1485	3.3847
2004	11	24	2.6709	3.0079	3.2331	3.4207	3.597
2004	12	29	2.8048	3.1162	3.3266	3.5104	3.6903
2005	1	26	2.9542	3.2554	3.4315	3.5707	3.7036
2005	2	23	3.1589	3.4538	3.617	3.7374	3.8484
2005	3	30	3.4862	3.8566	4.0323	4.1386	4.2265
2005	4	27	3.3664	3.614	3.73	3.8097	3.8874
2005	5	25	3.3902	3.594	3.6652	3.7107	3.7648
2005	6	29	3.5059	3.6373	3.6742	3.6974	3.7328
2005	7	27	3.8197	3.9768	4.0201	4.037	4.0598
2005	8	31	3.7522	3.8071	3.8086	3.8094	3.8261
2005	9	28	4.0053	4.0779	4.0604	4.0518	4.0701
2005	10	26	4.3037	4.386	4.404	4.413	4.4327
2005	11	30	4.3798	4.3993	4.3699	4.3517	4.359
2005	12	28	4.3686	4.3522	4.3119	4.2823	4.2736
2006	1	25	4.5001	4.4361	4.3935	4.3744	4.3761
2006	2	22	4.6879	4.6443	4.5948	4.5548	4.5295
2006	3	29	4.8168	4.7938	4.7603	4.7372	4.7307
2006	4	26	4.99	4.9603	4.9359	4.9285	4.9399
2006	5	31	5.0399	5.0028	4.9668	4.9502	4.9563
2006	6	28	5.3033	5.2528	5.1899	5.1456	5.1275
2006	7	26	5.1447	5.0241	4.9486	4.9105	4.9015
2006	8	30	4.9837	4.7832	4.682	4.6428	4.6414
2006	9	27	4.8435	4.6271	4.5145	4.4683	4.4635
2006	10	25	4.9768	4.8148	4.7194	4.6721	4.6585
2006	11	29	4.85	4.625	4.4962	4.4326	4.4122
2006	12	27	4.9258	4.7262	4.6096	4.5514	4.5337
2007	1	31	5.0035	4.8697	4.7881	4.7453	4.7307
2007	2	28	4.8384	4.6016	4.4811	4.4327	4.4281
2007	3	28	4.804	4.5452	4.4319	4.4026	4.4207
2007	4	25	4.8695	4.603	4.4833	4.4476	4.4593
2007	5	30	4.9435	4.8549	4.787	4.7494	4.7405
2007	6	27	4.9358	4.8743	4.8533	4.8616	4.89
2007	7	25	4.8689	4.7123	4.661	4.6688	4.7079
2007	8	29	4.2595	4.1573	4.139	4.1757	4.2461
2007	9	26	4.0043	3.9784	4.0222	4.1085	4.2178
2007	10	31	4.0285	3.9101	3.9112	3.9806	4.0846
2007	11	28	3.2855	3.1717	3.2183	3.3498	3.5184
2007	12	26	3.4202	3.2894	3.3438	3.4957	3.69
2008	1	30	2.2617	2.2908	2.4698	2.7154	2.981
2008	2	27	1.9207	1.9932	2.2726	2.6084	2.9426
2008	3	26	1.5334	1.6844	1.9228	2.2098	2.5171
2008	4	30	1.9032	2.21	2.5067	2.7891	3.0541
2008	5	28	2.2505	2.5893	2.8971	3.1757	3.4271
2008	6	25	2.4353	2.7649	3.0614	3.3273	3.5649
2008	7	30	2.2702	2.5768	2.8674	3.1395	3.3916
2008	8	27	2.08	2.2893	2.5262	2.7742	3.0214
2008	9	24	1.8109	1.9965	2.2738	2.5924	2.9188
2008	10	29	1.3646	1.4325	1.8063	2.3147	2.8533
2008	11	26	0.8427	0.8793	1.165	1.5699	2.0121
2008	12	31	0.385	0.5713	0.8642	1.2057	1.5568
2009	1	28	0.4842	0.729	1.0733	1.4639	1.8641
2009	2	25	0.7773	1.0403	1.3875	1.7696	2.1534
2009	3	25	0.6595	0.9446	1.2645	1.597	1.9263
2009	4	29	0.5201	0.9241	1.3349	1.7375	2.121
2009	5	27	0.5186	0.9697	1.4831	2.0043	2.5002
2009	6	24	0.5792	1.1981	1.7809	2.3085	2.7726
2009	7	29	0.5708	1.1792	1.7418	2.2501	2.7006
2009	8	26	0.4924	1.045	1.581	2.0751	2.5147
2009	9	30	0.4204	0.9265	1.4327	1.9088	2.3387
2009	10	28	0.3966	0.939	1.4656	1.9543	2.3934
2009	11	25	0.2912	0.72	1.1975	1.674	2.1209
2009	12	30	0.5095	1.0776	1.6319	2.1483	2.614
2010	1	27	0.3712	0.8863	1.4354	1.9646	2.4461
2010	2	24	0.3596	0.861	1.4048	1.9368	2.4276
2010	3	31	0.4409	0.9996	1.578	2.1203	2.6032
2010	4	28	0.4738	1.0149	1.5832	2.1139	2.5827
2010	5	26	0.4409	0.8351	1.2823	1.7242	2.1323
2010	6	30	0.3474	0.6085	1.0034	1.4293	1.8368
2010	7	28	0.3347	0.5842	0.9555	1.3691	1.7791
2010	8	25	0.3008	0.4879	0.7768	1.1074	1.4432
2010	9	29	0.281	0.4077	0.6668	0.9887	1.3296
2010	10	27	0.2577	0.3827	0.6656	1.0234	1.4044
2010	11	24	0.3158	0.5275	0.8426	1.2063	1.5833
2010	12	29	0.3215	0.6229	1.0856	1.5756	2.036
2011	1	26	0.2974	0.6125	1.0686	1.5582	2.0284
2011	2	23	0.3071	0.7232	1.2425	1.7532	2.214
2011	3	30	0.3238	0.7777	1.2909	1.784	2.2273
2011	4	27	0.2533	0.6231	1.1113	1.6099	2.0722
2011	5	25	0.2182	0.5118	0.9208	1.3623	1.7917
2011	6	29	0.2251	0.4771	0.8486	1.2706	1.6997
2011	7	27	0.2499	0.4396	0.7588	1.1412	1.5435
2011	8	31	0.1314	0.1896	0.3866	0.6606	0.9702
2011	9	28	0.1653	0.2856	0.4863	0.7308	0.994
2011	10	26	0.1709	0.2925	0.5236	0.8087	1.1116
2011	11	30	0.1573	0.2476	0.447	0.7041	0.9846
2011	12	28	0.1578	0.2744	0.4633	0.6913	0.9356
2012	1	25	0.1437	0.1986	0.3626	0.5913	0.8533
2012	2	29	0.2128	0.2954	0.4576	0.6686	0.9056
2012	3	28	0.2255	0.3521	0.5596	0.8124	1.0854
2012	4	25	0.1989	0.2693	0.4317	0.6493	0.8958
2012	5	30	0.2107	0.2738	0.393	0.5493	0.7279
2012	6	27	0.2514	0.3235	0.4456	0.6008	0.776
2012	7	25	0.2024	0.2191	0.3025	0.4313	0.5886
2012	8	29	0.2136	0.2604	0.377	0.539	0.7278
2012	9	26	0.21	0.24	0.3381	0.4837	0.6604
2012	10	31	0.2217	0.281	0.4038	0.5687	0.7593
2012	11	28	0.2264	0.2528	0.3519	0.4998	0.6783
2012	12	26	0.2042	0.2712	0.4041	0.5799	0.781
2013	1	30	0.1736	0.2659	0.4372	0.6565	0.9012
2013	2	27	0.2036	0.2447	0.3794	0.5734	0.8015
2013	3	27	0.1814	0.2382	0.3726	0.5581	0.7747
2013	4	24	0.1638	0.2228	0.3492	0.5203	0.7182
2013	5	29	0.156	0.3036	0.5144	0.7606	1.0221
2013	6	26	0.1823	0.4109	0.7494	1.1072	1.4467
2013	7	31	0.1372	0.3253	0.6514	1.0228	1.3913
2013	8	28	0.1545	0.425	0.8218	1.2385	1.6287
2013	9	25	0.1381	0.3565	0.6918	1.0639	1.43
2013	10	30	0.1429	0.3223	0.6241	0.9735	1.3277
2013	11	27	0.1487	0.2841	0.5977	0.9861	1.3886
2013	12	25	0.1592	0.4124	0.8385	1.3034	1.7436
2014	1	29	0.1334	0.3698	0.7488	1.159	1.5482
2014	2	26	0.1089	0.3402	0.7241	1.1379	1.5273
2014	3	26	0.1303	0.4459	0.9042	1.3487	1.7318
2014	4	30	0.1019	0.4245	0.8904	1.3378	1.7197
2014	5	28	0.1021	0.3675	0.7722	1.1717	1.5202
2014	6	25	0.112	0.4721	0.9347	1.3521	1.6968
2014	7	30	0.1493	0.572	1.0732	1.4884	1.8094
2014	8	27	0.1412	0.5585	1.0227	1.4011	1.6906
2014	9	24	0.1393	0.6142	1.1314	1.5482	1.8643
2014	10	29	0.1462	0.5269	0.9764	1.3606	1.6623
2014	11	26	0.1675	0.5306	0.9581	1.32	1.6023
2014	12	31	0.294	0.7064	1.1185	1.4471	1.6912
2015	1	28	0.1931	0.5094	0.8335	1.0893	1.283
2015	2	25	0.2506	0.6359	1.0015	1.2864	1.5009