1988 1 6   0.0000   0.0000 
1988 1 13   0.0000   0.0000 
1988 1 20   5.9180   6.2712 
1988 1 27   0.0000   0.0000 
1988 2 3   0.0000   0.0000 
1988 2 10   0.0000   0.0000 
1988 2 17   0.0000   0.0000 
1988 2 24   5.8221   6.1861 
1988 3 2   0.0000   0.0000 
1988 3 9   0.0000   0.0000 
1988 3 16   0.0000   0.0000 
1988 3 23   6.0552   6.3661 
1988 3 30   0.0000   0.0000 
1988 4 6   0.0000   0.0000 
1988 4 13   0.0000   0.0000 
1988 4 20   6.2367   6.5897 
1988 4 27   0.0000   0.0000 
1988 5 4   0.0000   0.0000 
1988 5 11   0.0000   0.0000 
1988 5 18   0.0000   0.0000 
1988 5 25   6.5798   6.7573 
1988 6 1   0.0000   0.0000 
1988 6 8   0.0000   0.0000 
1988 6 15   0.0000   0.0000 
1988 6 22   6.7390   6.8856 
1988 6 29   0.0000   0.0000 
1988 7 6   0.0000   0.0000 
1988 7 13   0.0000   0.0000 
1988 7 20   7.0211   7.0330 
1988 7 27   0.0000   0.0000 
1988 8 3   0.0000   0.0000 
1988 8 10   0.0000   0.0000 
1988 8 17   0.0000   0.0000 
1988 8 24   7.3876   7.2314 
1988 8 31   0.0000   0.0000 
1988 9 7   0.0000   0.0000 
1988 9 14   0.0000   0.0000 
1988 9 21   7.3632   7.1193 
1988 9 28   0.0000   0.0000 
1988 10 5   0.0000   0.0000 
1988 10 12   0.0000   0.0000 
1988 10 19   0.0000   0.0000 
1988 10 26   7.4272   7.0930 
1988 11 2   0.0000   0.0000 
1988 11 9   0.0000   0.0000 
1988 11 16   0.0000   0.0000 
1988 11 23   7.6580   7.1785 
1988 11 30   0.0000   0.0000 
1988 12 7   0.0000   0.0000 
1988 12 14   0.0000   0.0000 
1988 12 21   8.1460   7.6041 
1988 12 28   0.0000   0.0000 
1989 1 4   0.0000   0.0000 
1989 1 11   0.0000   0.0000 
1989 1 18   0.0000   0.0000 
1989 1 25   8.2094   7.6417 
1989 2 1   0.0000   0.0000 
1989 2 8   0.0000   0.0000 
1989 2 15   0.0000   0.0000 
1989 2 22   8.4829   7.8583 
1989 3 1   0.0000   0.0000 
1989 3 8   0.0000   0.0000 
1989 3 15   0.0000   0.0000 
1989 3 22   8.8604   8.1520 
1989 3 29   0.0000   0.0000 
1989 4 5   0.0000   0.0000 
1989 4 12   0.0000   0.0000 
1989 4 19   8.6402   7.9389 
1989 4 26   0.0000   0.0000 
1989 5 3   0.0000   0.0000 
1989 5 10   0.0000   0.0000 
1989 5 17   0.0000   0.0000 
1989 5 24   8.1688   7.7255 
1989 5 31   0.0000   0.0000 
1989 6 7   0.0000   0.0000 
1989 6 14   0.0000   0.0000 
1989 6 21   7.6131   7.3079 
1989 6 28   0.0000   0.0000 
1989 7 5   0.0000   0.0000 
1989 7 12   0.0000   0.0000 
1989 7 19   0.0000   0.0000 
1989 7 26   7.3548   7.2073 
1989 8 2   0.0000   0.0000 
1989 8 9   0.0000   0.0000 
1989 8 16   0.0000   0.0000 
1989 8 23   7.2518   7.1783 
1989 8 30   0.0000   0.0000 
1989 9 6   0.0000   0.0000 
1989 9 13   0.0000   0.0000 
1989 9 20   7.2922   7.2587 
1989 9 27   0.0000   0.0000 
1989 10 4   0.0000   0.0000 
1989 10 11   0.0000   0.0000 
1989 10 18   0.0000   0.0000 
1989 10 25   7.1034   7.1885 
1989 11 1   0.0000   0.0000 
1989 11 8   0.0000   0.0000 
1989 11 15   0.0000   0.0000 
1989 11 22   6.9666   7.1258 
1989 11 29   0.0000   0.0000 
1989 12 6   0.0000   0.0000 
1989 12 13   0.0000   0.0000 
1989 12 20   7.0102   7.0516 
1989 12 27   0.0000   0.0000 
1990 1 3   0.0000   0.0000 
1990 1 10   0.0000   0.0000 
1990 1 17   0.0000   0.0000 
1990 1 24   7.1079   7.1697 
1990 1 31   0.0000   0.0000 
1990 2 7   0.0000   0.0000 
1990 2 14   0.0000   0.0000 
1990 2 21   7.3067   7.3260 
1990 2 28   0.0000   0.0000 
1990 3 7   0.0000   0.0000 
1990 3 14   0.0000   0.0000 
1990 3 21   7.5425   7.3952 
1990 3 28   0.0000   0.0000 
1990 4 4   0.0000   0.0000 
1990 4 11   0.0000   0.0000 
1990 4 18   0.0000   0.0000 
1990 4 25   7.5868   7.5138 
1990 5 2   0.0000   0.0000 
1990 5 9   0.0000   0.0000 
1990 5 16   0.0000   0.0000 
1990 5 23   7.6011   7.4944 
1990 5 30   0.0000   0.0000 
1990 6 6   0.0000   0.0000 
1990 6 13   0.0000   0.0000 
1990 6 20   7.4823   7.3899 
1990 6 27   0.0000   0.0000 
1990 7 4   0.0000   0.0000 
1990 7 11   0.0000   0.0000 
1990 7 18   0.0000   0.0000 
1990 7 25   7.3492   7.2914 
1990 8 1   0.0000   0.0000 
1990 8 8   0.0000   0.0000 
1990 8 15   0.0000   0.0000 
1990 8 22   7.0442   6.9902 
1990 8 29   0.0000   0.0000 
1990 9 5   0.0000   0.0000 
1990 9 12   0.0000   0.0000 
1990 9 19   6.9365   6.7931 
1990 9 26   0.0000   0.0000 
1990 10 3   0.0000   0.0000 
1990 10 10   0.0000   0.0000 
1990 10 17   0.0000   0.0000 
1990 10 24   6.7772   6.7111 
1990 10 31   0.0000   0.0000 
1990 11 7   0.0000   0.0000 
1990 11 14   0.0000   0.0000 
1990 11 21   6.5548   6.5431 
1990 11 28   0.0000   0.0000 
1990 12 5   0.0000   0.0000 
1990 12 12   0.0000   0.0000 
1990 12 19   6.1720   6.2801 
1990 12 26   0.0000   0.0000 
1991 1 2   0.0000   0.0000 
1991 1 9   0.0000   0.0000 
1991 1 16   0.0000   0.0000 
1991 1 23   5.8309   6.0297 
1991 1 30   0.0000   0.0000 
1991 2 6   0.0000   0.0000 
1991 2 13   0.0000   0.0000 
1991 2 20   5.7190   6.0046 
1991 2 27   0.0000   0.0000 
1991 3 6   0.0000   0.0000 
1991 3 13   0.0000   0.0000 
1991 3 20   5.7563   6.0596 
1991 3 27   0.0000   0.0000 
1991 4 3   0.0000   0.0000 
1991 4 10   0.0000   0.0000 
1991 4 17   0.0000   0.0000 
1991 4 24   5.7243   6.0614 
1991 5 1   0.0000   0.0000 
1991 5 8   0.0000   0.0000 
1991 5 15   0.0000   0.0000 
1991 5 22   5.5792   6.0091 
1991 5 29   0.0000   0.0000 
1991 6 5   0.0000   0.0000 
1991 6 12   0.0000   0.0000 
1991 6 19   5.7360   6.0708 
1991 6 26   0.0000   0.0000 
1991 7 3   0.0000   0.0000 
1991 7 10   0.0000   0.0000 
1991 7 17   0.0000   0.0000 
1991 7 24   5.7941   6.1172 
1991 7 31   0.0000   0.0000 
1991 8 7   0.0000   0.0000 
1991 8 14   0.0000   0.0000 
1991 8 21   5.4603   5.8471 
1991 8 28   0.0000   0.0000 
1991 9 4   0.0000   0.0000 
1991 9 11   0.0000   0.0000 
1991 9 18   0.0000   0.0000 
1991 9 25   5.1998   5.4876 
1991 10 2   0.0000   0.0000 
1991 10 9   0.0000   0.0000 
1991 10 16   0.0000   0.0000 
1991 10 23   5.0764   5.3916 
1991 10 30   0.0000   0.0000 
1991 11 6   0.0000   0.0000 
1991 11 13   0.0000   0.0000 
1991 11 20   4.6200   4.9992 
1991 11 27   0.0000   0.0000 
1991 12 4   0.0000   0.0000 
1991 12 11   0.0000   0.0000 
1991 12 18   3.9535   4.4524 
1991 12 25   0.0000   0.0000 
1992 1 1   0.0000   0.0000 
1992 1 8   0.0000   0.0000 
1992 1 15   0.0000   0.0000 
1992 1 22   3.8819   4.4160 
1992 1 29   0.0000   0.0000 
1992 2 5   0.0000   0.0000 
1992 2 12   0.0000   0.0000 
1992 2 19   3.9876   4.5482 
1992 2 26   0.0000   0.0000 
1992 3 4   0.0000   0.0000 
1992 3 11   0.0000   0.0000 
1992 3 18   0.0000   0.0000 
1992 3 25   4.1974   4.6782 
1992 4 1   0.0000   0.0000 
1992 4 8   0.0000   0.0000 
1992 4 15   0.0000   0.0000 
1992 4 22   3.9649   4.6261 
1992 4 29   0.0000   0.0000 
1992 5 6   0.0000   0.0000 
1992 5 13   0.0000   0.0000 
1992 5 20   3.9776   4.6185 
1992 5 27   0.0000   0.0000 
1992 6 3   0.0000   0.0000 
1992 6 10   0.0000   0.0000 
1992 6 17   0.0000   0.0000 
1992 6 24   4.0136   4.6053 
1992 7 1   0.0000   0.0000 
1992 7 8   0.0000   0.0000 
1992 7 15   0.0000   0.0000 
1992 7 22   3.4755   4.0712 
1992 7 29   0.0000   0.0000 
1992 8 5   0.0000   0.0000 
1992 8 12   0.0000   0.0000 
1992 8 19   0.0000   0.0000 
1992 8 26   3.4684   4.0572 
1992 9 2   0.0000   0.0000 
1992 9 9   0.0000   0.0000 
1992 9 16   0.0000   0.0000 
1992 9 23   3.1133   3.7281 
1992 9 30   0.0000   0.0000 
1992 10 7   0.0000   0.0000 
1992 10 14   0.0000   0.0000 
1992 10 21   3.1820   3.7825 
1992 10 28   0.0000   0.0000 
1992 11 4   0.0000   0.0000 
1992 11 11   0.0000   0.0000 
1992 11 18   0.0000   0.0000 
1992 11 25   3.3490   3.8982 
1992 12 2   0.0000   0.0000 
1992 12 9   0.0000   0.0000 
1992 12 16   3.4560   3.8984 
1992 12 23   0.0000   0.0000 
1992 12 30   0.0000   0.0000 
1993 1 6   0.0000   0.0000 
1993 1 13   0.0000   0.0000 
1993 1 20   3.4562   3.8875 
1993 1 27   0.0000   0.0000 
1993 2 3   0.0000   0.0000 
1993 2 10   0.0000   0.0000 
1993 2 17   3.2298   3.6732 
1993 2 24   0.0000   0.0000 
1993 3 3   0.0000   0.0000 
1993 3 10   0.0000   0.0000 
1993 3 17   0.0000   0.0000 
1993 3 24   3.2177   3.6080 
1993 3 31   0.0000   0.0000 
1993 4 7   0.0000   0.0000 
1993 4 14   0.0000   0.0000 
1993 4 21   3.2047   3.6142 
1993 4 28   0.0000   0.0000 
1993 5 5   0.0000   0.0000 
1993 5 12   0.0000   0.0000 
1993 5 19   0.0000   0.0000 
1993 5 26   3.2925   3.6723 
1993 6 2   0.0000   0.0000 
1993 6 9   0.0000   0.0000 
1993 6 16   0.0000   0.0000 
1993 6 23   3.3711   3.7521 
1993 6 30   0.0000   0.0000 
1993 7 7   0.0000   0.0000 
1993 7 14   0.0000   0.0000 
1993 7 21   3.3910   3.7597 
1993 7 28   0.0000   0.0000 
1993 8 4   0.0000   0.0000 
1993 8 11   0.0000   0.0000 
1993 8 18   0.0000   0.0000 
1993 8 25   3.3223   3.6694 
1993 9 1   0.0000   0.0000 
1993 9 8   0.0000   0.0000 
1993 9 15   0.0000   0.0000 
1993 9 22   3.1968   3.5490 
1993 9 29   0.0000   0.0000 
1993 10 6   0.0000   0.0000 
1993 10 13   0.0000   0.0000 
1993 10 20   3.2121   3.5031 
1993 10 27   0.0000   0.0000 
1993 11 3   0.0000   0.0000 
1993 11 10   0.0000   0.0000 
1993 11 17   0.0000   0.0000 
1993 11 24   3.2808   3.6019 
1993 12 1   0.0000   0.0000 
1993 12 8   0.0000   0.0000 
1993 12 15   0.0000   0.0000 
1993 12 22   3.3179   3.6547 
1993 12 29   0.0000   0.0000 
1994 1 5   0.0000   0.0000 
1994 1 12   0.0000   0.0000 
1994 1 19   0.0000   0.0000 
1994 1 26   3.3179   3.6727 
1994 2 2   0.0000   0.0000 
1994 2 9   0.0000   0.0000 
1994 2 16   0.0000   0.0000 
1994 2 23   3.5926   3.9288 
1994 3 2   0.0000   0.0000 
1994 3 9   0.0000   0.0000 
1994 3 16   0.0000   0.0000 
1994 3 23   3.8587   4.1632 
1994 3 30   0.0000   0.0000 
1994 4 6   0.0000   0.0000 
1994 4 13   0.0000   0.0000 
1994 4 20   4.2515   4.5042 
1994 4 27   0.0000   0.0000 
1994 5 4   0.0000   0.0000 
1994 5 11   0.0000   0.0000 
1994 5 18   0.0000   0.0000 
1994 5 25   4.5388   4.8165 
1994 6 1   0.0000   0.0000 
1994 6 8   0.0000   0.0000 
1994 6 15   0.0000   0.0000 
1994 6 22   4.6538   4.9679 
1994 6 29   0.0000   0.0000 
1994 7 6   0.0000   0.0000 
1994 7 13   0.0000   0.0000 
1994 7 20   4.8546   5.1220 
1994 7 27   0.0000   0.0000 
1994 8 3   0.0000   0.0000 
1994 8 10   0.0000   0.0000 
1994 8 17   0.0000   0.0000 
1994 8 24   5.0400   5.2985 
1994 8 31   0.0000   0.0000 
1994 9 7   0.0000   0.0000 
1994 9 14   0.0000   0.0000 
1994 9 21   5.2888   5.6034 
1994 9 28   0.0000   0.0000 
1994 10 5   0.0000   0.0000 
1994 10 12   0.0000   0.0000 
1994 10 19   0.0000   0.0000 
1994 10 26   5.7048   5.9917 
1994 11 2   0.0000   0.0000 
1994 11 9   0.0000   0.0000 
1994 11 16   0.0000   0.0000 
1994 11 23   6.0966   6.2282 
1994 11 30   0.0000   0.0000 
1994 12 7   0.0000   0.0000 
1994 12 14   0.0000   0.0000 
1994 12 21   6.4221   6.5057 
1994 12 28   0.0000   0.0000 
1995 1 4   0.0000   0.0000 
1995 1 11   0.0000   0.0000 
1995 1 18   0.0000   0.0000 
1995 1 25   6.4595   6.4659 
1995 2 1   0.0000   0.0000 
1995 2 8   0.0000   0.0000 
1995 2 15   0.0000   0.0000 
1995 2 22   6.3510   6.3261 
1995 3 1   0.0000   0.0000 
1995 3 8   0.0000   0.0000 
1995 3 15   0.0000   0.0000 
1995 3 22   6.2434   6.2049 
1995 3 29   0.0000   0.0000 
1995 4 5   0.0000   0.0000 
1995 4 12   0.0000   0.0000 
1995 4 19   6.1159   6.0545 
1995 4 26   0.0000   0.0000 
1995 5 3   0.0000   0.0000 
1995 5 10   0.0000   0.0000 
1995 5 17   0.0000   0.0000 
1995 5 24   5.9652   5.9071 
1995 5 31   0.0000   0.0000 
1995 6 7   0.0000   0.0000 
1995 6 14   0.0000   0.0000 
1995 6 21   5.3401   5.2688 
1995 6 28   0.0000   0.0000 
1995 7 5   0.0000   0.0000 
1995 7 12   0.0000   0.0000 
1995 7 19   0.0000   0.0000 
1995 7 26   5.2943   5.2773 
1995 8 2   0.0000   0.0000 
1995 8 9   0.0000   0.0000 
1995 8 16   0.0000   0.0000 
1995 8 23   5.3165   5.2914 
1995 8 30   0.0000   0.0000 
1995 9 6   0.0000   0.0000 
1995 9 13   0.0000   0.0000 
1995 9 20   5.3217   5.2888 
1995 9 27   0.0000   0.0000 
1995 10 4   0.0000   0.0000 
1995 10 11   0.0000   0.0000 
1995 10 18   0.0000   0.0000 
1995 10 25   5.2307   5.2082 
1995 11 1   0.0000   0.0000 
1995 11 8   0.0000   0.0000 
1995 11 15   0.0000   0.0000 
1995 11 22   5.1272   5.0684 
1995 11 29   0.0000   0.0000 
1995 12 6   0.0000   0.0000 
1995 12 13   0.0000   0.0000 
1995 12 20   4.9397   4.9022 
1995 12 27   0.0000   0.0000 
1996 1 3   0.0000   0.0000 
1996 1 10   0.0000   0.0000 
1996 1 17   0.0000   0.0000 
1996 1 24   4.8002   4.7799 
1996 1 31   0.0000   0.0000 
1996 2 7   0.0000   0.0000 
1996 2 14   0.0000   0.0000 
1996 2 21   4.6702   4.6967 
1996 2 28   0.0000   0.0000 
1996 3 6   0.0000   0.0000 
1996 3 13   0.0000   0.0000 
1996 3 20   4.8466   4.7606 
1996 3 27   0.0000   0.0000 
1996 4 3   0.0000   0.0000 
1996 4 10   0.0000   0.0000 
1996 4 17   0.0000   0.0000 
1996 4 24   4.9582   4.9086 
1996 5 1   0.0000   0.0000 
1996 5 8   0.0000   0.0000 
1996 5 15   0.0000   0.0000 
1996 5 22   5.0399   4.9813 
1996 5 29   0.0000   0.0000 
1996 6 5   0.0000   0.0000 
1996 6 12   0.0000   0.0000 
1996 6 19   5.2643   5.2058 
1996 6 26   0.0000   0.0000 
1996 7 3   0.0000   0.0000 
1996 7 10   0.0000   0.0000 
1996 7 17   0.0000   0.0000 
1996 7 24   5.3962   5.3048 
1996 7 31   0.0000   0.0000 
1996 8 7   0.0000   0.0000 
1996 8 14   0.0000   0.0000 
1996 8 21   5.3200   5.2665 
1996 8 28   0.0000   0.0000 
1996 9 4   0.0000   0.0000 
1996 9 11   0.0000   0.0000 
1996 9 18   0.0000   0.0000 
1996 9 25   5.3300   5.2404 
1996 10 2   0.0000   0.0000 
1996 10 9   0.0000   0.0000 
1996 10 16   0.0000   0.0000 
1996 10 23   5.2437   5.1912 
1996 10 30   0.0000   0.0000 
1996 11 6   0.0000   0.0000 
1996 11 13   0.0000   0.0000 
1996 11 20   5.1249   5.0660 
1996 11 27   0.0000   0.0000 
1996 12 4   0.0000   0.0000 
1996 12 11   0.0000   0.0000 
1996 12 18   5.0770   5.0293 
1996 12 25   0.0000   0.0000 
1997 1 1   0.0000   0.0000 
1997 1 8   0.0000   0.0000 
1997 1 15   0.0000   0.0000 
1997 1 22   5.1300   5.0835 
1997 1 29   0.0000   0.0000 
1997 2 5   0.0000   0.0000 
1997 2 12   0.0000   0.0000 
1997 2 19   5.1479   5.0914 
1997 2 26   0.0000   0.0000 
1997 3 5   0.0000   0.0000 
1997 3 12   0.0000   0.0000 
1997 3 19   0.0000   0.0000 
1997 3 26   5.4906   5.4548 
1997 4 2   0.0000   0.0000 
1997 4 9   0.0000   0.0000 
1997 4 16   0.0000   0.0000 
1997 4 23   5.5950   5.4947 
1997 4 30   0.0000   0.0000 
1997 5 7   0.0000   0.0000 
1997 5 14   0.0000   0.0000 
1997 5 21   5.4897   5.4017 
1997 5 28   0.0000   0.0000 
1997 6 4   0.0000   0.0000 
1997 6 11   0.0000   0.0000 
1997 6 18   0.0000   0.0000 
1997 6 25   5.3415   5.2832 
1997 7 2   0.0000   0.0000 
1997 7 9   0.0000   0.0000 
1997 7 16   0.0000   0.0000 
1997 7 23   5.3205   5.2719 
1997 7 30   0.0000   0.0000 
1997 8 6   0.0000   0.0000 
1997 8 13   0.0000   0.0000 
1997 8 20   5.3563   5.2826 
1997 8 27   0.0000   0.0000 
1997 9 3   0.0000   0.0000 
1997 9 10   0.0000   0.0000 
1997 9 17   0.0000   0.0000 
1997 9 24   5.2824   5.2075 
1997 10 1   0.0000   0.0000 
1997 10 8   0.0000   0.0000 
1997 10 15   0.0000   0.0000 
1997 10 22   5.2580   5.1697 
1997 10 29   0.0000   0.0000 
1997 11 5   0.0000   0.0000 
1997 11 12   0.0000   0.0000 
1997 11 19   5.2076   5.1416 
1997 11 26   0.0000   0.0000 
1997 12 3   0.0000   0.0000 
1997 12 10   0.0000   0.0000 
1997 12 17   5.1261   5.0175 
1997 12 24   0.0000   0.0000 
1997 12 31   0.0000   0.0000 
1998 1 7   0.0000   0.0000 
1998 1 14   0.0000   0.0000 
1998 1 21   5.0531   4.9852 
1998 1 28   0.0000   0.0000 
1998 2 4   0.0000   0.0000 
1998 2 11   0.0000   0.0000 
1998 2 18   5.0530   4.9781 
1998 2 25   0.0000   0.0000 
1998 3 4   0.0000   0.0000 
1998 3 11   0.0000   0.0000 
1998 3 18   0.0000   0.0000 
1998 3 25   5.0657   5.0075 
1998 4 1   0.0000   0.0000 
1998 4 8   0.0000   0.0000 
1998 4 15   0.0000   0.0000 
1998 4 22   5.0841   5.0438 
1998 4 29   0.0000   0.0000 
1998 5 6   0.0000   0.0000 
1998 5 13   0.0000   0.0000 
1998 5 20   5.1159   5.0796 
1998 5 27   0.0000   0.0000 
1998 6 3   0.0000   0.0000 
1998 6 10   0.0000   0.0000 
1998 6 17   0.0000   0.0000 
1998 6 24   5.0567   5.0011 
1998 7 1   0.0000   0.0000 
1998 7 8   0.0000   0.0000 
1998 7 15   0.0000   0.0000 
1998 7 22   5.0103   4.9671 
1998 7 29   0.0000   0.0000 
1998 8 5   0.0000   0.0000 
1998 8 12   0.0000   0.0000 
1998 8 19   0.0000   0.0000 
1998 8 26   4.9426   4.8837 
1998 9 2   0.0000   0.0000 
1998 9 9   0.0000   0.0000 
1998 9 16   0.0000   0.0000 
1998 9 23   4.5543   4.4920 
1998 9 30   0.0000   0.0000 
1998 10 7   0.0000   0.0000 
1998 10 14   0.0000   0.0000 
1998 10 21   3.9144   3.8636 
1998 10 28   0.0000   0.0000 
1998 11 4   0.0000   0.0000 
1998 11 11   0.0000   0.0000 
1998 11 18   0.0000   0.0000 
1998 11 25   4.0004   3.9548 
1998 12 2   0.0000   0.0000 
1998 12 9   0.0000   0.0000 
1998 12 16   4.1140   4.0696 
1998 12 23   0.0000   0.0000 
1998 12 30   0.0000   0.0000 
1999 1 6   0.0000   0.0000 
1999 1 13   0.0000   0.0000 
1999 1 20   4.1860   4.1508 
1999 1 27   0.0000   0.0000 
1999 2 3   0.0000   0.0000 
1999 2 10   0.0000   0.0000 
1999 2 17   4.4026   4.3317 
1999 2 24   0.0000   0.0000 
1999 3 3   0.0000   0.0000 
1999 3 10   0.0000   0.0000 
1999 3 17   0.0000   0.0000 
1999 3 24   4.4408   4.3695 
1999 3 31   0.0000   0.0000 
1999 4 7   0.0000   0.0000 
1999 4 14   0.0000   0.0000 
1999 4 21   4.4121   4.3688 
1999 4 28   0.0000   0.0000 
1999 5 5   0.0000   0.0000 
1999 5 12   0.0000   0.0000 
1999 5 19   0.0000   0.0000 
1999 5 26   4.5649   4.5086 
1999 6 2   0.0000   0.0000 
1999 6 9   0.0000   0.0000 
1999 6 16   0.0000   0.0000 
1999 6 23   4.8297   4.8018 
1999 6 30   0.0000   0.0000 
1999 7 7   0.0000   0.0000 
1999 7 14   0.0000   0.0000 
1999 7 21   4.8199   4.8045 
1999 7 28   0.0000   0.0000 
1999 8 4   0.0000   0.0000 
1999 8 11   0.0000   0.0000 
1999 8 18   0.0000   0.0000 
1999 8 25   4.8685   4.8546 
1999 9 1   0.0000   0.0000 
1999 9 8   0.0000   0.0000 
1999 9 15   0.0000   0.0000 
1999 9 22   4.9257   4.9559 
1999 9 29   0.0000   0.0000 
1999 10 6   0.0000   0.0000 
1999 10 13   0.0000   0.0000 
1999 10 20   5.0801   5.1196 
1999 10 27   0.0000   0.0000 
1999 11 3   0.0000   0.0000 
1999 11 10   0.0000   0.0000 
1999 11 17   0.0000   0.0000 
1999 11 24   5.2329   5.2329 
1999 12 1   0.0000   0.0000 
1999 12 8   0.0000   0.0000 
1999 12 15   0.0000   0.0000 
1999 12 22   5.4843   5.4924 
1999 12 29   0.0000   0.0000 
2000 1 5   0.0000   0.0000 
2000 1 12   0.0000   0.0000 
2000 1 19   0.0000   0.0000 
2000 1 26   5.7485   5.7323 
2000 2 2   0.0000   0.0000 
2000 2 9   0.0000   0.0000 
2000 2 16   0.0000   0.0000 
2000 2 23   5.9217   5.9196 
2000 3 1   0.0000   0.0000 
2000 3 8   0.0000   0.0000 
2000 3 15   0.0000   0.0000 
2000 3 22   6.1249   6.0657 
2000 3 29   0.0000   0.0000 
2000 4 5   0.0000   0.0000 
2000 4 12   0.0000   0.0000 
2000 4 19   6.1643   6.1200 
2000 4 26   0.0000   0.0000 
2000 5 3   0.0000   0.0000 
2000 5 10   0.0000   0.0000 
2000 5 17   0.0000   0.0000 
2000 5 24   6.4135   6.2799 
2000 5 31   0.0000   0.0000 
2000 6 7   0.0000   0.0000 
2000 6 14   0.0000   0.0000 
2000 6 21   6.1572   6.0959 
2000 6 28   0.0000   0.0000 
2000 7 5   0.0000   0.0000 
2000 7 12   0.0000   0.0000 
2000 7 19   0.0000   0.0000 
2000 7 26   6.1635   6.0543 
2000 8 2   0.0000   0.0000 
2000 8 9   0.0000   0.0000 
2000 8 16   0.0000   0.0000 
2000 8 23   6.1389   6.0204 
2000 8 30   0.0000   0.0000 
2000 9 6   0.0000   0.0000 
2000 9 13   0.0000   0.0000 
2000 9 20   6.0675   5.9316 
2000 9 27   0.0000   0.0000 
2000 10 4   0.0000   0.0000 
2000 10 11   0.0000   0.0000 
2000 10 18   0.0000   0.0000 
2000 10 25   6.0266   5.8971 
2000 11 1   0.0000   0.0000 
2000 11 8   0.0000   0.0000 
2000 11 15   0.0000   0.0000 
2000 11 22   5.9951   5.8115 
2000 11 29   0.0000   0.0000 
2000 12 6   0.0000   0.0000 
2000 12 13   0.0000   0.0000 
2000 12 20   5.5532   5.4440 
2000 12 27   0.0000   0.0000 
2001 1 3   0.0000   0.0000 
2001 1 10   0.0000   0.0000 
2001 1 17   0.0000   0.0000 
2001 1 24   4.7901   4.7826 
2001 1 31   0.0000   0.0000 
2001 2 7   0.0000   0.0000 
2001 2 14   0.0000   0.0000 
2001 2 21   4.4666   4.5197 
2001 2 28   0.0000   0.0000 
2001 3 7   0.0000   0.0000 
2001 3 14   0.0000   0.0000 
2001 3 21   4.0080   4.1434 
2001 3 28   0.0000   0.0000 
2001 4 4   0.0000   0.0000 
2001 4 11   0.0000   0.0000 
2001 4 18   0.0000   0.0000 
2001 4 25   3.6554   3.9207 
2001 5 2   0.0000   0.0000 
2001 5 9   0.0000   0.0000 
2001 5 16   0.0000   0.0000 
2001 5 23   3.5045   3.7966 
2001 5 30   0.0000   0.0000 
2001 6 6   0.0000   0.0000 
2001 6 13   0.0000   0.0000 
2001 6 20   3.3225   3.6225 
2001 6 27   0.0000   0.0000 
2001 7 4   0.0000   0.0000 
2001 7 11   0.0000   0.0000 
2001 7 18   0.0000   0.0000 
2001 7 25   3.3562   3.6962 
2001 8 1   0.0000   0.0000 
2001 8 8   0.0000   0.0000 
2001 8 15   0.0000   0.0000 
2001 8 22   3.2503   3.5944 
2001 8 29   0.0000   0.0000 
2001 9 5   0.0000   0.0000 
2001 9 12   0.0000   0.0000 
2001 9 19   2.2400   2.7364 
2001 9 26   0.0000   0.0000 
2001 10 3   0.0000   0.0000 
2001 10 10   0.0000   0.0000 
2001 10 17   0.0000   0.0000 
2001 10 24   2.1007   2.7015 
2001 10 31   0.0000   0.0000 
2001 11 7   0.0000   0.0000 
2001 11 14   0.0000   0.0000 
2001 11 21   1.9584   2.6600 
2001 11 28   0.0000   0.0000 
2001 12 5   0.0000   0.0000 
2001 12 12   0.0000   0.0000 
2001 12 19   1.8550   2.7028 
2001 12 26   0.0000   0.0000 
2002 1 2   0.0000   0.0000 
2002 1 9   0.0000   0.0000 
2002 1 16   0.0000   0.0000 
2002 1 23   1.9932   2.7840 
2002 1 30   0.0000   0.0000 
2002 2 6   0.0000   0.0000 
2002 2 13   0.0000   0.0000 
2002 2 20   2.1053   2.8969 
2002 2 27   0.0000   0.0000 
2002 3 6   0.0000   0.0000 
2002 3 13   0.0000   0.0000 
2002 3 20   2.3853   3.2676 
2002 3 27   0.0000   0.0000 
2002 4 3   0.0000   0.0000 
2002 4 10   0.0000   0.0000 
2002 4 17   0.0000   0.0000 
2002 4 24   2.5087   3.3811 
2002 5 1   0.0000   0.0000 
2002 5 8   0.0000   0.0000 
2002 5 15   0.0000   0.0000 
2002 5 22   2.5219   3.3838 
2002 5 29   0.0000   0.0000 
2002 6 5   0.0000   0.0000 
2002 6 12   0.0000   0.0000 
2002 6 19   2.3136   3.1804 
2002 6 26   0.0000   0.0000 
2002 7 3   0.0000   0.0000 
2002 7 10   0.0000   0.0000 
2002 7 17   0.0000   0.0000 
2002 7 24   2.1235   2.9024 
2002 7 31   0.0000   0.0000 
2002 8 7   0.0000   0.0000 
2002 8 14   0.0000   0.0000 
2002 8 21   1.9548   2.6831 
2002 8 28   0.0000   0.0000 
2002 9 4   0.0000   0.0000 
2002 9 11   0.0000   0.0000 
2002 9 18   0.0000   0.0000 
2002 9 25   1.8957   2.6151 
2002 10 2   0.0000   0.0000 
2002 10 9   0.0000   0.0000 
2002 10 16   0.0000   0.0000 
2002 10 23   1.7902   2.4550 
2002 10 30   0.0000   0.0000 
2002 11 6   0.0000   0.0000 
2002 11 13   0.0000   0.0000 
2002 11 20   1.4304   2.1993 
2002 11 27   0.0000   0.0000 
2002 12 4   0.0000   0.0000 
2002 12 11   0.0000   0.0000 
2002 12 18   1.4368   2.2116 
2002 12 25   0.0000   0.0000 
2003 1 1   0.0000   0.0000 
2003 1 8   0.0000   0.0000 
2003 1 15   0.0000   0.0000 
2003 1 22   1.3955   2.0828 
2003 1 29   0.0000   0.0000 
2003 2 5   0.0000   0.0000 
2003 2 12   0.0000   0.0000 
2003 2 19   1.3704   2.0615 
2003 2 26   0.0000   0.0000 
2003 3 5   0.0000   0.0000 
2003 3 12   0.0000   0.0000 
2003 3 19   0.0000   0.0000 
2003 3 26   1.3270   2.0164 
2003 4 2   0.0000   0.0000 
2003 4 9   0.0000   0.0000 
2003 4 16   0.0000   0.0000 
2003 4 23   1.3502   2.0489 
2003 4 30   0.0000   0.0000 
2003 5 7   0.0000   0.0000 
2003 5 14   0.0000   0.0000 
2003 5 21   1.1546   1.7677 
2003 5 28   0.0000   0.0000 
2003 6 4   0.0000   0.0000 
2003 6 11   0.0000   0.0000 
2003 6 18   0.0000   0.0000 
2003 6 25   1.0215   1.5406 
2003 7 2   0.0000   0.0000 
2003 7 9   0.0000   0.0000 
2003 7 16   0.0000   0.0000 
2003 7 23   1.0371   1.5174 
2003 7 30   0.0000   0.0000 
2003 8 6   0.0000   0.0000 
2003 8 13   0.0000   0.0000 
2003 8 20   1.1010   1.6175 
2003 8 27   0.0000   0.0000 
2003 9 3   0.0000   0.0000 
2003 9 10   0.0000   0.0000 
2003 9 17   0.0000   0.0000 
2003 9 24   1.1349   1.6926 
2003 10 1   0.0000   0.0000 
2003 10 8   0.0000   0.0000 
2003 10 15   0.0000   0.0000 
2003 10 22   1.1511   1.7560 
2003 10 29   0.0000   0.0000 
2003 11 5   0.0000   0.0000 
2003 11 12   0.0000   0.0000 
2003 11 19   1.2041   1.8836 
2003 11 26   0.0000   0.0000 
2003 12 3   0.0000   0.0000 
2003 12 10   0.0000   0.0000 
2003 12 17   1.2610   1.9804 
2003 12 24   0.0000   0.0000 
2003 12 31   0.0000   0.0000 
2004 1 7   0.0000   0.0000 
2004 1 14   0.0000   0.0000 
2004 1 21   1.3008   2.0498 
2004 1 28   0.0000   0.0000 
2004 2 4   0.0000   0.0000 
2004 2 11   0.0000   0.0000 
2004 2 18   1.2994   2.0285 
2004 2 25   0.0000   0.0000 
2004 3 3   0.0000   0.0000 
2004 3 10   0.0000   0.0000 
2004 3 17   0.0000   0.0000 
2004 3 24   1.1873   1.8732 
2004 3 31   0.0000   0.0000 
2004 4 7   0.0000   0.0000 
2004 4 14   0.0000   0.0000 
2004 4 21   1.4471   2.1988 
2004 4 28   0.0000   0.0000 
2004 5 5   0.0000   0.0000 
2004 5 12   0.0000   0.0000 
2004 5 19   0.0000   0.0000 
2004 5 26   1.7743   2.6109 
2004 6 2   0.0000   0.0000 
2004 6 9   0.0000   0.0000 
2004 6 16   0.0000   0.0000 
2004 6 23   2.0473   2.8603 
2004 6 30   0.0000   0.0000 
2004 7 7   0.0000   0.0000 
2004 7 14   0.0000   0.0000 
2004 7 21   2.2321   3.0679 
2004 7 28   0.0000   0.0000 
2004 8 4   0.0000   0.0000 
2004 8 11   0.0000   0.0000 
2004 8 18   0.0000   0.0000 
2004 8 25   2.3505   3.1746 
2004 9 1   0.0000   0.0000 
2004 9 8   0.0000   0.0000 
2004 9 15   0.0000   0.0000 
2004 9 22   2.4510   3.1723 
2004 9 29   0.0000   0.0000 
2004 10 6   0.0000   0.0000 
2004 10 13   0.0000   0.0000 
2004 10 20   2.5493   3.1569 
2004 10 27   0.0000   0.0000 
2004 11 3   0.0000   0.0000 
2004 11 10   0.0000   0.0000 
2004 11 17   0.0000   0.0000 
2004 11 24   2.7760   3.4167 
2004 12 1   0.0000   0.0000 
2004 12 8   0.0000   0.0000 
2004 12 15   0.0000   0.0000 
2004 12 22   2.9615   3.5384 
2004 12 29   0.0000   0.0000 
2005 1 5   0.0000   0.0000 
2005 1 12   0.0000   0.0000 
2005 1 19   0.0000   0.0000 
2005 1 26   3.1905   3.7308 
2005 2 2   0.0000   0.0000 
2005 2 9   0.0000   0.0000 
2005 2 16   0.0000   0.0000 
2005 2 23   3.3312   3.8230 
2005 3 2   0.0000   0.0000 
2005 3 9   0.0000   0.0000 
2005 3 16   0.0000   0.0000 
2005 3 23   3.5214   3.9710 
2005 3 30   0.0000   0.0000 
2005 4 6   0.0000   0.0000 
2005 4 13   0.0000   0.0000 
2005 4 20   3.6531   4.0885 
2005 4 27   0.0000   0.0000 
2005 5 4   0.0000   0.0000 
2005 5 11   0.0000   0.0000 
2005 5 18   0.0000   0.0000 
2005 5 25   3.7362   4.0906 
2005 6 1   0.0000   0.0000 
2005 6 8   0.0000   0.0000 
2005 6 15   0.0000   0.0000 
2005 6 22   3.7519   4.0520 
2005 6 29   0.0000   0.0000 
2005 7 6   0.0000   0.0000 
2005 7 13   0.0000   0.0000 
2005 7 20   3.9405   4.1561 
2005 7 27   0.0000   0.0000 
2005 8 3   0.0000   0.0000 
2005 8 10   0.0000   0.0000 
2005 8 17   0.0000   0.0000 
2005 8 24   4.1840   4.3020 
2005 8 31   0.0000   0.0000 
2005 9 7   0.0000   0.0000 
2005 9 14   0.0000   0.0000 
2005 9 21   4.1766   4.3313 
2005 9 28   0.0000   0.0000 
2005 10 5   0.0000   0.0000 
2005 10 12   0.0000   0.0000 
2005 10 19   0.0000   0.0000 
2005 10 26   4.4059   4.4749 
2005 11 2   0.0000   0.0000 
2005 11 9   0.0000   0.0000 
2005 11 16   0.0000   0.0000 
2005 11 23   4.5097   4.5381 
2005 11 30   0.0000   0.0000 
2005 12 7   0.0000   0.0000 
2005 12 14   0.0000   0.0000 
2005 12 21   4.5576   4.5350 
2005 12 28   0.0000   0.0000 
2006 1 4   0.0000   0.0000 
2006 1 11   0.0000   0.0000 
2006 1 18   0.0000   0.0000 
2006 1 25   4.6275   4.5949 
2006 2 1   0.0000   0.0000 
2006 2 8   0.0000   0.0000 
2006 2 15   0.0000   0.0000 
2006 2 22   4.7497   4.6935 
2006 3 1   0.0000   0.0000 
2006 3 8   0.0000   0.0000 
2006 3 15   0.0000   0.0000 
2006 3 22   4.8459   4.7355 
2006 3 29   0.0000   0.0000 
2006 4 5   0.0000   0.0000 
2006 4 12   0.0000   0.0000 
2006 4 19   4.9372   4.7836 
2006 4 26   0.0000   0.0000 
2006 5 3   0.0000   0.0000 
2006 5 10   0.0000   0.0000 
2006 5 17   0.0000   0.0000 
2006 5 24   4.9993   4.8705 
2006 5 31   0.0000   0.0000 
2006 6 7   0.0000   0.0000 
2006 6 14   0.0000   0.0000 
2006 6 21   5.1800   4.9817 
2006 6 28   0.0000   0.0000 
2006 7 5   0.0000   0.0000 
2006 7 12   0.0000   0.0000 
2006 7 19   0.0000   0.0000 
2006 7 26   5.1813   4.9423 
2006 8 2   0.0000   0.0000 
2006 8 9   0.0000   0.0000 
2006 8 16   0.0000   0.0000 
2006 8 23   5.0724   4.8387 
2006 8 30   0.0000   0.0000 
2006 9 6   0.0000   0.0000 
2006 9 13   0.0000   0.0000 
2006 9 20   4.8616   4.6781 
2006 9 27   0.0000   0.0000 
2006 10 4   0.0000   0.0000 
2006 10 11   0.0000   0.0000 
2006 10 18   0.0000   0.0000 
2006 10 25   4.8816   4.6838 
2006 11 1   0.0000   0.0000 
2006 11 8   0.0000   0.0000 
2006 11 15   0.0000   0.0000 
2006 11 22   4.8492   4.6816 
2006 11 29   0.0000   0.0000 
2006 12 6   0.0000   0.0000 
2006 12 13   0.0000   0.0000 
2006 12 20   4.8201   4.6813 
2006 12 27   0.0000   0.0000 
2007 1 3   0.0000   0.0000 
2007 1 10   0.0000   0.0000 
2007 1 17   0.0000   0.0000 
2007 1 24   4.8728   4.7443 
2007 1 31   0.0000   0.0000 
2007 2 7   0.0000   0.0000 
2007 2 14   0.0000   0.0000 
2007 2 21   4.9100   4.7990 
2007 2 28   0.0000   0.0000 
2007 3 7   0.0000   0.0000 
2007 3 14   0.0000   0.0000 
2007 3 21   4.8865   4.7790 
2007 3 28   0.0000   0.0000 
2007 4 4   0.0000   0.0000 
2007 4 11   0.0000   0.0000 
2007 4 18   0.0000   0.0000 
2007 4 25   4.8765   4.7479 
2007 5 2   0.0000   0.0000 
2007 5 9   0.0000   0.0000 
2007 5 16   0.0000   0.0000 
2007 5 23   4.8334   4.7517 
2007 5 30   0.0000   0.0000 
2007 6 6   0.0000   0.0000 
2007 6 13   0.0000   0.0000 
2007 6 20   4.8531   4.8073 
2007 6 27   0.0000   0.0000 
2007 7 4   0.0000   0.0000 
2007 7 11   0.0000   0.0000 
2007 7 18   0.0000   0.0000 
2007 7 25   4.8916   4.8494 
2007 8 1   0.0000   0.0000 
2007 8 8   0.0000   0.0000 
2007 8 15   0.0000   0.0000 
2007 8 22   4.4054   4.4577 
2007 8 29   0.0000   0.0000 
2007 9 5   0.0000   0.0000 
2007 9 12   0.0000   0.0000 
2007 9 19   3.9841   4.1443 
2007 9 26   0.0000   0.0000 
2007 10 3   0.0000   0.0000 
2007 10 10   0.0000   0.0000 
2007 10 17   0.0000   0.0000 
2007 10 24   3.9206   4.0597 
2007 10 31   0.0000   0.0000 
2007 11 7   0.0000   0.0000 
2007 11 14   0.0000   0.0000 
2007 11 21   3.4743   3.6667 
2007 11 28   0.0000   0.0000 
2007 12 5   0.0000   0.0000 
2007 12 12   0.0000   0.0000 
2007 12 19   3.2284   3.4526 
2007 12 26   0.0000   0.0000 
2008 1 2   0.0000   0.0000 
2008 1 9   0.0000   0.0000 
2008 1 16   0.0000   0.0000 
2008 1 23   2.1801   2.5127 
2008 1 30   0.0000   0.0000 
2008 2 6   0.0000   0.0000 
2008 2 13   0.0000   0.0000 
2008 2 20   1.9415   2.3149 
2008 2 27   0.0000   0.0000 
2008 3 5   0.0000   0.0000 
2008 3 12   0.0000   0.0000 
2008 3 19   0.0000   0.0000 
2008 3 26   1.4164   1.8433 
2008 4 2   0.0000   0.0000 
2008 4 9   0.0000   0.0000 
2008 4 16   0.0000   0.0000 
2008 4 23   1.5085   1.9560 
2008 4 30   0.0000   0.0000 
2008 5 7   0.0000   0.0000 
2008 5 14   0.0000   0.0000 
2008 5 21   1.7488   2.1697 
2008 5 28   0.0000   0.0000 
2008 6 4   0.0000   0.0000 
2008 6 11   0.0000   0.0000 
2008 6 18   0.0000   0.0000 
2008 6 25   1.9924   2.4437 
2008 7 2   0.0000   0.0000 
2008 7 9   0.0000   0.0000 
2008 7 16   0.0000   0.0000 
2008 7 23   1.9452   2.4626 
2008 7 30   0.0000   0.0000 
2008 8 6   0.0000   0.0000 
2008 8 13   0.0000   0.0000 
2008 8 20   1.9591   2.5211 
2008 8 27   0.0000   0.0000 
2008 9 3   0.0000   0.0000 
2008 9 10   0.0000   0.0000 
2008 9 17   0.0000   0.0000 
2008 9 24   1.6998   2.2181 
2008 10 1   0.0000   0.0000 
2008 10 8   0.0000   0.0000 
2008 10 15   0.0000   0.0000 
2008 10 22   0.9672   1.2945 
2008 10 29   0.0000   0.0000 
2008 11 5   0.0000   0.0000 
2008 11 12   0.0000   0.0000 
2008 11 19   0.6599   1.0533 
2008 11 26   0.0000   0.0000 
2008 12 3   0.0000   0.0000 
2008 12 10   0.0000   0.0000 
2008 12 17   0.2026   0.5656 
2008 12 24   0.0000   0.0000 
2008 12 31   0.0000   0.0000 
2009 1 7   0.0000   0.0000 
2009 1 14   0.0000   0.0000 
2009 1 21   0.2408   0.5900 
2009 1 28   0.0000   0.0000 
2009 2 4   0.0000   0.0000 
2009 2 11   0.0000   0.0000 
2009 2 18   0.3212   0.6169 
2009 2 25   0.0000   0.0000 
2009 3 4   0.0000   0.0000 
2009 3 11   0.0000   0.0000 
2009 3 18   0.0000   0.0000 
2009 3 25   0.3030   0.5404 
2009 4 1   0.0000   0.0000 
2009 4 8   0.0000   0.0000 
2009 4 15   0.0000   0.0000 
2009 4 22   0.3103   0.5972 
2009 4 29   0.0000   0.0000 
2009 5 6   0.0000   0.0000 
2009 5 13   0.0000   0.0000 
2009 5 20   0.2795   0.6180 
2009 5 27   0.0000   0.0000 
2009 6 3   0.0000   0.0000 
2009 6 10   0.0000   0.0000 
2009 6 17   0.0000   0.0000 
2009 6 24   0.3169   0.7253 
2009 7 1   0.0000   0.0000 
2009 7 8   0.0000   0.0000 
2009 7 15   0.0000   0.0000 
2009 7 22   0.3260   0.8109 
2009 7 29   0.0000   0.0000 
2009 8 5   0.0000   0.0000 
2009 8 12   0.0000   0.0000 
2009 8 19   0.0000   0.0000 
2009 8 26   0.3347   0.8549 
2009 9 2   0.0000   0.0000 
2009 9 9   0.0000   0.0000 
2009 9 16   0.0000   0.0000 
2009 9 23   0.3110   0.8496 
2009 9 30   0.0000   0.0000 
2009 10 7   0.0000   0.0000 
2009 10 14   0.0000   0.0000 
2009 10 21   0.2966   0.9723 
2009 10 28   0.0000   0.0000 
2009 11 4   0.0000   0.0000 
2009 11 11   0.0000   0.0000 
2009 11 18   0.0000   0.0000 
2009 11 25   0.3065   0.9622 
2009 12 2   0.0000   0.0000 
2009 12 9   0.0000   0.0000 
2009 12 16   0.3455   1.0288 
2009 12 23   0.0000   0.0000 
2009 12 30   0.0000   0.0000 
2010 1 6   0.0000   0.0000 
2010 1 13   0.0000   0.0000 
2010 1 20   0.4062   1.1230 
2010 1 27   0.0000   0.0000 
2010 2 3   0.0000   0.0000 
2010 2 10   0.0000   0.0000 
2010 2 17   0.4115   1.1719 
2010 2 24   0.0000   0.0000 
2010 3 3   0.0000   0.0000 
2010 3 10   0.0000   0.0000 
2010 3 17   0.0000   0.0000 
2010 3 24   0.4137   1.1487 
2010 3 31   0.0000   0.0000 
2010 4 7   0.0000   0.0000 
2010 4 14   0.0000   0.0000 
2010 4 21   0.4848   1.2974 
2010 4 28   0.0000   0.0000 
2010 5 5   0.0000   0.0000 
2010 5 12   0.0000   0.0000 
2010 5 19   0.0000   0.0000 
2010 5 26   0.4404   1.1794 
2010 6 2   0.0000   0.0000 
2010 6 9   0.0000   0.0000 
2010 6 16   0.0000   0.0000 
2010 6 23   0.3083   1.0072 
2010 6 30   0.0000   0.0000 
2010 7 7   0.0000   0.0000 
2010 7 14   0.0000   0.0000 
2010 7 21   0.2876   0.8610 
2010 7 28   0.0000   0.0000 
2010 8 4   0.0000   0.0000 
2010 8 11   0.0000   0.0000 
2010 8 18   0.0000   0.0000 
2010 8 25   0.2429   0.7025 
2010 9 1   0.0000   0.0000 
2010 9 8   0.0000   0.0000 
2010 9 15   0.0000   0.0000 
2010 9 22   0.2249   0.6126 
2010 9 29   0.0000   0.0000 
2010 10 6   0.0000   0.0000 
2010 10 13   0.0000   0.0000 
2010 10 20   0.1959   0.4602 
2010 10 27   0.0000   0.0000 
2010 11 3   0.0000   0.0000 
2010 11 10   0.0000   0.0000 
2010 11 17   0.0000   0.0000 
2010 11 24   0.2022   0.4847 
2010 12 1   0.0000   0.0000 
2010 12 8   0.0000   0.0000 
2010 12 15   0.0000   0.0000 
2010 12 22   0.2180   0.4900 
2010 12 29   0.0000   0.0000 
2011 1 5   0.0000   0.0000 
2011 1 12   0.0000   0.0000 
2011 1 19   0.0000   0.0000 
2011 1 26   0.2163   0.5671 
2011 2 2   0.0000   0.0000 
2011 2 9   0.0000   0.0000 
2011 2 16   0.0000   0.0000 
2011 2 23   0.2362   0.6555 
2011 3 2   0.0000   0.0000 
2011 3 9   0.0000   0.0000 
2011 3 16   0.0000   0.0000 
2011 3 23   0.2500   0.7157 
2011 3 30   0.0000   0.0000 
2011 4 6   0.0000   0.0000 
2011 4 13   0.0000   0.0000 
2011 4 20   0.2514   0.8090 
2011 4 27   0.0000   0.0000 
2011 5 4   0.0000   0.0000 
2011 5 11   0.0000   0.0000 
2011 5 18   0.0000   0.0000 
2011 5 25   0.2623   0.8630 
2011 6 1   0.0000   0.0000 
2011 6 8   0.0000   0.0000 
2011 6 15   0.0000   0.0000 
2011 6 22   0.2556   0.7854 
2011 6 29   0.0000   0.0000 
2011 7 6   0.0000   0.0000 
2011 7 13   0.0000   0.0000 
2011 7 20   0.2237   0.6561 
2011 7 27   0.0000   0.0000 
2011 8 3   0.0000   0.0000 
2011 8 10   0.0000   0.0000 
2011 8 17   0.0000   0.0000 
2011 8 24   0.0955   0.1499 
2011 8 31   0.0000   0.0000 
2011 9 7   0.0000   0.0000 
2011 9 14   0.0000   0.0000 
2011 9 21   0.0797   0.1082 
2011 9 28   0.0000   0.0000 
2011 10 5   0.0000   0.0000 
2011 10 12   0.0000   0.0000 
2011 10 19   0.0000   0.0000 
2011 10 26   0.0794   0.1086 
2011 11 2   0.0000   0.0000 
2011 11 9   0.0000   0.0000 
2011 11 16   0.0000   0.0000 
2011 11 23   0.0673   0.1087 
2011 11 30   0.0000   0.0000 
2011 12 7   0.0000   0.0000 
2011 12 14   0.0000   0.0000 
2011 12 21   0.0616   0.0992 
2011 12 28   0.0000   0.0000 
2012 1 4   0.0000   0.0000 
2012 1 11   0.0000   0.0000 
2012 1 18   0.0000   0.0000 
2012 1 25   0.0633   0.0906 
2012 2 1   0.0000   0.0000 
2012 2 8   0.0000   0.0000 
2012 2 15   0.0000   0.0000 
2012 2 22   0.0901   0.1244 
2012 2 29   0.0000   0.0000 
2012 3 7   0.0000   0.0000 
2012 3 14   0.0000   0.0000 
2012 3 21   0.0989   0.1445 
2012 3 28   0.0000   0.0000 
2012 4 4   0.0000   0.0000 
2012 4 11   0.0000   0.0000 
2012 4 18   0.0000   0.0000 
2012 4 25   0.0961   0.1598 
2012 5 2   0.0000   0.0000 
2012 5 9   0.0000   0.0000 
2012 5 16   0.0000   0.0000 
2012 5 23   0.1032   0.1852 
2012 5 30   0.0000   0.0000 
2012 6 6   0.0000   0.0000 
2012 6 13   0.0000   0.0000 
2012 6 20   0.0969   0.1609 
2012 6 27   0.0000   0.0000 
2012 7 4   0.0000   0.0000 
2012 7 11   0.0000   0.0000 
2012 7 18   0.0000   0.0000 
2012 7 25   0.1021   0.1646 
2012 8 1   0.0000   0.0000 
2012 8 8   0.0000   0.0000 
2012 8 15   0.0000   0.0000 
2012 8 22   0.1076   0.1685 
2012 8 29   0.0000   0.0000 
2012 9 5   0.0000   0.0000 
2012 9 12   0.0000   0.0000 
2012 9 19   0.1101   0.1433 
2012 9 26   0.0000   0.0000 
2012 10 3   0.0000   0.0000 
2012 10 10   0.0000   0.0000 
2012 10 17   0.0000   0.0000 
2012 10 24   0.1101   0.1508 
2012 10 31   0.0000   0.0000 
2012 11 7   0.0000   0.0000 
2012 11 14   0.0000   0.0000 
2012 11 21   0.1139   0.1486 
2012 11 28   0.0000   0.0000 
2012 12 5   0.0000   0.0000 
2012 12 12   0.0000   0.0000 
2012 12 19   0.1070   0.1315 
2012 12 26   0.0000   0.0000 
2013 1 2   0.0000   0.0000 
2013 1 9   0.0000   0.0000 
2013 1 16   0.0000   0.0000 
2013 1 23   0.1077   0.1355 
2013 1 30   0.0000   0.0000 
2013 2 6   0.0000   0.0000 
2013 2 13   0.0000   0.0000 
2013 2 20   0.1130   0.1475 
2013 2 27   0.0000   0.0000 
2013 3 6   0.0000   0.0000 
2013 3 13   0.0000   0.0000 
2013 3 20   0.1098   0.1413 
2013 3 27   0.0000   0.0000 
2013 4 3   0.0000   0.0000 
2013 4 10   0.0000   0.0000 
2013 4 17   0.0000   0.0000 
2013 4 24   0.1052   0.1508 
2013 5 1   0.0000   0.0000 
2013 5 8   0.0000   0.0000 
2013 5 15   0.0000   0.0000 
2013 5 22   0.0982   0.1528 
2013 5 29   0.0000   0.0000 
2013 6 5   0.0000   0.0000 
2013 6 12   0.0000   0.0000 
2013 6 19   0.1041   0.1574 
2013 6 26   0.0000   0.0000 
2013 7 3   0.0000   0.0000 
2013 7 10   0.0000   0.0000 
2013 7 17   0.0000   0.0000 
2013 7 24   0.0977   0.1445 
2013 7 31   0.0000   0.0000 
2013 8 7   0.0000   0.0000 
2013 8 14   0.0000   0.0000 
2013 8 21   0.0976   0.1439 
2013 8 28   0.0000   0.0000 
2013 9 4   0.0000   0.0000 
2013 9 11   0.0000   0.0000 
2013 9 18   0.0000   0.0000 
2013 9 25   0.0829   0.1326 
2013 10 2   0.0000   0.0000 
2013 10 9   0.0000   0.0000 
2013 10 16   0.0000   0.0000 
2013 10 23   0.0866   0.1421 
2013 10 30   0.0000   0.0000 
2013 11 6   0.0000   0.0000 
2013 11 13   0.0000   0.0000 
2013 11 20   0.0939   0.1519 
2013 11 27   0.0000   0.0000 
2013 12 4   0.0000   0.0000 
2013 12 11   0.0000   0.0000 
2013 12 18   0.0935   0.1571 
2013 12 25   0.0000   0.0000 
2014 1 1   0.0000   0.0000 
2014 1 8   0.0000   0.0000 
2014 1 15   0.0000   0.0000 
2014 1 22   0.0976   0.1872 
2014 1 29   0.0000   0.0000 
2014 2 5   0.0000   0.0000 
2014 2 12   0.0000   0.0000 
2014 2 19   0.0962   0.1822 
2014 2 26   0.0000   0.0000 
2014 3 5   0.0000   0.0000 
2014 3 12   0.0000   0.0000 
2014 3 19   0.0000   0.0000 
2014 3 26   0.1073   0.2355 
2014 4 2   0.0000   0.0000 
2014 4 9   0.0000   0.0000 
2014 4 16   0.0000   0.0000 
2014 4 23   0.1008   0.2694 
2014 4 30   0.0000   0.0000 
2014 5 7   0.0000   0.0000 
2014 5 14   0.0000   0.0000 
2014 5 21   0.1049   0.2882 
2014 5 28   0.0000   0.0000 
2014 6 4   0.0000   0.0000 
2014 6 11   0.0000   0.0000 
2014 6 18   0.0000   0.0000 
2014 6 25   0.1171   0.3692 
2014 7 2   0.0000   0.0000 
2014 7 9   0.0000   0.0000 
2014 7 16   0.0000   0.0000 
2014 7 23   0.1286   0.4747 
2014 7 30   0.0000   0.0000 
2014 8 6   0.0000   0.0000 
2014 8 13   0.0000   0.0000 
2014 8 20   0.1482   0.5731 
2014 8 27   0.0000   0.0000 
2014 9 3   0.0000   0.0000 
2014 9 10   0.0000   0.0000 
2014 9 17   0.0000   0.0000 
2014 9 24   0.1871   0.7032 
2014 10 1   0.0000   0.0000 
2014 10 8   0.0000   0.0000 
2014 10 15   0.0000   0.0000 
2014 10 22   0.1972   0.7226 
2014 10 29   0.0000   0.0000 
2014 11 5   0.0000   0.0000 
2014 11 12   0.0000   0.0000 
2014 11 19   0.2277   0.8131 
2014 11 26   0.0000   0.0000 
2014 12 3   0.0000   0.0000 
2014 12 10   0.0000   0.0000 
2014 12 17   0.3007   0.9298 
2014 12 24   0.0000   0.0000 
2014 12 31   0.0000   0.0000 
2015 1 7   0.0000   0.0000 
2015 1 14   0.0000   0.0000 
2015 1 21   0.3745   1.0228 
2015 1 28   0.0000   0.0000 
2015 2 4   0.0000   0.0000 
2015 2 11   0.0000   0.0000 
2015 2 18   0.0000   0.0000 
2015 2 25   0.0000   0.0000 
