1988 1 6   0.0000   0.0000   0.0000   0.0000 
1988 1 13   0.0000   0.0000   0.0000   0.0000 
1988 1 20 116.0000 120.9000  60.8050  62.0140 
1988 1 27   0.0000   0.0000   0.0000   0.0000 
1988 2 3   0.0000   0.0000   0.0000   0.0000 
1988 2 10   0.0000   0.0000   0.0000   0.0000 
1988 2 17 116.2000 121.2000  60.8930  62.1390 
1988 2 24   0.0000   0.0000   0.0000   0.0000 
1988 3 2   0.0000   0.0000   0.0000   0.0000 
1988 3 9   0.0000   0.0000   0.0000   0.0000 
1988 3 16 116.5000 121.7000  61.1030  62.4040 
1988 3 23   0.0000   0.0000   0.0000   0.0000 
1988 3 30   0.0000   0.0000   0.0000   0.0000 
1988 4 6   0.0000   0.0000   0.0000   0.0000 
1988 4 13   0.0000   0.0000   0.0000   0.0000 
1988 4 20 117.2000 122.3000  61.4010  62.7090 
1988 4 27   0.0000   0.0000   0.0000   0.0000 
1988 5 4   0.0000   0.0000   0.0000   0.0000 
1988 5 11   0.0000   0.0000   0.0000   0.0000 
1988 5 18 117.5000 122.7000  61.5800  62.9230 
1988 5 25   0.0000   0.0000   0.0000   0.0000 
1988 6 1   0.0000   0.0000   0.0000   0.0000 
1988 6 8   0.0000   0.0000   0.0000   0.0000 
1988 6 15 118.0000 123.2000  61.8410  63.1870 
1988 6 22   0.0000   0.0000   0.0000   0.0000 
1988 6 29   0.0000   0.0000   0.0000   0.0000 
1988 7 6   0.0000   0.0000   0.0000   0.0000 
1988 7 13   0.0000   0.0000   0.0000   0.0000 
1988 7 20 118.5000 123.6000  62.1420  63.4460 
1988 7 27   0.0000   0.0000   0.0000   0.0000 
1988 8 3   0.0000   0.0000   0.0000   0.0000 
1988 8 10   0.0000   0.0000   0.0000   0.0000 
1988 8 17 119.0000 124.0000  62.3250  63.6030 
1988 8 24   0.0000   0.0000   0.0000   0.0000 
1988 8 31   0.0000   0.0000   0.0000   0.0000 
1988 9 7   0.0000   0.0000   0.0000   0.0000 
1988 9 14   0.0000   0.0000   0.0000   0.0000 
1988 9 21 119.5000 124.7000  62.6300  63.9450 
1988 9 28   0.0000   0.0000   0.0000   0.0000 
1988 10 5   0.0000   0.0000   0.0000   0.0000 
1988 10 12   0.0000   0.0000   0.0000   0.0000 
1988 10 19 119.9000 125.2000  62.8310  64.1840 
1988 10 26   0.0000   0.0000   0.0000   0.0000 
1988 11 2   0.0000   0.0000   0.0000   0.0000 
1988 11 9   0.0000   0.0000   0.0000   0.0000 
1988 11 16 120.3000 125.6000  62.9750  64.3580 
1988 11 23   0.0000   0.0000   0.0000   0.0000 
1988 11 30   0.0000   0.0000   0.0000   0.0000 
1988 12 7   0.0000   0.0000   0.0000   0.0000 
1988 12 14   0.0000   0.0000   0.0000   0.0000 
1988 12 21 120.7000 126.0000  63.1650  64.5630 
1988 12 28   0.0000   0.0000   0.0000   0.0000 
1989 1 4   0.0000   0.0000   0.0000   0.0000 
1989 1 11   0.0000   0.0000   0.0000   0.0000 
1989 1 18 121.2000 126.5000  63.4820  64.8810 
1989 1 25   0.0000   0.0000   0.0000   0.0000 
1989 2 1   0.0000   0.0000   0.0000   0.0000 
1989 2 8   0.0000   0.0000   0.0000   0.0000 
1989 2 15 121.6000 126.9000  63.6860  65.0370 
1989 2 22   0.0000   0.0000   0.0000   0.0000 
1989 3 1   0.0000   0.0000   0.0000   0.0000 
1989 3 8   0.0000   0.0000   0.0000   0.0000 
1989 3 15 122.2000 127.4000  63.9190  65.2270 
1989 3 22   0.0000   0.0000   0.0000   0.0000 
1989 3 29   0.0000   0.0000   0.0000   0.0000 
1989 4 5   0.0000   0.0000   0.0000   0.0000 
1989 4 12   0.0000   0.0000   0.0000   0.0000 
1989 4 19 123.1000 127.8000  64.3410  65.4420 
1989 4 26   0.0000   0.0000   0.0000   0.0000 
1989 5 3   0.0000   0.0000   0.0000   0.0000 
1989 5 10   0.0000   0.0000   0.0000   0.0000 
1989 5 17 123.7000 128.3000  64.5750  65.6370 
1989 5 24   0.0000   0.0000   0.0000   0.0000 
1989 5 31   0.0000   0.0000   0.0000   0.0000 
1989 6 7   0.0000   0.0000   0.0000   0.0000 
1989 6 14   0.0000   0.0000   0.0000   0.0000 
1989 6 21 124.1000 128.8000  64.7130  65.8060 
1989 6 28   0.0000   0.0000   0.0000   0.0000 
1989 7 5   0.0000   0.0000   0.0000   0.0000 
1989 7 12   0.0000   0.0000   0.0000   0.0000 
1989 7 19 124.5000 129.2000  64.8600  65.9670 
1989 7 26   0.0000   0.0000   0.0000   0.0000 
1989 8 2   0.0000   0.0000   0.0000   0.0000 
1989 8 9   0.0000   0.0000   0.0000   0.0000 
1989 8 16 124.5000 129.5000  64.8640  66.0550 
1989 8 23   0.0000   0.0000   0.0000   0.0000 
1989 8 30   0.0000   0.0000   0.0000   0.0000 
1989 9 6   0.0000   0.0000   0.0000   0.0000 
1989 9 13   0.0000   0.0000   0.0000   0.0000 
1989 9 20 124.8000 129.9000  65.0060  66.2800 
1989 9 27   0.0000   0.0000   0.0000   0.0000 
1989 10 4   0.0000   0.0000   0.0000   0.0000 
1989 10 11   0.0000   0.0000   0.0000   0.0000 
1989 10 18 125.4000 130.6000  65.2610  66.5210 
1989 10 25   0.0000   0.0000   0.0000   0.0000 
1989 11 1   0.0000   0.0000   0.0000   0.0000 
1989 11 8   0.0000   0.0000   0.0000   0.0000 
1989 11 15 125.9000 131.1000  65.4010  66.6960 
1989 11 22   0.0000   0.0000   0.0000   0.0000 
1989 11 29   0.0000   0.0000   0.0000   0.0000 
1989 12 6   0.0000   0.0000   0.0000   0.0000 
1989 12 13   0.0000   0.0000   0.0000   0.0000 
1989 12 20 126.3000 131.6000  65.5890  66.8840 
1989 12 27   0.0000   0.0000   0.0000   0.0000 
1990 1 3   0.0000   0.0000   0.0000   0.0000 
1990 1 10   0.0000   0.0000   0.0000   0.0000 
1990 1 17 127.5000 132.1000  66.0770  67.1320 
1990 1 24   0.0000   0.0000   0.0000   0.0000 
1990 1 31   0.0000   0.0000   0.0000   0.0000 
1990 2 7   0.0000   0.0000   0.0000   0.0000 
1990 2 14   0.0000   0.0000   0.0000   0.0000 
1990 2 21 128.0000 132.7000  66.3650  67.4530 
1990 2 28   0.0000   0.0000   0.0000   0.0000 
1990 3 7   0.0000   0.0000   0.0000   0.0000 
1990 3 14   0.0000   0.0000   0.0000   0.0000 
1990 3 21 128.6000 133.5000  66.6080  67.7690 
1990 3 28   0.0000   0.0000   0.0000   0.0000 
1990 4 4   0.0000   0.0000   0.0000   0.0000 
1990 4 11   0.0000   0.0000   0.0000   0.0000 
1990 4 18 128.9000 134.0000  66.7520  67.9760 
1990 4 25   0.0000   0.0000   0.0000   0.0000 
1990 5 2   0.0000   0.0000   0.0000   0.0000 
1990 5 9   0.0000   0.0000   0.0000   0.0000 
1990 5 16 129.1000 134.4000  66.8960  68.1760 
1990 5 23   0.0000   0.0000   0.0000   0.0000 
1990 5 30   0.0000   0.0000   0.0000   0.0000 
1990 6 6   0.0000   0.0000   0.0000   0.0000 
1990 6 13   0.0000   0.0000   0.0000   0.0000 
1990 6 20 129.9000 135.1000  67.1910  68.4390 
1990 6 27   0.0000   0.0000   0.0000   0.0000 
1990 7 4   0.0000   0.0000   0.0000   0.0000 
1990 7 11   0.0000   0.0000   0.0000   0.0000 
1990 7 18 130.5000 135.8000  67.3480  68.6020 
1990 7 25   0.0000   0.0000   0.0000   0.0000 
1990 8 1   0.0000   0.0000   0.0000   0.0000 
1990 8 8   0.0000   0.0000   0.0000   0.0000 
1990 8 15 131.6000 136.6000  67.7970  68.8890 
1990 8 22   0.0000   0.0000   0.0000   0.0000 
1990 8 29   0.0000   0.0000   0.0000   0.0000 
1990 9 5   0.0000   0.0000   0.0000   0.0000 
1990 9 12   0.0000   0.0000   0.0000   0.0000 
1990 9 19 132.5000 137.1000  68.2150  69.1330 
1990 9 26   0.0000   0.0000   0.0000   0.0000 
1990 10 3   0.0000   0.0000   0.0000   0.0000 
1990 10 10   0.0000   0.0000   0.0000   0.0000 
1990 10 17 133.4000 137.6000  68.6020  69.3640 
1990 10 24   0.0000   0.0000   0.0000   0.0000 
1990 10 31   0.0000   0.0000   0.0000   0.0000 
1990 11 7   0.0000   0.0000   0.0000   0.0000 
1990 11 14   0.0000   0.0000   0.0000   0.0000 
1990 11 21 133.7000 138.0000  68.6850  69.4430 
1990 11 28   0.0000   0.0000   0.0000   0.0000 
1990 12 5   0.0000   0.0000   0.0000   0.0000 
1990 12 12   0.0000   0.0000   0.0000   0.0000 
1990 12 19 134.2000 138.6000  68.7410  69.5300 
1990 12 26   0.0000   0.0000   0.0000   0.0000 
1991 1 2   0.0000   0.0000   0.0000   0.0000 
1991 1 9   0.0000   0.0000   0.0000   0.0000 
1991 1 16 134.7000 139.5000  68.9960  69.8690 
1991 1 23   0.0000   0.0000   0.0000   0.0000 
1991 1 30   0.0000   0.0000   0.0000   0.0000 
1991 2 6   0.0000   0.0000   0.0000   0.0000 
1991 2 13   0.0000   0.0000   0.0000   0.0000 
1991 2 20 134.8000 140.2000  69.0210  70.0490 
1991 2 27   0.0000   0.0000   0.0000   0.0000 
1991 3 6   0.0000   0.0000   0.0000   0.0000 
1991 3 13   0.0000   0.0000   0.0000   0.0000 
1991 3 20 134.8000 140.5000  69.0320  70.1900 
1991 3 27   0.0000   0.0000   0.0000   0.0000 
1991 4 3   0.0000   0.0000   0.0000   0.0000 
1991 4 10   0.0000   0.0000   0.0000   0.0000 
1991 4 17 135.1000 140.9000  69.1540  70.3260 
1991 4 24   0.0000   0.0000   0.0000   0.0000 
1991 5 1   0.0000   0.0000   0.0000   0.0000 
1991 5 8   0.0000   0.0000   0.0000   0.0000 
1991 5 15 135.6000 141.3000  69.4400  70.6070 
1991 5 22   0.0000   0.0000   0.0000   0.0000 
1991 5 29   0.0000   0.0000   0.0000   0.0000 
1991 6 5   0.0000   0.0000   0.0000   0.0000 
1991 6 12   0.0000   0.0000   0.0000   0.0000 
1991 6 19 136.0000 141.8000  69.5570  70.7580 
1991 6 26   0.0000   0.0000   0.0000   0.0000 
1991 7 3   0.0000   0.0000   0.0000   0.0000 
1991 7 10   0.0000   0.0000   0.0000   0.0000 
1991 7 17 136.2000 142.3000  69.6670  70.9730 
1991 7 24   0.0000   0.0000   0.0000   0.0000 
1991 7 31   0.0000   0.0000   0.0000   0.0000 
1991 8 7   0.0000   0.0000   0.0000   0.0000 
1991 8 14   0.0000   0.0000   0.0000   0.0000 
1991 8 21 136.6000 142.9000  69.8270  71.1660 
1991 8 28   0.0000   0.0000   0.0000   0.0000 
1991 9 4   0.0000   0.0000   0.0000   0.0000 
1991 9 11   0.0000   0.0000   0.0000   0.0000 
1991 9 18 137.0000 143.4000  70.0670  71.4490 
1991 9 25   0.0000   0.0000   0.0000   0.0000 
1991 10 2   0.0000   0.0000   0.0000   0.0000 
1991 10 9   0.0000   0.0000   0.0000   0.0000 
1991 10 16 137.2000 143.7000  70.1970  71.6050 
1991 10 23   0.0000   0.0000   0.0000   0.0000 
1991 10 30   0.0000   0.0000   0.0000   0.0000 
1991 11 6   0.0000   0.0000   0.0000   0.0000 
1991 11 13   0.0000   0.0000   0.0000   0.0000 
1991 11 20 137.8000 144.2000  70.3480  71.7360 
1991 11 27   0.0000   0.0000   0.0000   0.0000 
1991 12 4   0.0000   0.0000   0.0000   0.0000 
1991 12 11   0.0000   0.0000   0.0000   0.0000 
1991 12 18 138.2000 144.7000  70.5200  71.9070 
1991 12 25   0.0000   0.0000   0.0000   0.0000 
1992 1 1   0.0000   0.0000   0.0000   0.0000 
1992 1 8   0.0000   0.0000   0.0000   0.0000 
1992 1 15 138.3000 145.1000  70.6130  72.0990 
1992 1 22   0.0000   0.0000   0.0000   0.0000 
1992 1 29   0.0000   0.0000   0.0000   0.0000 
1992 2 5   0.0000   0.0000   0.0000   0.0000 
1992 2 12   0.0000   0.0000   0.0000   0.0000 
1992 2 19 138.6000 145.4000  70.7890  72.2920 
1992 2 26   0.0000   0.0000   0.0000   0.0000 
1992 3 4   0.0000   0.0000   0.0000   0.0000 
1992 3 11   0.0000   0.0000   0.0000   0.0000 
1992 3 18 139.1000 145.9000  70.9620  72.4730 
1992 3 25   0.0000   0.0000   0.0000   0.0000 
1992 4 1   0.0000   0.0000   0.0000   0.0000 
1992 4 8   0.0000   0.0000   0.0000   0.0000 
1992 4 15 139.4000 146.3000  71.1530  72.7100 
1992 4 22   0.0000   0.0000   0.0000   0.0000 
1992 4 29   0.0000   0.0000   0.0000   0.0000 
1992 5 6   0.0000   0.0000   0.0000   0.0000 
1992 5 13   0.0000   0.0000   0.0000   0.0000 
1992 5 20 139.7000 146.8000  71.2480  72.8130 
1992 5 27   0.0000   0.0000   0.0000   0.0000 
1992 6 3   0.0000   0.0000   0.0000   0.0000 
1992 6 10   0.0000   0.0000   0.0000   0.0000 
1992 6 17 140.1000 147.1000  71.3740  72.8690 
1992 6 24   0.0000   0.0000   0.0000   0.0000 
1992 7 1   0.0000   0.0000   0.0000   0.0000 
1992 7 8   0.0000   0.0000   0.0000   0.0000 
1992 7 15 140.5000 147.6000  71.6090  73.1440 
1992 7 22   0.0000   0.0000   0.0000   0.0000 
1992 7 29   0.0000   0.0000   0.0000   0.0000 
1992 8 5   0.0000   0.0000   0.0000   0.0000 
1992 8 12   0.0000   0.0000   0.0000   0.0000 
1992 8 19 140.8000 147.9000  71.7040  73.2100 
1992 8 26   0.0000   0.0000   0.0000   0.0000 
1992 9 2   0.0000   0.0000   0.0000   0.0000 
1992 9 9   0.0000   0.0000   0.0000   0.0000 
1992 9 16 141.1000 148.1000  71.8230  73.3310 
1992 9 23   0.0000   0.0000   0.0000   0.0000 
1992 9 30   0.0000   0.0000   0.0000   0.0000 
1992 10 7   0.0000   0.0000   0.0000   0.0000 
1992 10 14   0.0000   0.0000   0.0000   0.0000 
1992 10 21 141.7000 148.8000  72.0780  73.6150 
1992 10 28   0.0000   0.0000   0.0000   0.0000 
1992 11 4   0.0000   0.0000   0.0000   0.0000 
1992 11 11   0.0000   0.0000   0.0000   0.0000 
1992 11 18 142.1000 149.2000  72.2230  73.7790 
1992 11 25   0.0000   0.0000   0.0000   0.0000 
1992 12 2   0.0000   0.0000   0.0000   0.0000 
1992 12 9   0.0000   0.0000   0.0000   0.0000 
1992 12 16 142.3000 149.6000  72.3500  73.9170 
1992 12 23   0.0000   0.0000   0.0000   0.0000 
1992 12 30   0.0000   0.0000   0.0000   0.0000 
1993 1 6   0.0000   0.0000   0.0000   0.0000 
1993 1 13   0.0000   0.0000   0.0000   0.0000 
1993 1 20 142.8000 150.1000  72.5240  74.1290 
1993 1 27   0.0000   0.0000   0.0000   0.0000 
1993 2 3   0.0000   0.0000   0.0000   0.0000 
1993 2 10   0.0000   0.0000   0.0000   0.0000 
1993 2 17 143.1000 150.6000  72.6330  74.2710 
1993 2 24   0.0000   0.0000   0.0000   0.0000 
1993 3 3   0.0000   0.0000   0.0000   0.0000 
1993 3 10   0.0000   0.0000   0.0000   0.0000 
1993 3 17 143.3000 150.8000  72.7810  74.4310 
1993 3 24   0.0000   0.0000   0.0000   0.0000 
1993 3 31   0.0000   0.0000   0.0000   0.0000 
1993 4 7   0.0000   0.0000   0.0000   0.0000 
1993 4 14   0.0000   0.0000   0.0000   0.0000 
1993 4 21 143.8000 151.4000  72.9770  74.6510 
1993 4 28   0.0000   0.0000   0.0000   0.0000 
1993 5 5   0.0000   0.0000   0.0000   0.0000 
1993 5 12   0.0000   0.0000   0.0000   0.0000 
1993 5 19 144.2000 151.8000  73.2030  74.9040 
1993 5 26   0.0000   0.0000   0.0000   0.0000 
1993 6 2   0.0000   0.0000   0.0000   0.0000 
1993 6 9   0.0000   0.0000   0.0000   0.0000 
1993 6 16 144.3000 152.1000  73.2290  74.9760 
1993 6 23   0.0000   0.0000   0.0000   0.0000 
1993 6 30   0.0000   0.0000   0.0000   0.0000 
1993 7 7   0.0000   0.0000   0.0000   0.0000 
1993 7 14   0.0000   0.0000   0.0000   0.0000 
1993 7 21 144.5000 152.3000  73.3450  75.1300 
1993 7 28   0.0000   0.0000   0.0000   0.0000 
1993 8 4   0.0000   0.0000   0.0000   0.0000 
1993 8 11   0.0000   0.0000   0.0000   0.0000 
1993 8 18 144.8000 152.8000  73.4710  75.2720 
1993 8 25   0.0000   0.0000   0.0000   0.0000 
1993 9 1   0.0000   0.0000   0.0000   0.0000 
1993 9 8   0.0000   0.0000   0.0000   0.0000 
1993 9 15 145.0000 152.9000  73.5500  75.3870 
1993 9 22   0.0000   0.0000   0.0000   0.0000 
1993 9 29   0.0000   0.0000   0.0000   0.0000 
1993 10 6   0.0000   0.0000   0.0000   0.0000 
1993 10 13   0.0000   0.0000   0.0000   0.0000 
1993 10 20 145.6000 153.4000  73.7800  75.5100 
1993 10 27   0.0000   0.0000   0.0000   0.0000 
1993 11 3   0.0000   0.0000   0.0000   0.0000 
1993 11 10   0.0000   0.0000   0.0000   0.0000 
1993 11 17 146.0000 153.9000  73.9170  75.7020 
1993 11 24   0.0000   0.0000   0.0000   0.0000 
1993 12 1   0.0000   0.0000   0.0000   0.0000 
1993 12 8   0.0000   0.0000   0.0000   0.0000 
1993 12 15 146.3000 154.3000  73.9340  75.7340 
1993 12 22   0.0000   0.0000   0.0000   0.0000 
1993 12 29   0.0000   0.0000   0.0000   0.0000 
1994 1 5   0.0000   0.0000   0.0000   0.0000 
1994 1 12   0.0000   0.0000   0.0000   0.0000 
1994 1 19 146.3000 154.5000  73.9580  75.7930 
1994 1 26   0.0000   0.0000   0.0000   0.0000 
1994 2 2   0.0000   0.0000   0.0000   0.0000 
1994 2 9   0.0000   0.0000   0.0000   0.0000 
1994 2 16 146.7000 154.8000  74.1270  75.9560 
1994 2 23   0.0000   0.0000   0.0000   0.0000 
1994 3 2   0.0000   0.0000   0.0000   0.0000 
1994 3 9   0.0000   0.0000   0.0000   0.0000 
1994 3 16 147.1000 155.3000  74.3330  76.2160 
1994 3 23   0.0000   0.0000   0.0000   0.0000 
1994 3 30   0.0000   0.0000   0.0000   0.0000 
1994 4 6   0.0000   0.0000   0.0000   0.0000 
1994 4 13   0.0000   0.0000   0.0000   0.0000 
1994 4 20 147.2000 155.5000  74.4200  76.3290 
1994 4 27   0.0000   0.0000   0.0000   0.0000 
1994 5 4   0.0000   0.0000   0.0000   0.0000 
1994 5 11   0.0000   0.0000   0.0000   0.0000 
1994 5 18 147.5000 155.9000  74.5280  76.5000 
1994 5 25   0.0000   0.0000   0.0000   0.0000 
1994 6 1   0.0000   0.0000   0.0000   0.0000 
1994 6 8   0.0000   0.0000   0.0000   0.0000 
1994 6 15 147.9000 156.4000  74.7080  76.6660 
1994 6 22   0.0000   0.0000   0.0000   0.0000 
1994 6 29   0.0000   0.0000   0.0000   0.0000 
1994 7 6   0.0000   0.0000   0.0000   0.0000 
1994 7 13   0.0000   0.0000   0.0000   0.0000 
1994 7 20 148.4000 156.7000  74.9440  76.8290 
1994 7 27   0.0000   0.0000   0.0000   0.0000 
1994 8 3   0.0000   0.0000   0.0000   0.0000 
1994 8 10   0.0000   0.0000   0.0000   0.0000 
1994 8 17 149.0000 157.1000  75.1110  76.9100 
1994 8 24   0.0000   0.0000   0.0000   0.0000 
1994 8 31   0.0000   0.0000   0.0000   0.0000 
1994 9 7   0.0000   0.0000   0.0000   0.0000 
1994 9 14   0.0000   0.0000   0.0000   0.0000 
1994 9 21 149.3000 157.5000  75.1950  77.0270 
1994 9 28   0.0000   0.0000   0.0000   0.0000 
1994 10 5   0.0000   0.0000   0.0000   0.0000 
1994 10 12   0.0000   0.0000   0.0000   0.0000 
1994 10 19 149.4000 157.8000  75.3220  77.2070 
1994 10 26   0.0000   0.0000   0.0000   0.0000 
1994 11 2   0.0000   0.0000   0.0000   0.0000 
1994 11 9   0.0000   0.0000   0.0000   0.0000 
1994 11 16 149.8000 158.2000  75.4690  77.3530 
1994 11 23   0.0000   0.0000   0.0000   0.0000 
1994 11 30   0.0000   0.0000   0.0000   0.0000 
1994 12 7   0.0000   0.0000   0.0000   0.0000 
1994 12 14   0.0000   0.0000   0.0000   0.0000 
1994 12 21 150.1000 158.3000  75.5190  77.3800 
1994 12 28   0.0000   0.0000   0.0000   0.0000 
1995 1 4   0.0000   0.0000   0.0000   0.0000 
1995 1 11   0.0000   0.0000   0.0000   0.0000 
1995 1 18 150.5000 159.0000  75.6670  77.5670 
1995 1 25   0.0000   0.0000   0.0000   0.0000 
1995 2 1   0.0000   0.0000   0.0000   0.0000 
1995 2 8   0.0000   0.0000   0.0000   0.0000 
1995 2 15 150.9000 159.4000  75.7950  77.6870 
1995 2 22   0.0000   0.0000   0.0000   0.0000 
1995 3 1   0.0000   0.0000   0.0000   0.0000 
1995 3 8   0.0000   0.0000   0.0000   0.0000 
1995 3 15 151.2000 159.9000  75.9310  77.8720 
1995 3 22   0.0000   0.0000   0.0000   0.0000 
1995 3 29   0.0000   0.0000   0.0000   0.0000 
1995 4 5   0.0000   0.0000   0.0000   0.0000 
1995 4 12   0.0000   0.0000   0.0000   0.0000 
1995 4 19 151.8000 160.4000  76.1280  78.0490 
1995 4 26   0.0000   0.0000   0.0000   0.0000 
1995 5 3   0.0000   0.0000   0.0000   0.0000 
1995 5 10   0.0000   0.0000   0.0000   0.0000 
1995 5 17 152.1000 160.7000  76.2400  78.1770 
1995 5 24   0.0000   0.0000   0.0000   0.0000 
1995 5 31   0.0000   0.0000   0.0000   0.0000 
1995 6 7   0.0000   0.0000   0.0000   0.0000 
1995 6 14   0.0000   0.0000   0.0000   0.0000 
1995 6 21 152.4000 161.1000  76.3090  78.2380 
1995 6 28   0.0000   0.0000   0.0000   0.0000 
1995 7 5   0.0000   0.0000   0.0000   0.0000 
1995 7 12   0.0000   0.0000   0.0000   0.0000 
1995 7 19 152.6000 161.4000  76.4040  78.3620 
1995 7 26   0.0000   0.0000   0.0000   0.0000 
1995 8 2   0.0000   0.0000   0.0000   0.0000 
1995 8 9   0.0000   0.0000   0.0000   0.0000 
1995 8 16 152.9000 161.8000  76.5680  78.5470 
1995 8 23   0.0000   0.0000   0.0000   0.0000 
1995 8 30   0.0000   0.0000   0.0000   0.0000 
1995 9 6   0.0000   0.0000   0.0000   0.0000 
1995 9 13   0.0000   0.0000   0.0000   0.0000 
1995 9 20 153.1000 162.2000  76.6210  78.6510 
1995 9 27   0.0000   0.0000   0.0000   0.0000 
1995 10 4   0.0000   0.0000   0.0000   0.0000 
1995 10 11   0.0000   0.0000   0.0000   0.0000 
1995 10 18 153.5000 162.7000  76.8180  78.8400 
1995 10 25   0.0000   0.0000   0.0000   0.0000 
1995 11 1   0.0000   0.0000   0.0000   0.0000 
1995 11 8   0.0000   0.0000   0.0000   0.0000 
1995 11 15 153.7000 163.0000  76.8190  78.8950 
1995 11 22   0.0000   0.0000   0.0000   0.0000 
1995 11 29   0.0000   0.0000   0.0000   0.0000 
1995 12 6   0.0000   0.0000   0.0000   0.0000 
1995 12 13   0.0000   0.0000   0.0000   0.0000 
1995 12 20 153.9000 163.1000  76.9680  79.0070 
1995 12 27   0.0000   0.0000   0.0000   0.0000 
1996 1 3   0.0000   0.0000   0.0000   0.0000 
1996 1 10   0.0000   0.0000   0.0000   0.0000 
1996 1 17 154.7000 163.7000  77.1430  79.1020 
1996 1 24   0.0000   0.0000   0.0000   0.0000 
1996 1 31   0.0000   0.0000   0.0000   0.0000 
1996 2 7   0.0000   0.0000   0.0000   0.0000 
1996 2 14   0.0000   0.0000   0.0000   0.0000 
1996 2 21 155.0000 164.0000  77.2630  79.2030 
1996 2 28   0.0000   0.0000   0.0000   0.0000 
1996 3 6   0.0000   0.0000   0.0000   0.0000 
1996 3 13   0.0000   0.0000   0.0000   0.0000 
1996 3 20 155.5000 164.4000  77.4920  79.3820 
1996 3 27   0.0000   0.0000   0.0000   0.0000 
1996 4 3   0.0000   0.0000   0.0000   0.0000 
1996 4 10   0.0000   0.0000   0.0000   0.0000 
1996 4 17 156.1000 164.6000  77.7210  79.4870 
1996 4 24   0.0000   0.0000   0.0000   0.0000 
1996 5 1   0.0000   0.0000   0.0000   0.0000 
1996 5 8   0.0000   0.0000   0.0000   0.0000 
1996 5 15 156.4000 165.0000  77.8540  79.6240 
1996 5 22   0.0000   0.0000   0.0000   0.0000 
1996 5 29   0.0000   0.0000   0.0000   0.0000 
1996 6 5   0.0000   0.0000   0.0000   0.0000 
1996 6 12   0.0000   0.0000   0.0000   0.0000 
1996 6 19 156.7000 165.4000  77.8540  79.6860 
1996 6 26   0.0000   0.0000   0.0000   0.0000 
1996 7 3   0.0000   0.0000   0.0000   0.0000 
1996 7 10   0.0000   0.0000   0.0000   0.0000 
1996 7 17 157.0000 165.7000  78.0200  79.8370 
1996 7 24   0.0000   0.0000   0.0000   0.0000 
1996 7 31   0.0000   0.0000   0.0000   0.0000 
1996 8 7   0.0000   0.0000   0.0000   0.0000 
1996 8 14   0.0000   0.0000   0.0000   0.0000 
1996 8 21 157.2000 166.0000  78.0970  79.9080 
1996 8 28   0.0000   0.0000   0.0000   0.0000 
1996 9 4   0.0000   0.0000   0.0000   0.0000 
1996 9 11   0.0000   0.0000   0.0000   0.0000 
1996 9 18 157.7000 166.5000  78.3100  80.1420 
1996 9 25   0.0000   0.0000   0.0000   0.0000 
1996 10 2   0.0000   0.0000   0.0000   0.0000 
1996 10 9   0.0000   0.0000   0.0000   0.0000 
1996 10 16 158.2000 166.8000  78.5440  80.3290 
1996 10 23   0.0000   0.0000   0.0000   0.0000 
1996 10 30   0.0000   0.0000   0.0000   0.0000 
1996 11 6   0.0000   0.0000   0.0000   0.0000 
1996 11 13   0.0000   0.0000   0.0000   0.0000 
1996 11 20 158.7000 167.2000  78.6890  80.4410 
1996 11 27   0.0000   0.0000   0.0000   0.0000 
1996 12 4   0.0000   0.0000   0.0000   0.0000 
1996 12 11   0.0000   0.0000   0.0000   0.0000 
1996 12 18 159.1000 167.4000  78.7800  80.4720 
1996 12 25   0.0000   0.0000   0.0000   0.0000 
1997 1 1   0.0000   0.0000   0.0000   0.0000 
1997 1 8   0.0000   0.0000   0.0000   0.0000 
1997 1 15 159.4000 167.8000  78.8810  80.5560 
1997 1 22   0.0000   0.0000   0.0000   0.0000 
1997 1 29   0.0000   0.0000   0.0000   0.0000 
1997 2 5   0.0000   0.0000   0.0000   0.0000 
1997 2 12   0.0000   0.0000   0.0000   0.0000 
1997 2 19 159.7000 168.1000  79.0450  80.7200 
1997 2 26   0.0000   0.0000   0.0000   0.0000 
1997 3 5   0.0000   0.0000   0.0000   0.0000 
1997 3 12   0.0000   0.0000   0.0000   0.0000 
1997 3 19 159.8000 168.4000  79.1260  80.9100 
1997 3 26   0.0000   0.0000   0.0000   0.0000 
1997 4 2   0.0000   0.0000   0.0000   0.0000 
1997 4 9   0.0000   0.0000   0.0000   0.0000 
1997 4 16 159.9000 168.9000  79.2000  81.0630 
1997 4 23   0.0000   0.0000   0.0000   0.0000 
1997 4 30   0.0000   0.0000   0.0000   0.0000 
1997 5 7   0.0000   0.0000   0.0000   0.0000 
1997 5 14   0.0000   0.0000   0.0000   0.0000 
1997 5 21 159.9000 169.2000  79.1690  81.1280 
1997 5 28   0.0000   0.0000   0.0000   0.0000 
1997 6 4   0.0000   0.0000   0.0000   0.0000 
1997 6 11   0.0000   0.0000   0.0000   0.0000 
1997 6 18 160.2000 169.4000  79.2680  81.2450 
1997 6 25   0.0000   0.0000   0.0000   0.0000 
1997 7 2   0.0000   0.0000   0.0000   0.0000 
1997 7 9   0.0000   0.0000   0.0000   0.0000 
1997 7 16 160.4000 169.7000  79.3120  81.2970 
1997 7 23   0.0000   0.0000   0.0000   0.0000 
1997 7 30   0.0000   0.0000   0.0000   0.0000 
1997 8 6   0.0000   0.0000   0.0000   0.0000 
1997 8 13   0.0000   0.0000   0.0000   0.0000 
1997 8 20 160.8000 169.8000  79.3770  81.2660 
1997 8 27   0.0000   0.0000   0.0000   0.0000 
1997 9 3   0.0000   0.0000   0.0000   0.0000 
1997 9 10   0.0000   0.0000   0.0000   0.0000 
1997 9 17 161.2000 170.2000  79.5570  81.4210 
1997 9 24   0.0000   0.0000   0.0000   0.0000 
1997 10 1   0.0000   0.0000   0.0000   0.0000 
1997 10 8   0.0000   0.0000   0.0000   0.0000 
1997 10 15 161.5000 170.6000  79.6600  81.5430 
1997 10 22   0.0000   0.0000   0.0000   0.0000 
1997 10 29   0.0000   0.0000   0.0000   0.0000 
1997 11 5   0.0000   0.0000   0.0000   0.0000 
1997 11 12   0.0000   0.0000   0.0000   0.0000 
1997 11 19 161.7000 170.8000  79.6700  81.5760 
1997 11 26   0.0000   0.0000   0.0000   0.0000 
1997 12 3   0.0000   0.0000   0.0000   0.0000 
1997 12 10   0.0000   0.0000   0.0000   0.0000 
1997 12 17 161.8000 171.2000  79.6570  81.6270 
1997 12 24   0.0000   0.0000   0.0000   0.0000 
1997 12 31   0.0000   0.0000   0.0000   0.0000 
1998 1 7   0.0000   0.0000   0.0000   0.0000 
1998 1 14   0.0000   0.0000   0.0000   0.0000 
1998 1 21 162.0000 171.6000  79.6880  81.7430 
1998 1 28   0.0000   0.0000   0.0000   0.0000 
1998 2 4   0.0000   0.0000   0.0000   0.0000 
1998 2 11   0.0000   0.0000   0.0000   0.0000 
1998 2 18 162.0000 171.9000  79.6390  81.8020 
1998 2 25   0.0000   0.0000   0.0000   0.0000 
1998 3 4   0.0000   0.0000   0.0000   0.0000 
1998 3 11   0.0000   0.0000   0.0000   0.0000 
1998 3 18 162.0000 172.2000  79.6450  81.8800 
1998 3 25   0.0000   0.0000   0.0000   0.0000 
1998 4 1   0.0000   0.0000   0.0000   0.0000 
1998 4 8   0.0000   0.0000   0.0000   0.0000 
1998 4 15 162.2000 172.5000  79.7460  82.0340 
1998 4 22   0.0000   0.0000   0.0000   0.0000 
1998 4 29   0.0000   0.0000   0.0000   0.0000 
1998 5 6   0.0000   0.0000   0.0000   0.0000 
1998 5 13   0.0000   0.0000   0.0000   0.0000 
1998 5 20 162.6000 172.9000  79.8580  82.1170 
1998 5 27   0.0000   0.0000   0.0000   0.0000 
1998 6 3   0.0000   0.0000   0.0000   0.0000 
1998 6 10   0.0000   0.0000   0.0000   0.0000 
1998 6 17 162.8000 173.2000  79.7940  82.0180 
1998 6 24   0.0000   0.0000   0.0000   0.0000 
1998 7 1   0.0000   0.0000   0.0000   0.0000 
1998 7 8   0.0000   0.0000   0.0000   0.0000 
1998 7 15 163.2000 173.5000  79.9860  82.2430 
1998 7 22   0.0000   0.0000   0.0000   0.0000 
1998 7 29   0.0000   0.0000   0.0000   0.0000 
1998 8 5   0.0000   0.0000   0.0000   0.0000 
1998 8 12   0.0000   0.0000   0.0000   0.0000 
1998 8 19 163.4000 174.0000  80.0950  82.4010 
1998 8 26   0.0000   0.0000   0.0000   0.0000 
1998 9 2   0.0000   0.0000   0.0000   0.0000 
1998 9 9   0.0000   0.0000   0.0000   0.0000 
1998 9 16 163.5000 174.2000  80.0440  82.3820 
1998 9 23   0.0000   0.0000   0.0000   0.0000 
1998 9 30   0.0000   0.0000   0.0000   0.0000 
1998 10 7   0.0000   0.0000   0.0000   0.0000 
1998 10 14   0.0000   0.0000   0.0000   0.0000 
1998 10 21 163.9000 174.4000  80.2150  82.5380 
1998 10 28   0.0000   0.0000   0.0000   0.0000 
1998 11 4   0.0000   0.0000   0.0000   0.0000 
1998 11 11   0.0000   0.0000   0.0000   0.0000 
1998 11 18 164.1000 174.8000  80.2170  82.5490 
1998 11 25   0.0000   0.0000   0.0000   0.0000 
1998 12 2   0.0000   0.0000   0.0000   0.0000 
1998 12 9   0.0000   0.0000   0.0000   0.0000 
1998 12 16 164.4000 175.4000  80.3020  82.6970 
1998 12 23   0.0000   0.0000   0.0000   0.0000 
1998 12 30   0.0000   0.0000   0.0000   0.0000 
1999 1 6   0.0000   0.0000   0.0000   0.0000 
1999 1 13   0.0000   0.0000   0.0000   0.0000 
1999 1 20 164.7000 175.6000  80.4480  82.8540 
1999 1 27   0.0000   0.0000   0.0000   0.0000 
1999 2 3   0.0000   0.0000   0.0000   0.0000 
1999 2 10   0.0000   0.0000   0.0000   0.0000 
1999 2 17 164.7000 175.6000  80.4280  82.8550 
1999 2 24   0.0000   0.0000   0.0000   0.0000 
1999 3 3   0.0000   0.0000   0.0000   0.0000 
1999 3 10   0.0000   0.0000   0.0000   0.0000 
1999 3 17 164.8000 175.7000  80.4840  82.8740 
1999 3 24   0.0000   0.0000   0.0000   0.0000 
1999 3 31   0.0000   0.0000   0.0000   0.0000 
1999 4 7   0.0000   0.0000   0.0000   0.0000 
1999 4 14   0.0000   0.0000   0.0000   0.0000 
1999 4 21 165.9000 176.3000  80.8560  83.0690 
1999 4 28   0.0000   0.0000   0.0000   0.0000 
1999 5 5   0.0000   0.0000   0.0000   0.0000 
1999 5 12   0.0000   0.0000   0.0000   0.0000 
1999 5 19 166.0000 176.5000  80.8890  83.1260 
1999 5 26   0.0000   0.0000   0.0000   0.0000 
1999 6 2   0.0000   0.0000   0.0000   0.0000 
1999 6 9   0.0000   0.0000   0.0000   0.0000 
1999 6 16 166.0000 176.6000  80.9060  83.1600 
1999 6 23   0.0000   0.0000   0.0000   0.0000 
1999 6 30   0.0000   0.0000   0.0000   0.0000 
1999 7 7   0.0000   0.0000   0.0000   0.0000 
1999 7 14   0.0000   0.0000   0.0000   0.0000 
1999 7 21 166.7000 177.1000  81.1200  83.3080 
1999 7 28   0.0000   0.0000   0.0000   0.0000 
1999 8 4   0.0000   0.0000   0.0000   0.0000 
1999 8 11   0.0000   0.0000   0.0000   0.0000 
1999 8 18 167.1000 177.3000  81.2630  83.3440 
1999 8 25   0.0000   0.0000   0.0000   0.0000 
1999 9 1   0.0000   0.0000   0.0000   0.0000 
1999 9 8   0.0000   0.0000   0.0000   0.0000 
1999 9 15 167.8000 177.8000  81.5470  83.5560 
1999 9 22   0.0000   0.0000   0.0000   0.0000 
1999 9 29   0.0000   0.0000   0.0000   0.0000 
1999 10 6   0.0000   0.0000   0.0000   0.0000 
1999 10 13   0.0000   0.0000   0.0000   0.0000 
1999 10 20 168.1000 178.1000  81.6770  83.6880 
1999 10 27   0.0000   0.0000   0.0000   0.0000 
1999 11 3   0.0000   0.0000   0.0000   0.0000 
1999 11 10   0.0000   0.0000   0.0000   0.0000 
1999 11 17 168.4000 178.4000  81.7490  83.7690 
1999 11 24   0.0000   0.0000   0.0000   0.0000 
1999 12 1   0.0000   0.0000   0.0000   0.0000 
1999 12 8   0.0000   0.0000   0.0000   0.0000 
1999 12 15 168.8000 178.7000  81.9510  83.8880 
1999 12 22   0.0000   0.0000   0.0000   0.0000 
1999 12 29   0.0000   0.0000   0.0000   0.0000 
2000 1 5   0.0000   0.0000   0.0000   0.0000 
2000 1 12   0.0000   0.0000   0.0000   0.0000 
2000 1 19 169.3000 179.3000  82.1860  84.1030 
2000 1 26   0.0000   0.0000   0.0000   0.0000 
2000 2 2   0.0000   0.0000   0.0000   0.0000 
2000 2 9   0.0000   0.0000   0.0000   0.0000 
2000 2 16 170.0000 179.4000  82.4450  84.2290 
2000 2 23   0.0000   0.0000   0.0000   0.0000 
2000 3 1   0.0000   0.0000   0.0000   0.0000 
2000 3 8   0.0000   0.0000   0.0000   0.0000 
2000 3 15 171.0000 180.0000  82.7970  84.4000 
2000 3 22   0.0000   0.0000   0.0000   0.0000 
2000 3 29   0.0000   0.0000   0.0000   0.0000 
2000 4 5   0.0000   0.0000   0.0000   0.0000 
2000 4 12   0.0000   0.0000   0.0000   0.0000 
2000 4 19 170.9000 180.3000  82.7200  84.4450 
2000 4 26   0.0000   0.0000   0.0000   0.0000 
2000 5 3   0.0000   0.0000   0.0000   0.0000 
2000 5 10   0.0000   0.0000   0.0000   0.0000 
2000 5 17 171.2000 180.7000  82.7840  84.5310 
2000 5 24   0.0000   0.0000   0.0000   0.0000 
2000 5 31   0.0000   0.0000   0.0000   0.0000 
2000 6 7   0.0000   0.0000   0.0000   0.0000 
2000 6 14   0.0000   0.0000   0.0000   0.0000 
2000 6 21 172.2000 181.1000  83.0560  84.5850 
2000 6 28   0.0000   0.0000   0.0000   0.0000 
2000 7 5   0.0000   0.0000   0.0000   0.0000 
2000 7 12   0.0000   0.0000   0.0000   0.0000 
2000 7 19 172.7000 181.5000  83.2560  84.7710 
2000 7 26   0.0000   0.0000   0.0000   0.0000 
2000 8 2   0.0000   0.0000   0.0000   0.0000 
2000 8 9   0.0000   0.0000   0.0000   0.0000 
2000 8 16 172.7000 181.9000  83.2430  84.8690 
2000 8 23   0.0000   0.0000   0.0000   0.0000 
2000 8 30   0.0000   0.0000   0.0000   0.0000 
2000 9 6   0.0000   0.0000   0.0000   0.0000 
2000 9 13   0.0000   0.0000   0.0000   0.0000 
2000 9 20 173.6000 182.3000  83.6040  85.0790 
2000 9 27   0.0000   0.0000   0.0000   0.0000 
2000 10 4   0.0000   0.0000   0.0000   0.0000 
2000 10 11   0.0000   0.0000   0.0000   0.0000 
2000 10 18 173.9000 182.6000  83.7180  85.1990 
2000 10 25   0.0000   0.0000   0.0000   0.0000 
2000 11 1   0.0000   0.0000   0.0000   0.0000 
2000 11 8   0.0000   0.0000   0.0000   0.0000 
2000 11 15 174.2000 183.1000  83.8300  85.3440 
2000 11 22   0.0000   0.0000   0.0000   0.0000 
2000 11 29   0.0000   0.0000   0.0000   0.0000 
2000 12 6   0.0000   0.0000   0.0000   0.0000 
2000 12 13   0.0000   0.0000   0.0000   0.0000 
2000 12 20 174.6000 183.3000  83.9380  85.4030 
2000 12 27   0.0000   0.0000   0.0000   0.0000 
2001 1 3   0.0000   0.0000   0.0000   0.0000 
2001 1 10   0.0000   0.0000   0.0000   0.0000 
2001 1 17 175.6000 183.9000  84.3110  85.6830 
2001 1 24   0.0000   0.0000   0.0000   0.0000 
2001 1 31   0.0000   0.0000   0.0000   0.0000 
2001 2 7   0.0000   0.0000   0.0000   0.0000 
2001 2 14   0.0000   0.0000   0.0000   0.0000 
2001 2 21 176.0000 184.4000  84.4240  85.8140 
2001 2 28   0.0000   0.0000   0.0000   0.0000 
2001 3 7   0.0000   0.0000   0.0000   0.0000 
2001 3 14   0.0000   0.0000   0.0000   0.0000 
2001 3 21 176.1000 184.7000  84.4270  85.8980 
2001 3 28   0.0000   0.0000   0.0000   0.0000 
2001 4 4   0.0000   0.0000   0.0000   0.0000 
2001 4 11   0.0000   0.0000   0.0000   0.0000 
2001 4 18 176.4000 185.1000  84.5840  86.0440 
2001 4 25   0.0000   0.0000   0.0000   0.0000 
2001 5 2   0.0000   0.0000   0.0000   0.0000 
2001 5 9   0.0000   0.0000   0.0000   0.0000 
2001 5 16 177.3000 185.3000  84.8140  86.0740 
2001 5 23   0.0000   0.0000   0.0000   0.0000 
2001 5 30   0.0000   0.0000   0.0000   0.0000 
2001 6 6   0.0000   0.0000   0.0000   0.0000 
2001 6 13   0.0000   0.0000   0.0000   0.0000 
2001 6 20 177.7000 186.0000  84.9740  86.2780 
2001 6 27   0.0000   0.0000   0.0000   0.0000 
2001 7 4   0.0000   0.0000   0.0000   0.0000 
2001 7 11   0.0000   0.0000   0.0000   0.0000 
2001 7 18 177.4000 186.4000  84.9490  86.5030 
2001 7 25   0.0000   0.0000   0.0000   0.0000 
2001 8 1   0.0000   0.0000   0.0000   0.0000 
2001 8 8   0.0000   0.0000   0.0000   0.0000 
2001 8 15 177.4000 186.7000  84.9460  86.5540 
2001 8 22   0.0000   0.0000   0.0000   0.0000 
2001 8 29   0.0000   0.0000   0.0000   0.0000 
2001 9 5   0.0000   0.0000   0.0000   0.0000 
2001 9 12   0.0000   0.0000   0.0000   0.0000 
2001 9 19 178.1000 187.1000  84.6700  86.0780 
2001 9 26   0.0000   0.0000   0.0000   0.0000 
2001 10 3   0.0000   0.0000   0.0000   0.0000 
2001 10 10   0.0000   0.0000   0.0000   0.0000 
2001 10 17 177.6000 187.4000  84.9780  86.6940 
2001 10 24   0.0000   0.0000   0.0000   0.0000 
2001 10 31   0.0000   0.0000   0.0000   0.0000 
2001 11 7   0.0000   0.0000   0.0000   0.0000 
2001 11 14   0.0000   0.0000   0.0000   0.0000 
2001 11 21 177.5000 188.1000  84.9210  86.8690 
2001 11 28   0.0000   0.0000   0.0000   0.0000 
2001 12 5   0.0000   0.0000   0.0000   0.0000 
2001 12 12   0.0000   0.0000   0.0000   0.0000 
2001 12 19 177.4000 188.4000  84.8330  86.8880 
2001 12 26   0.0000   0.0000   0.0000   0.0000 
2002 1 2   0.0000   0.0000   0.0000   0.0000 
2002 1 9   0.0000   0.0000   0.0000   0.0000 
2002 1 16 177.7000 188.7000  84.8930  86.9180 
2002 1 23   0.0000   0.0000   0.0000   0.0000 
2002 1 30   0.0000   0.0000   0.0000   0.0000 
2002 2 6   0.0000   0.0000   0.0000   0.0000 
2002 2 13   0.0000   0.0000   0.0000   0.0000 
2002 2 20 178.0000 189.1000  85.0350  87.0830 
2002 2 27   0.0000   0.0000   0.0000   0.0000 
2002 3 6   0.0000   0.0000   0.0000   0.0000 
2002 3 13   0.0000   0.0000   0.0000   0.0000 
2002 3 20 178.5000 189.2000  85.2720  87.1930 
2002 3 27   0.0000   0.0000   0.0000   0.0000 
2002 4 3   0.0000   0.0000   0.0000   0.0000 
2002 4 10   0.0000   0.0000   0.0000   0.0000 
2002 4 17 179.3000 189.7000  85.6400  87.4520 
2002 4 24   0.0000   0.0000   0.0000   0.0000 
2002 5 1   0.0000   0.0000   0.0000   0.0000 
2002 5 8   0.0000   0.0000   0.0000   0.0000 
2002 5 15 179.5000 190.0000  85.7090  87.5650 
2002 5 22   0.0000   0.0000   0.0000   0.0000 
2002 5 29   0.0000   0.0000   0.0000   0.0000 
2002 6 5   0.0000   0.0000   0.0000   0.0000 
2002 6 12   0.0000   0.0000   0.0000   0.0000 
2002 6 19 179.6000 190.2000  85.8180  87.7060 
2002 6 26   0.0000   0.0000   0.0000   0.0000 
2002 7 3   0.0000   0.0000   0.0000   0.0000 
2002 7 10   0.0000   0.0000   0.0000   0.0000 
2002 7 17 180.0000 190.5000  85.9960  87.8700 
2002 7 24   0.0000   0.0000   0.0000   0.0000 
2002 7 31   0.0000   0.0000   0.0000   0.0000 
2002 8 7   0.0000   0.0000   0.0000   0.0000 
2002 8 14   0.0000   0.0000   0.0000   0.0000 
2002 8 21 180.5000 191.1000  86.1610  88.0390 
2002 8 28   0.0000   0.0000   0.0000   0.0000 
2002 9 4   0.0000   0.0000   0.0000   0.0000 
2002 9 11   0.0000   0.0000   0.0000   0.0000 
2002 9 18 180.8000 191.3000  86.3080  88.1730 
2002 9 25   0.0000   0.0000   0.0000   0.0000 
2002 10 2   0.0000   0.0000   0.0000   0.0000 
2002 10 9   0.0000   0.0000   0.0000   0.0000 
2002 10 16 181.2000 191.5000  86.4690  88.2530 
2002 10 23   0.0000   0.0000   0.0000   0.0000 
2002 10 30   0.0000   0.0000   0.0000   0.0000 
2002 11 6   0.0000   0.0000   0.0000   0.0000 
2002 11 13   0.0000   0.0000   0.0000   0.0000 
2002 11 20 181.5000 191.9000  86.5550  88.3390 
2002 11 27   0.0000   0.0000   0.0000   0.0000 
2002 12 4   0.0000   0.0000   0.0000   0.0000 
2002 12 11   0.0000   0.0000   0.0000   0.0000 
2002 12 18 181.8000 192.1000  86.6250  88.4070 
2002 12 25   0.0000   0.0000   0.0000   0.0000 
2003 1 1   0.0000   0.0000   0.0000   0.0000 
2003 1 8   0.0000   0.0000   0.0000   0.0000 
2003 1 15 182.6000 192.4000  86.8530  88.4320 
2003 1 22   0.0000   0.0000   0.0000   0.0000 
2003 1 29   0.0000   0.0000   0.0000   0.0000 
2003 2 5   0.0000   0.0000   0.0000   0.0000 
2003 2 12   0.0000   0.0000   0.0000   0.0000 
2003 2 19 183.6000 192.5000  87.2090  88.5410 
2003 2 26   0.0000   0.0000   0.0000   0.0000 
2003 3 5   0.0000   0.0000   0.0000   0.0000 
2003 3 12   0.0000   0.0000   0.0000   0.0000 
2003 3 19 183.9000 192.5000  87.4210  88.6710 
2003 3 26   0.0000   0.0000   0.0000   0.0000 
2003 4 2   0.0000   0.0000   0.0000   0.0000 
2003 4 9   0.0000   0.0000   0.0000   0.0000 
2003 4 16 183.2000 192.5000  87.2710  88.7680 
2003 4 23   0.0000   0.0000   0.0000   0.0000 
2003 4 30   0.0000   0.0000   0.0000   0.0000 
2003 5 7   0.0000   0.0000   0.0000   0.0000 
2003 5 14   0.0000   0.0000   0.0000   0.0000 
2003 5 21 182.9000 192.9000  87.1700  88.8940 
2003 5 28   0.0000   0.0000   0.0000   0.0000 
2003 6 4   0.0000   0.0000   0.0000   0.0000 
2003 6 11   0.0000   0.0000   0.0000   0.0000 
2003 6 18 183.1000 193.0000  87.2650  88.9450 
2003 6 25   0.0000   0.0000   0.0000   0.0000 
2003 7 2   0.0000   0.0000   0.0000   0.0000 
2003 7 9   0.0000   0.0000   0.0000   0.0000 
2003 7 16 183.7000 193.4000  87.5020  89.1440 
2003 7 23   0.0000   0.0000   0.0000   0.0000 
2003 7 30   0.0000   0.0000   0.0000   0.0000 
2003 8 6   0.0000   0.0000   0.0000   0.0000 
2003 8 13   0.0000   0.0000   0.0000   0.0000 
2003 8 20 184.5000 193.6000  87.7780  89.2250 
2003 8 27   0.0000   0.0000   0.0000   0.0000 
2003 9 3   0.0000   0.0000   0.0000   0.0000 
2003 9 10   0.0000   0.0000   0.0000   0.0000 
2003 9 17 185.1000 193.7000  88.0260  89.3190 
2003 9 24   0.0000   0.0000   0.0000   0.0000 
2003 10 1   0.0000   0.0000   0.0000   0.0000 
2003 10 8   0.0000   0.0000   0.0000   0.0000 
2003 10 15 184.9000 194.0000  87.9980  89.4370 
2003 10 22   0.0000   0.0000   0.0000   0.0000 
2003 10 29   0.0000   0.0000   0.0000   0.0000 
2003 11 5   0.0000   0.0000   0.0000   0.0000 
2003 11 12   0.0000   0.0000   0.0000   0.0000 
2003 11 19 185.0000 194.0000  88.0890  89.5360 
2003 11 26   0.0000   0.0000   0.0000   0.0000 
2003 12 3   0.0000   0.0000   0.0000   0.0000 
2003 12 10   0.0000   0.0000   0.0000   0.0000 
2003 12 17 185.5000 194.2000  88.2860  89.6510 
2003 12 24   0.0000   0.0000   0.0000   0.0000 
2003 12 31   0.0000   0.0000   0.0000   0.0000 
2004 1 7   0.0000   0.0000   0.0000   0.0000 
2004 1 14   0.0000   0.0000   0.0000   0.0000 
2004 1 21 186.3000 194.6000  88.6060  89.8570 
2004 1 28   0.0000   0.0000   0.0000   0.0000 
2004 2 4   0.0000   0.0000   0.0000   0.0000 
2004 2 11   0.0000   0.0000   0.0000   0.0000 
2004 2 18 186.7000 194.9000  88.8150  90.0260 
2004 2 25   0.0000   0.0000   0.0000   0.0000 
2004 3 3   0.0000   0.0000   0.0000   0.0000 
2004 3 10   0.0000   0.0000   0.0000   0.0000 
2004 3 17 187.1000 195.5000  88.9690  90.1960 
2004 3 24   0.0000   0.0000   0.0000   0.0000 
2004 3 31   0.0000   0.0000   0.0000   0.0000 
2004 4 7   0.0000   0.0000   0.0000   0.0000 
2004 4 14   0.0000   0.0000   0.0000   0.0000 
2004 4 21 187.4000 195.9000  89.1230  90.4180 
2004 4 28   0.0000   0.0000   0.0000   0.0000 
2004 5 5   0.0000   0.0000   0.0000   0.0000 
2004 5 12   0.0000   0.0000   0.0000   0.0000 
2004 5 19 188.2000 196.2000  89.4260  90.5580 
2004 5 26   0.0000   0.0000   0.0000   0.0000 
2004 6 2   0.0000   0.0000   0.0000   0.0000 
2004 6 9   0.0000   0.0000   0.0000   0.0000 
2004 6 16 188.9000 196.6000  89.7150  90.7400 
2004 6 23   0.0000   0.0000   0.0000   0.0000 
2004 6 30   0.0000   0.0000   0.0000   0.0000 
2004 7 7   0.0000   0.0000   0.0000   0.0000 
2004 7 14   0.0000   0.0000   0.0000   0.0000 
2004 7 21 189.1000 196.8000  89.8340  90.8890 
2004 7 28   0.0000   0.0000   0.0000   0.0000 
2004 8 4   0.0000   0.0000   0.0000   0.0000 
2004 8 11   0.0000   0.0000   0.0000   0.0000 
2004 8 18 189.2000 196.9000  89.9080  90.9560 
2004 8 25   0.0000   0.0000   0.0000   0.0000 
2004 9 1   0.0000   0.0000   0.0000   0.0000 
2004 9 8   0.0000   0.0000   0.0000   0.0000 
2004 9 15 189.8000 197.5000  90.0830  91.1220 
2004 9 22   0.0000   0.0000   0.0000   0.0000 
2004 9 29   0.0000   0.0000   0.0000   0.0000 
2004 10 6   0.0000   0.0000   0.0000   0.0000 
2004 10 13   0.0000   0.0000   0.0000   0.0000 
2004 10 20 190.8000 197.9000  90.4300  91.2750 
2004 10 27   0.0000   0.0000   0.0000   0.0000 
2004 11 3   0.0000   0.0000   0.0000   0.0000 
2004 11 10   0.0000   0.0000   0.0000   0.0000 
2004 11 17 191.7000 198.3000  90.7340  91.4210 
2004 11 24   0.0000   0.0000   0.0000   0.0000 
2004 12 1   0.0000   0.0000   0.0000   0.0000 
2004 12 8   0.0000   0.0000   0.0000   0.0000 
2004 12 15 191.7000 198.6000  90.7930  91.5490 
2004 12 22   0.0000   0.0000   0.0000   0.0000 
2004 12 29   0.0000   0.0000   0.0000   0.0000 
2005 1 5   0.0000   0.0000   0.0000   0.0000 
2005 1 12   0.0000   0.0000   0.0000   0.0000 
2005 1 19 191.6000 199.0000  90.8540  91.8130 
2005 1 26   0.0000   0.0000   0.0000   0.0000 
2005 2 2   0.0000   0.0000   0.0000   0.0000 
2005 2 9   0.0000   0.0000   0.0000   0.0000 
2005 2 16 192.4000 199.4000  91.1200  91.9780 
2005 2 23   0.0000   0.0000   0.0000   0.0000 
2005 3 2   0.0000   0.0000   0.0000   0.0000 
2005 3 9   0.0000   0.0000   0.0000   0.0000 
2005 3 16 193.1000 200.1000  91.3920  92.2040 
2005 3 23   0.0000   0.0000   0.0000   0.0000 
2005 3 30   0.0000   0.0000   0.0000   0.0000 
2005 4 6   0.0000   0.0000   0.0000   0.0000 
2005 4 13   0.0000   0.0000   0.0000   0.0000 
2005 4 20 193.7000 200.2000  91.6550  92.3210 
2005 4 27   0.0000   0.0000   0.0000   0.0000 
2005 5 4   0.0000   0.0000   0.0000   0.0000 
2005 5 11   0.0000   0.0000   0.0000   0.0000 
2005 5 18 193.6000 200.5000  91.7380  92.5440 
2005 5 25   0.0000   0.0000   0.0000   0.0000 
2005 6 1   0.0000   0.0000   0.0000   0.0000 
2005 6 8   0.0000   0.0000   0.0000   0.0000 
2005 6 15 193.7000 200.6000  91.7920  92.6030 
2005 6 22   0.0000   0.0000   0.0000   0.0000 
2005 6 29   0.0000   0.0000   0.0000   0.0000 
2005 7 6   0.0000   0.0000   0.0000   0.0000 
2005 7 13   0.0000   0.0000   0.0000   0.0000 
2005 7 20 194.9000 200.9000  92.1810  92.7410 
2005 7 27   0.0000   0.0000   0.0000   0.0000 
2005 8 3   0.0000   0.0000   0.0000   0.0000 
2005 8 10   0.0000   0.0000   0.0000   0.0000 
2005 8 17 196.1000 201.1000  92.5630  92.8330 
2005 8 24   0.0000   0.0000   0.0000   0.0000 
2005 8 31   0.0000   0.0000   0.0000   0.0000 
2005 9 7   0.0000   0.0000   0.0000   0.0000 
2005 9 14   0.0000   0.0000   0.0000   0.0000 
2005 9 21 198.8000 201.3000  93.4580  93.0460 
2005 9 28   0.0000   0.0000   0.0000   0.0000 
2005 10 5   0.0000   0.0000   0.0000   0.0000 
2005 10 12   0.0000   0.0000   0.0000   0.0000 
2005 10 19 199.1000 202.0000  93.5940  93.2940 
2005 10 26   0.0000   0.0000   0.0000   0.0000 
2005 11 2   0.0000   0.0000   0.0000   0.0000 
2005 11 9   0.0000   0.0000   0.0000   0.0000 
2005 11 16 198.1000 202.5000  93.3810  93.5150 
2005 11 23   0.0000   0.0000   0.0000   0.0000 
2005 11 30   0.0000   0.0000   0.0000   0.0000 
2005 12 7   0.0000   0.0000   0.0000   0.0000 
2005 12 14   0.0000   0.0000   0.0000   0.0000 
2005 12 21 198.1000 202.8000  93.4000  93.6330 
2005 12 28   0.0000   0.0000   0.0000   0.0000 
2006 1 4   0.0000   0.0000   0.0000   0.0000 
2006 1 11   0.0000   0.0000   0.0000   0.0000 
2006 1 18 199.3000 203.2000  93.8110  93.7930 
2006 1 25   0.0000   0.0000   0.0000   0.0000 
2006 2 1   0.0000   0.0000   0.0000   0.0000 
2006 2 8   0.0000   0.0000   0.0000   0.0000 
2006 2 15 199.4000 203.6000  93.8520  93.9260 
2006 2 22   0.0000   0.0000   0.0000   0.0000 
2006 3 1   0.0000   0.0000   0.0000   0.0000 
2006 3 8   0.0000   0.0000   0.0000   0.0000 
2006 3 15 199.7000 204.3000  94.0070  94.1530 
2006 3 22   0.0000   0.0000   0.0000   0.0000 
2006 3 29   0.0000   0.0000   0.0000   0.0000 
2006 4 5   0.0000   0.0000   0.0000   0.0000 
2006 4 12   0.0000   0.0000   0.0000   0.0000 
2006 4 19 200.7000 204.8000  94.3980  94.3900 
2006 4 26   0.0000   0.0000   0.0000   0.0000 
2006 5 3   0.0000   0.0000   0.0000   0.0000 
2006 5 10   0.0000   0.0000   0.0000   0.0000 
2006 5 17 201.3000 205.4000  94.6090  94.5760 
2006 5 24   0.0000   0.0000   0.0000   0.0000 
2006 5 31   0.0000   0.0000   0.0000   0.0000 
2006 6 7   0.0000   0.0000   0.0000   0.0000 
2006 6 14   0.0000   0.0000   0.0000   0.0000 
2006 6 21 201.8000 205.9000  94.8320  94.8030 
2006 6 28   0.0000   0.0000   0.0000   0.0000 
2006 7 5   0.0000   0.0000   0.0000   0.0000 
2006 7 12   0.0000   0.0000   0.0000   0.0000 
2006 7 19 202.9000 206.3000  95.1670  94.9130 
2006 7 26   0.0000   0.0000   0.0000   0.0000 
2006 8 2   0.0000   0.0000   0.0000   0.0000 
2006 8 9   0.0000   0.0000   0.0000   0.0000 
2006 8 16 203.8000 206.8000  95.4670  95.1080 
2006 8 23   0.0000   0.0000   0.0000   0.0000 
2006 8 30   0.0000   0.0000   0.0000   0.0000 
2006 9 6   0.0000   0.0000   0.0000   0.0000 
2006 9 13   0.0000   0.0000   0.0000   0.0000 
2006 9 20 202.8000 207.2000  95.2320  95.2720 
2006 9 27   0.0000   0.0000   0.0000   0.0000 
2006 10 4   0.0000   0.0000   0.0000   0.0000 
2006 10 11   0.0000   0.0000   0.0000   0.0000 
2006 10 18 201.9000 207.6000  94.9790  95.4130 
2006 10 25   0.0000   0.0000   0.0000   0.0000 
2006 11 1   0.0000   0.0000   0.0000   0.0000 
2006 11 8   0.0000   0.0000   0.0000   0.0000 
2006 11 15 202.0000 207.8000  95.0040  95.4500 
2006 11 22   0.0000   0.0000   0.0000   0.0000 
2006 11 29   0.0000   0.0000   0.0000   0.0000 
2006 12 6   0.0000   0.0000   0.0000   0.0000 
2006 12 13   0.0000   0.0000   0.0000   0.0000 
2006 12 20 203.1000 208.1000  95.3930  95.6320 
2006 12 27   0.0000   0.0000   0.0000   0.0000 
2007 1 3   0.0000   0.0000   0.0000   0.0000 
2007 1 10   0.0000   0.0000   0.0000   0.0000 
2007 1 17 203.4370 208.6000  95.6890  95.9980 
2007 1 24   0.0000   0.0000   0.0000   0.0000 
2007 1 31   0.0000   0.0000   0.0000   0.0000 
2007 2 7   0.0000   0.0000   0.0000   0.0000 
2007 2 14   0.0000   0.0000   0.0000   0.0000 
2007 2 21 204.2260 209.1350  96.0050  96.2270 
2007 2 28   0.0000   0.0000   0.0000   0.0000 
2007 3 7   0.0000   0.0000   0.0000   0.0000 
2007 3 14   0.0000   0.0000   0.0000   0.0000 
2007 3 21 205.2880 209.4180  96.3400  96.3050 
2007 3 28   0.0000   0.0000   0.0000   0.0000 
2007 4 4   0.0000   0.0000   0.0000   0.0000 
2007 4 11   0.0000   0.0000   0.0000   0.0000 
2007 4 18 205.9040 209.7470  96.5270  96.3970 
2007 4 25   0.0000   0.0000   0.0000   0.0000 
2007 5 2   0.0000   0.0000   0.0000   0.0000 
2007 5 9   0.0000   0.0000   0.0000   0.0000 
2007 5 16 206.7550 210.0580  96.7980  96.5000 
2007 5 23   0.0000   0.0000   0.0000   0.0000 
2007 5 30   0.0000   0.0000   0.0000   0.0000 
2007 6 6   0.0000   0.0000   0.0000   0.0000 
2007 6 13   0.0000   0.0000   0.0000   0.0000 
2007 6 20 207.2340 210.3920  96.9970  96.6510 
2007 6 27   0.0000   0.0000   0.0000   0.0000 
2007 7 4   0.0000   0.0000   0.0000   0.0000 
2007 7 11   0.0000   0.0000   0.0000   0.0000 
2007 7 18 207.6030 210.7730  97.1410  96.7930 
2007 7 25   0.0000   0.0000   0.0000   0.0000 
2007 8 1   0.0000   0.0000   0.0000   0.0000 
2007 8 8   0.0000   0.0000   0.0000   0.0000 
2007 8 15 207.6670 211.1190  97.2250  96.9560 
2007 8 22   0.0000   0.0000   0.0000   0.0000 
2007 8 29   0.0000   0.0000   0.0000   0.0000 
2007 9 5   0.0000   0.0000   0.0000   0.0000 
2007 9 12   0.0000   0.0000   0.0000   0.0000 
2007 9 19 208.5470 211.5540  97.6010  97.2210 
2007 9 26   0.0000   0.0000   0.0000   0.0000 
2007 10 3   0.0000   0.0000   0.0000   0.0000 
2007 10 10   0.0000   0.0000   0.0000   0.0000 
2007 10 17 209.1900 212.0770  97.8830  97.4600 
2007 10 24   0.0000   0.0000   0.0000   0.0000 
2007 10 31   0.0000   0.0000   0.0000   0.0000 
2007 11 7   0.0000   0.0000   0.0000   0.0000 
2007 11 14   0.0000   0.0000   0.0000   0.0000 
2007 11 21 210.8340 212.6600  98.3730  97.6190 
2007 11 28   0.0000   0.0000   0.0000   0.0000 
2007 12 5   0.0000   0.0000   0.0000   0.0000 
2007 12 12   0.0000   0.0000   0.0000   0.0000 
2007 12 19 211.4450 213.1680  98.6380  97.8570 
2007 12 26   0.0000   0.0000   0.0000   0.0000 
2008 1 2   0.0000   0.0000   0.0000   0.0000 
2008 1 9   0.0000   0.0000   0.0000   0.0000 
2008 1 16 212.1740 213.7710  98.8940  98.0580 
2008 1 23   0.0000   0.0000   0.0000   0.0000 
2008 1 30   0.0000   0.0000   0.0000   0.0000 
2008 2 6   0.0000   0.0000   0.0000   0.0000 
2008 2 13   0.0000   0.0000   0.0000   0.0000 
2008 2 20 212.6870 213.9390  99.1100  98.1730 
2008 2 27   0.0000   0.0000   0.0000   0.0000 
2008 3 5   0.0000   0.0000   0.0000   0.0000 
2008 3 12   0.0000   0.0000   0.0000   0.0000 
2008 3 19 213.4480 214.4200  99.4160  98.3940 
2008 3 26   0.0000   0.0000   0.0000   0.0000 
2008 4 2   0.0000   0.0000   0.0000   0.0000 
2008 4 9   0.0000   0.0000   0.0000   0.0000 
2008 4 16 213.9420 214.5600  99.6540  98.5140 
2008 4 23   0.0000   0.0000   0.0000   0.0000 
2008 4 30   0.0000   0.0000   0.0000   0.0000 
2008 5 7   0.0000   0.0000   0.0000   0.0000 
2008 5 14   0.0000   0.0000   0.0000   0.0000 
2008 5 21 215.2080 214.9360 100.0910  98.7020 
2008 5 28   0.0000   0.0000   0.0000   0.0000 
2008 6 4   0.0000   0.0000   0.0000   0.0000 
2008 6 11   0.0000   0.0000   0.0000   0.0000 
2008 6 18 217.4630 215.4240 100.7860  98.8940 
2008 6 25   0.0000   0.0000   0.0000   0.0000 
2008 7 2   0.0000   0.0000   0.0000   0.0000 
2008 7 9   0.0000   0.0000   0.0000   0.0000 
2008 7 16 219.0160 215.9650 101.2180  99.0290 
2008 7 23   0.0000   0.0000   0.0000   0.0000 
2008 7 30   0.0000   0.0000   0.0000   0.0000 
2008 8 6   0.0000   0.0000   0.0000   0.0000 
2008 8 13   0.0000   0.0000   0.0000   0.0000 
2008 8 20 218.6900 216.3930 101.1350  99.1470 
2008 8 27   0.0000   0.0000   0.0000   0.0000 
2008 9 3   0.0000   0.0000   0.0000   0.0000 
2008 9 10   0.0000   0.0000   0.0000   0.0000 
2008 9 17 218.8770 216.7130 101.2360  99.2700 
2008 9 24   0.0000   0.0000   0.0000   0.0000 
2008 10 1   0.0000   0.0000   0.0000   0.0000 
2008 10 8   0.0000   0.0000   0.0000   0.0000 
2008 10 15 216.9950 216.7880 100.6840  99.2610 
2008 10 22   0.0000   0.0000   0.0000   0.0000 
2008 10 29   0.0000   0.0000   0.0000   0.0000 
2008 11 5   0.0000   0.0000   0.0000   0.0000 
2008 11 12   0.0000   0.0000   0.0000   0.0000 
2008 11 19 213.1530 216.9470  99.5450  99.2550 
2008 11 26   0.0000   0.0000   0.0000   0.0000 
2008 12 3   0.0000   0.0000   0.0000   0.0000 
2008 12 10   0.0000   0.0000   0.0000   0.0000 
2008 12 17 211.3980 216.9250  99.0070  99.2280 
2008 12 24   0.0000   0.0000   0.0000   0.0000 
2008 12 31   0.0000   0.0000   0.0000   0.0000 
2009 1 7   0.0000   0.0000   0.0000   0.0000 
2009 1 14   0.0000   0.0000   0.0000   0.0000 
2009 1 21 211.9330 217.3460  99.0680  99.2590 
2009 1 28   0.0000   0.0000   0.0000   0.0000 
2009 2 4   0.0000   0.0000   0.0000   0.0000 
2009 2 11   0.0000   0.0000   0.0000   0.0000 
2009 2 18 212.7050 217.7920  99.2840  99.3580 
2009 2 25   0.0000   0.0000   0.0000   0.0000 
2009 3 4   0.0000   0.0000   0.0000   0.0000 
2009 3 11   0.0000   0.0000   0.0000   0.0000 
2009 3 18 212.4950 218.2530  99.1930  99.4800 
2009 3 25   0.0000   0.0000   0.0000   0.0000 
2009 4 1   0.0000   0.0000   0.0000   0.0000 
2009 4 8   0.0000   0.0000   0.0000   0.0000 
2009 4 15 212.7090 218.7060  99.3400  99.7370 
2009 4 22   0.0000   0.0000   0.0000   0.0000 
2009 4 29   0.0000   0.0000   0.0000   0.0000 
2009 5 6   0.0000   0.0000   0.0000   0.0000 
2009 5 13   0.0000   0.0000   0.0000   0.0000 
2009 5 20 213.0220 218.9040  99.4740  99.8400 
2009 5 27   0.0000   0.0000   0.0000   0.0000 
2009 6 3   0.0000   0.0000   0.0000   0.0000 
2009 6 10   0.0000   0.0000   0.0000   0.0000 
2009 6 17 214.7900 219.1120 100.0670  99.9740 
2009 6 24   0.0000   0.0000   0.0000   0.0000 
2009 7 1   0.0000   0.0000   0.0000   0.0000 
2009 7 8   0.0000   0.0000   0.0000   0.0000 
2009 7 15 214.7260 219.2630 100.0200  99.9910 
2009 7 22   0.0000   0.0000   0.0000   0.0000 
2009 7 29   0.0000   0.0000   0.0000   0.0000 
2009 8 5   0.0000   0.0000   0.0000   0.0000 
2009 8 12   0.0000   0.0000   0.0000   0.0000 
2009 8 19 215.4450 219.4960 100.2880 100.1100 
2009 8 26   0.0000   0.0000   0.0000   0.0000 
2009 9 2   0.0000   0.0000   0.0000   0.0000 
2009 9 9   0.0000   0.0000   0.0000   0.0000 
2009 9 16 215.8610 219.9200 100.4540 100.2910 
2009 9 23   0.0000   0.0000   0.0000   0.0000 
2009 9 30   0.0000   0.0000   0.0000   0.0000 
2009 10 7   0.0000   0.0000   0.0000   0.0000 
2009 10 14   0.0000   0.0000   0.0000   0.0000 
2009 10 21 216.5090 220.5010 100.7640 100.5810 
2009 10 28   0.0000   0.0000   0.0000   0.0000 
2009 11 4   0.0000   0.0000   0.0000   0.0000 
2009 11 11   0.0000   0.0000   0.0000   0.0000 
2009 11 18 217.2340 220.6660 100.9970 100.6660 
2009 11 25   0.0000   0.0000   0.0000   0.0000 
2009 12 2   0.0000   0.0000   0.0000   0.0000 
2009 12 9   0.0000   0.0000   0.0000   0.0000 
2009 12 16 217.3470 220.8810 101.0520 100.7130 
2009 12 23   0.0000   0.0000   0.0000   0.0000 
2009 12 30   0.0000   0.0000   0.0000   0.0000 
2010 1 6   0.0000   0.0000   0.0000   0.0000 
2010 1 13   0.0000   0.0000   0.0000   0.0000 
2010 1 20 217.4880 220.6330 101.2340 100.8070 
2010 1 27   0.0000   0.0000   0.0000   0.0000 
2010 2 3   0.0000   0.0000   0.0000   0.0000 
2010 2 10   0.0000   0.0000   0.0000   0.0000 
2010 2 17 217.2810 220.7310 101.2480 100.8900 
2010 2 24   0.0000   0.0000   0.0000   0.0000 
2010 3 3   0.0000   0.0000   0.0000   0.0000 
2010 3 10   0.0000   0.0000   0.0000   0.0000 
2010 3 17 217.3530 220.7830 101.3630 101.0330 
2010 3 24   0.0000   0.0000   0.0000   0.0000 
2010 3 31   0.0000   0.0000   0.0000   0.0000 
2010 4 7   0.0000   0.0000   0.0000   0.0000 
2010 4 14   0.0000   0.0000   0.0000   0.0000 
2010 4 21 217.4030 220.8220 101.3490 101.0610 
2010 4 28   0.0000   0.0000   0.0000   0.0000 
2010 5 5   0.0000   0.0000   0.0000   0.0000 
2010 5 12   0.0000   0.0000   0.0000   0.0000 
2010 5 19 217.2900 220.9620 101.3920 101.1820 
2010 5 26   0.0000   0.0000   0.0000   0.0000 
2010 6 2   0.0000   0.0000   0.0000   0.0000 
2010 6 9   0.0000   0.0000   0.0000   0.0000 
2010 6 16 217.1990 221.1940 101.4470 101.2880 
2010 6 23   0.0000   0.0000   0.0000   0.0000 
2010 6 30   0.0000   0.0000   0.0000   0.0000 
2010 7 7   0.0000   0.0000   0.0000   0.0000 
2010 7 14   0.0000   0.0000   0.0000   0.0000 
2010 7 21 217.6050 221.3630 101.5690 101.3450 
2010 7 28   0.0000   0.0000   0.0000   0.0000 
2010 8 4   0.0000   0.0000   0.0000   0.0000 
2010 8 11   0.0000   0.0000   0.0000   0.0000 
2010 8 18 217.9230 221.5090 101.7130 101.4420 
2010 8 25   0.0000   0.0000   0.0000   0.0000 
2010 9 1   0.0000   0.0000   0.0000   0.0000 
2010 9 8   0.0000   0.0000   0.0000   0.0000 
2010 9 15 218.2750 221.7110 101.8070 101.4880 
2010 9 22   0.0000   0.0000   0.0000   0.0000 
2010 9 29   0.0000   0.0000   0.0000   0.0000 
2010 10 6   0.0000   0.0000   0.0000   0.0000 
2010 10 13   0.0000   0.0000   0.0000   0.0000 
2010 10 20 219.0350 221.8300 102.0450 101.5590 
2010 10 27   0.0000   0.0000   0.0000   0.0000 
2010 11 3   0.0000   0.0000   0.0000   0.0000 
2010 11 10   0.0000   0.0000   0.0000   0.0000 
2010 11 17 219.5900 222.1490 102.2110 101.6650 
2010 11 24   0.0000   0.0000   0.0000   0.0000 
2010 12 1   0.0000   0.0000   0.0000   0.0000 
2010 12 8   0.0000   0.0000   0.0000   0.0000 
2010 12 15 220.4720 222.3430 102.4550 101.6670 
2010 12 22   0.0000   0.0000   0.0000   0.0000 
2010 12 29   0.0000   0.0000   0.0000   0.0000 
2011 1 5   0.0000   0.0000   0.0000   0.0000 
2011 1 12   0.0000   0.0000   0.0000   0.0000 
2011 1 19 221.1480 222.7470 102.6850 101.8080 
2011 1 26   0.0000   0.0000   0.0000   0.0000 
2011 2 2   0.0000   0.0000   0.0000   0.0000 
2011 2 9   0.0000   0.0000   0.0000   0.0000 
2011 2 16 221.9040 223.1590 102.9660 101.9830 
2011 2 23   0.0000   0.0000   0.0000   0.0000 
2011 3 2   0.0000   0.0000   0.0000   0.0000 
2011 3 9   0.0000   0.0000   0.0000   0.0000 
2011 3 16 223.0440 223.4370 103.3560 102.1310 
2011 3 23   0.0000   0.0000   0.0000   0.0000 
2011 3 30   0.0000   0.0000   0.0000   0.0000 
2011 4 6   0.0000   0.0000   0.0000   0.0000 
2011 4 13   0.0000   0.0000   0.0000   0.0000 
2011 4 20 224.0600 223.7770 103.8080 102.3840 
2011 4 27   0.0000   0.0000   0.0000   0.0000 
2011 5 4   0.0000   0.0000   0.0000   0.0000 
2011 5 11   0.0000   0.0000   0.0000   0.0000 
2011 5 18 224.8690 224.2780 104.1440 102.6280 
2011 5 25   0.0000   0.0000   0.0000   0.0000 
2011 6 1   0.0000   0.0000   0.0000   0.0000 
2011 6 8   0.0000   0.0000   0.0000   0.0000 
2011 6 15 224.8410 224.7760 104.1790 102.7670 
2011 6 22   0.0000   0.0000   0.0000   0.0000 
2011 6 29   0.0000   0.0000   0.0000   0.0000 
2011 7 6   0.0000   0.0000   0.0000   0.0000 
2011 7 13   0.0000   0.0000   0.0000   0.0000 
2011 7 20 225.4190 225.2350 104.3800 102.9420 
2011 7 27   0.0000   0.0000   0.0000   0.0000 
2011 8 3   0.0000   0.0000   0.0000   0.0000 
2011 8 10   0.0000   0.0000   0.0000   0.0000 
2011 8 17 226.0820 225.8210 104.6180 103.1570 
2011 8 24   0.0000   0.0000   0.0000   0.0000 
2011 8 31   0.0000   0.0000   0.0000   0.0000 
2011 9 7   0.0000   0.0000   0.0000   0.0000 
2011 9 14   0.0000   0.0000   0.0000   0.0000 
2011 9 21 226.6760 226.0890 104.7870 103.2300 
2011 9 28   0.0000   0.0000   0.0000   0.0000 
2011 10 5   0.0000   0.0000   0.0000   0.0000 
2011 10 12   0.0000   0.0000   0.0000   0.0000 
2011 10 19 226.8110 226.4760 104.8510 103.3710 
2011 10 26   0.0000   0.0000   0.0000   0.0000 
2011 11 2   0.0000   0.0000   0.0000   0.0000 
2011 11 9   0.0000   0.0000   0.0000   0.0000 
2011 11 16 227.1570 226.9430 104.9990 103.5390 
2011 11 23   0.0000   0.0000   0.0000   0.0000 
2011 11 30   0.0000   0.0000   0.0000   0.0000 
2011 12 7   0.0000   0.0000   0.0000   0.0000 
2011 12 14   0.0000   0.0000   0.0000   0.0000 
2011 12 21 227.1450 227.3320 105.0180 103.6560 
2011 12 28   0.0000   0.0000   0.0000   0.0000 
2012 1 4   0.0000   0.0000   0.0000   0.0000 
2012 1 11   0.0000   0.0000   0.0000   0.0000 
2012 1 18 227.7590 227.8400 105.2940 103.9090 
2012 1 25   0.0000   0.0000   0.0000   0.0000 
2012 2 1   0.0000   0.0000   0.0000   0.0000 
2012 2 8   0.0000   0.0000   0.0000   0.0000 
2012 2 15 228.2850 228.0120 105.4950 104.0370 
2012 2 22   0.0000   0.0000   0.0000   0.0000 
2012 2 29   0.0000   0.0000   0.0000   0.0000 
2012 3 7   0.0000   0.0000   0.0000   0.0000 
2012 3 14   0.0000   0.0000   0.0000   0.0000 
2012 3 21 228.8660 228.4760 105.7390 104.2440 
2012 3 28   0.0000   0.0000   0.0000   0.0000 
2012 4 4   0.0000   0.0000   0.0000   0.0000 
2012 4 11   0.0000   0.0000   0.0000   0.0000 
2012 4 18 229.1720 228.9430 105.8830 104.4000 
2012 4 25   0.0000   0.0000   0.0000   0.0000 
2012 5 2   0.0000   0.0000   0.0000   0.0000 
2012 5 9   0.0000   0.0000   0.0000   0.0000 
2012 5 16 228.7850 229.3120 105.8310 104.5380 
2012 5 23   0.0000   0.0000   0.0000   0.0000 
2012 5 30   0.0000   0.0000   0.0000   0.0000 
2012 6 6   0.0000   0.0000   0.0000   0.0000 
2012 6 13   0.0000   0.0000   0.0000   0.0000 
2012 6 20 228.6260 229.7520 105.8650 104.7010 
2012 6 27   0.0000   0.0000   0.0000   0.0000 
2012 7 4   0.0000   0.0000   0.0000   0.0000 
2012 7 11   0.0000   0.0000   0.0000   0.0000 
2012 7 18 228.5840 229.9800 105.8950 104.8100 
2012 7 25   0.0000   0.0000   0.0000   0.0000 
2012 8 1   0.0000   0.0000   0.0000   0.0000 
2012 8 8   0.0000   0.0000   0.0000   0.0000 
2012 8 15 229.9110 230.1750 106.2110 104.8590 
2012 8 22   0.0000   0.0000   0.0000   0.0000 
2012 8 29   0.0000   0.0000   0.0000   0.0000 
2012 9 5   0.0000   0.0000   0.0000   0.0000 
2012 9 12   0.0000   0.0000   0.0000   0.0000 
2012 9 19 231.1040 230.5980 106.5060 104.9450 
2012 9 26   0.0000   0.0000   0.0000   0.0000 
2012 10 3   0.0000   0.0000   0.0000   0.0000 
2012 10 10   0.0000   0.0000   0.0000   0.0000 
2012 10 17 231.7410 230.9890 106.7580 105.1590 
2012 10 24   0.0000   0.0000   0.0000   0.0000 
2012 10 31   0.0000   0.0000   0.0000   0.0000 
2012 11 7   0.0000   0.0000   0.0000   0.0000 
2012 11 14   0.0000   0.0000   0.0000   0.0000 
2012 11 21 231.2020 231.3350 106.6460 105.2400 
2012 11 28   0.0000   0.0000   0.0000   0.0000 
2012 12 5   0.0000   0.0000   0.0000   0.0000 
2012 12 12   0.0000   0.0000   0.0000   0.0000 
2012 12 19 231.1650 231.6340 106.6210 105.2900 
2012 12 26   0.0000   0.0000   0.0000   0.0000 
2013 1 2   0.0000   0.0000   0.0000   0.0000 
2013 1 9   0.0000   0.0000   0.0000   0.0000 
2013 1 16 231.4440 232.2230 106.7380 105.4890 
2013 1 23   0.0000   0.0000   0.0000   0.0000 
2013 1 30   0.0000   0.0000   0.0000   0.0000 
2013 2 6   0.0000   0.0000   0.0000   0.0000 
2013 2 13   0.0000   0.0000   0.0000   0.0000 
2013 2 20 232.8030 232.6070 107.1010 105.6060 
2013 2 27   0.0000   0.0000   0.0000   0.0000 
2013 3 6   0.0000   0.0000   0.0000   0.0000 
2013 3 13   0.0000   0.0000   0.0000   0.0000 
2013 3 20 232.2450 232.8040 107.0120 105.7230 
2013 3 27   0.0000   0.0000   0.0000   0.0000 
2013 4 3   0.0000   0.0000   0.0000   0.0000 
2013 4 10   0.0000   0.0000   0.0000   0.0000 
2013 4 17 231.6720 232.8660 106.8910 105.7390 
2013 4 24   0.0000   0.0000   0.0000   0.0000 
2013 5 1   0.0000   0.0000   0.0000   0.0000 
2013 5 8   0.0000   0.0000   0.0000   0.0000 
2013 5 15 231.9900 233.1370 107.0200 105.8510 
2013 5 22   0.0000   0.0000   0.0000   0.0000 
2013 5 29   0.0000   0.0000   0.0000   0.0000 
2013 6 5   0.0000   0.0000   0.0000   0.0000 
2013 6 12   0.0000   0.0000   0.0000   0.0000 
2013 6 19 232.5830 233.4970 107.3110 106.0350 
2013 6 26   0.0000   0.0000   0.0000   0.0000 
2013 7 3   0.0000   0.0000   0.0000   0.0000 
2013 7 10   0.0000   0.0000   0.0000   0.0000 
2013 7 17 232.9800 233.8780 107.4340 106.1480 
2013 7 24   0.0000   0.0000   0.0000   0.0000 
2013 7 31   0.0000   0.0000   0.0000   0.0000 
2013 8 7   0.0000   0.0000   0.0000   0.0000 
2013 8 14   0.0000   0.0000   0.0000   0.0000 
2013 8 21 233.4130 234.2640 107.5130 106.2500 
2013 8 28   0.0000   0.0000   0.0000   0.0000 
2013 9 4   0.0000   0.0000   0.0000   0.0000 
2013 9 11   0.0000   0.0000   0.0000   0.0000 
2013 9 18 233.7730 234.6080 107.6120 106.3590 
2013 9 25   0.0000   0.0000   0.0000   0.0000 
2013 10 2   0.0000   0.0000   0.0000   0.0000 
2013 10 9   0.0000   0.0000   0.0000   0.0000 
2013 10 16 233.9030 234.8600 107.6710 106.4870 
2013 10 23   0.0000   0.0000   0.0000   0.0000 
2013 10 30   0.0000   0.0000   0.0000   0.0000 
2013 11 6   0.0000   0.0000   0.0000   0.0000 
2013 11 13   0.0000   0.0000   0.0000   0.0000 
2013 11 20 234.0380 235.2870 107.7590 106.6190 
2013 11 27   0.0000   0.0000   0.0000   0.0000 
2013 12 4   0.0000   0.0000   0.0000   0.0000 
2013 12 11   0.0000   0.0000   0.0000   0.0000 
2013 12 18 234.6970 235.6430 107.9380 106.7050 
2013 12 25   0.0000   0.0000   0.0000   0.0000 
2014 1 1   0.0000   0.0000   0.0000   0.0000 
2014 1 8   0.0000   0.0000   0.0000   0.0000 
2014 1 15 235.1280 235.9960 108.0460 106.8020 
2014 1 22   0.0000   0.0000   0.0000   0.0000 
2014 1 29   0.0000   0.0000   0.0000   0.0000 
2014 2 5   0.0000   0.0000   0.0000   0.0000 
2014 2 12   0.0000   0.0000   0.0000   0.0000 
2014 2 19 235.3560 236.2450 108.1290 106.9060 
2014 2 26   0.0000   0.0000   0.0000   0.0000 
2014 3 5   0.0000   0.0000   0.0000   0.0000 
2014 3 12   0.0000   0.0000   0.0000   0.0000 
2014 3 19 235.7900 236.6420 108.2920 107.0570 
2014 3 26   0.0000   0.0000   0.0000   0.0000 
2014 4 2   0.0000   0.0000   0.0000   0.0000 
2014 4 9   0.0000   0.0000   0.0000   0.0000 
2014 4 16 236.2400 237.1100 108.5230 107.2630 
2014 4 23   0.0000   0.0000   0.0000   0.0000 
2014 4 30   0.0000   0.0000   0.0000   0.0000 
2014 5 7   0.0000   0.0000   0.0000   0.0000 
2014 5 14   0.0000   0.0000   0.0000   0.0000 
2014 5 21 236.9500 237.6580 108.7900 107.4570 
2014 5 28   0.0000   0.0000   0.0000   0.0000 
2014 6 4   0.0000   0.0000   0.0000   0.0000 
2014 6 11   0.0000   0.0000   0.0000   0.0000 
2014 6 18 237.3480 237.9840 109.0340 107.6210 
2014 6 25   0.0000   0.0000   0.0000   0.0000 
2014 7 2   0.0000   0.0000   0.0000   0.0000 
2014 7 9   0.0000   0.0000   0.0000   0.0000 
2014 7 16 237.5960 238.2170 109.1250 107.7250 
2014 7 23   0.0000   0.0000   0.0000   0.0000 
2014 7 30   0.0000   0.0000   0.0000   0.0000 
2014 8 6   0.0000   0.0000   0.0000   0.0000 
2014 8 13   0.0000   0.0000   0.0000   0.0000 
2014 8 20 237.4090 238.3400 109.0720 107.8080 
2014 8 27   0.0000   0.0000   0.0000   0.0000 
2014 9 3   0.0000   0.0000   0.0000   0.0000 
2014 9 10   0.0000   0.0000   0.0000   0.0000 
2014 9 17 237.6260 238.6860 109.1500 107.9320 
2014 9 24   0.0000   0.0000   0.0000   0.0000 
2014 10 1   0.0000   0.0000   0.0000   0.0000 
2014 10 8   0.0000   0.0000   0.0000   0.0000 
2014 10 15 237.7530 239.1200 109.1980 108.0650 
2014 10 22   0.0000   0.0000   0.0000   0.0000 
2014 10 29   0.0000   0.0000   0.0000   0.0000 
2014 11 5   0.0000   0.0000   0.0000   0.0000 
2014 11 12   0.0000   0.0000   0.0000   0.0000 
2014 11 19 237.0670 239.3040 109.0210 108.1200 
2014 11 26   0.0000   0.0000   0.0000   0.0000 
2014 12 3   0.0000   0.0000   0.0000   0.0000 
2014 12 10   0.0000   0.0000   0.0000   0.0000 
2014 12 17 236.2840 239.4450 108.7710 108.1310 
2014 12 24   0.0000   0.0000   0.0000   0.0000 
2014 12 31   0.0000   0.0000   0.0000   0.0000 
2015 1 7   0.0000   0.0000   0.0000   0.0000 
2015 1 14   0.0000   0.0000   0.0000   0.0000 
2015 1 21 234.6770 239.8710 108.2810 108.1960 
2015 1 28   0.0000   0.0000   0.0000   0.0000 
2015 2 4   0.0000   0.0000   0.0000   0.0000 
2015 2 11   0.0000   0.0000   0.0000   0.0000 
2015 2 18   0.0000   0.0000   0.0000   0.0000 
2015 2 25   0.0000   0.0000   0.0000   0.0000 
