1988 1 6   0.0000   0.0000   0.0000 
1988 1 13   0.0000   0.0000   0.0000 
1988 1 20   0.0000   0.0000   0.0000 
1988 1 27   0.0000   0.0000   0.0000 
1988 2 3   0.0000   0.0000   0.0000 
1988 2 10   0.0000   0.0000   0.0000 
1988 2 17   0.0000   0.0000   0.0000 
1988 2 24   0.0000   0.0000   0.0000 
1988 3 2   0.0000   0.0000   0.0000 
1988 3 9   0.0000   0.0000   0.0000 
1988 3 16   0.0000   0.0000   0.0000 
1988 3 23   0.0000   0.0000   0.0000 
1988 3 30   0.0000   0.0000   0.0000 
1988 4 6   0.0000   0.0000   0.0000 
1988 4 13   0.0000   0.0000   0.0000 
1988 4 20   0.0000   0.0000   0.0000 
1988 4 27   0.0000   0.0000   0.0000 
1988 5 4   0.0000   0.0000   0.0000 
1988 5 11   0.0000   0.0000   0.0000 
1988 5 18   0.0000   0.0000   0.0000 
1988 5 25   0.0000   0.0000   0.0000 
1988 6 1   0.0000   0.0000   0.0000 
1988 6 8   0.0000   0.0000   0.0000 
1988 6 15   0.0000   0.0000   0.0000 
1988 6 22   0.0000   0.0000   0.0000 
1988 6 29   0.0000   0.0000   0.0000 
1988 7 6   0.0000   0.0000   0.0000 
1988 7 13   0.0000   0.0000   0.0000 
1988 7 20   0.0000   0.0000   0.0000 
1988 7 27   0.0000   0.0000   0.0000 
1988 8 3   0.0000   0.0000   0.0000 
1988 8 10   0.0000   0.0000   0.0000 
1988 8 17   0.0000   0.0000   0.0000 
1988 8 24   0.0000   0.0000   0.0000 
1988 8 31   0.0000   0.0000   0.0000 
1988 9 7   0.0000   0.0000   0.0000 
1988 9 14   0.0000   0.0000   0.0000 
1988 9 21   0.0000   0.0000   0.0000 
1988 9 28   0.0000   0.0000   0.0000 
1988 10 5   0.0000   0.0000   0.0000 
1988 10 12   0.0000   0.0000   0.0000 
1988 10 19   0.0000   0.0000   0.0000 
1988 10 26   0.0000   0.0000   0.0000 
1988 11 2   0.0000   0.0000   0.0000 
1988 11 9   0.0000   0.0000   0.0000 
1988 11 16   0.0000   0.0000   0.0000 
1988 11 23   0.0000   0.0000   0.0000 
1988 11 30   0.0000   0.0000   0.0000 
1988 12 7   0.0000   0.0000   0.0000 
1988 12 14   0.0000   0.0000   0.0000 
1988 12 21   0.0000   0.0000   0.0000 
1988 12 28   0.0000   0.0000   0.0000 
1989 1 4   0.0000   0.0000   0.0000 
1989 1 11   0.0000   0.0000   0.0000 
1989 1 18   0.0000   0.0000   0.0000 
1989 1 25   0.0000   0.0000   0.0000 
1989 2 1   0.0000   0.0000   0.0000 
1989 2 8   0.0000   0.0000   0.0000 
1989 2 15   0.0000   0.0000   0.0000 
1989 2 22   0.0000   0.0000   0.0000 
1989 3 1   0.0000   0.0000   0.0000 
1989 3 8   0.0000   0.0000   0.0000 
1989 3 15   0.0000   0.0000   0.0000 
1989 3 22   0.0000   0.0000   0.0000 
1989 3 29   0.0000   0.0000   0.0000 
1989 4 5   0.0000   0.0000   0.0000 
1989 4 12   0.0000   0.0000   0.0000 
1989 4 19   0.0000   0.0000   0.0000 
1989 4 26   0.0000   0.0000   0.0000 
1989 5 3   0.0000   0.0000   0.0000 
1989 5 10   0.0000   0.0000   0.0000 
1989 5 17   0.0000   0.0000   0.0000 
1989 5 24   0.0000   0.0000   0.0000 
1989 5 31   0.0000   0.0000   0.0000 
1989 6 7   0.0000   0.0000   0.0000 
1989 6 14   0.0000   0.0000   0.0000 
1989 6 21   0.0000   0.0000   0.0000 
1989 6 28   0.0000   0.0000   0.0000 
1989 7 5   0.0000   0.0000   0.0000 
1989 7 12   0.0000   0.0000   0.0000 
1989 7 19   0.0000   0.0000   0.0000 
1989 7 26   0.0000   0.0000   0.0000 
1989 8 2   0.0000   0.0000   0.0000 
1989 8 9   0.0000   0.0000   0.0000 
1989 8 16   0.0000   0.0000   0.0000 
1989 8 23   0.0000   0.0000   0.0000 
1989 8 30   0.0000   0.0000   0.0000 
1989 9 6   0.0000   0.0000   0.0000 
1989 9 13   0.0000   0.0000   0.0000 
1989 9 20   0.0000   0.0000   0.0000 
1989 9 27   0.0000   0.0000   0.0000 
1989 10 4   0.0000   0.0000   0.0000 
1989 10 11   0.0000   0.0000   0.0000 
1989 10 18   0.0000   0.0000   0.0000 
1989 10 25   0.0000   0.0000   0.0000 
1989 11 1   0.0000   0.0000   0.0000 
1989 11 8   0.0000   0.0000   0.0000 
1989 11 15   0.0000   0.0000   0.0000 
1989 11 22   0.0000   0.0000   0.0000 
1989 11 29   0.0000   0.0000   0.0000 
1989 12 6   0.0000   0.0000   0.0000 
1989 12 13   0.0000   0.0000   0.0000 
1989 12 20   0.0000   0.0000   0.0000 
1989 12 27   0.0000   0.0000   0.0000 
1990 1 3   0.0000   0.0000   0.0000 
1990 1 10   0.0000   0.0000   0.0000 
1990 1 17   0.0000   0.0000   0.0000 
1990 1 24   0.0000   0.0000   0.0000 
1990 1 31   0.0000   0.0000   0.0000 
1990 2 7   0.0000   0.0000   0.0000 
1990 2 14   0.0000   0.0000   0.0000 
1990 2 21   0.0000   0.0000   0.0000 
1990 2 28   0.0000   0.0000   0.0000 
1990 3 7   0.0000   0.0000   0.0000 
1990 3 14   0.0000   0.0000   0.0000 
1990 3 21   0.0000   0.0000   0.0000 
1990 3 28   0.0000   0.0000   0.0000 
1990 4 4   0.0000   0.0000   0.0000 
1990 4 11   0.0000   0.0000   0.0000 
1990 4 18   0.0000   0.0000   0.0000 
1990 4 25   0.0000   0.0000   0.0000 
1990 5 2   0.0000   0.0000   0.0000 
1990 5 9   0.0000   0.0000   0.0000 
1990 5 16   0.0000   0.0000   0.0000 
1990 5 23   0.0000   0.0000   0.0000 
1990 5 30   0.0000   0.0000   0.0000 
1990 6 6   0.0000   0.0000   0.0000 
1990 6 13   0.0000   0.0000   0.0000 
1990 6 20   0.0000   0.0000   0.0000 
1990 6 27   0.0000   0.0000   0.0000 
1990 7 4   0.0000   0.0000   0.0000 
1990 7 11   0.0000   0.0000   0.0000 
1990 7 18   0.0000   0.0000   0.0000 
1990 7 25   0.0000   0.0000   0.0000 
1990 8 1   0.0000   0.0000   0.0000 
1990 8 8   0.0000   0.0000   0.0000 
1990 8 15   0.0000   0.0000   0.0000 
1990 8 22   0.0000   0.0000   0.0000 
1990 8 29   0.0000   0.0000   0.0000 
1990 9 5   0.0000   0.0000   0.0000 
1990 9 12   0.0000   0.0000   0.0000 
1990 9 19   0.0000   0.0000   0.0000 
1990 9 26   0.0000   0.0000   0.0000 
1990 10 3   0.0000   0.0000   0.0000 
1990 10 10   0.0000   0.0000   0.0000 
1990 10 17   0.0000   0.0000   0.0000 
1990 10 24   0.0000   0.0000   0.0000 
1990 10 31   0.0000   0.0000   0.0000 
1990 11 7   0.0000   0.0000   0.0000 
1990 11 14   0.0000   0.0000   0.0000 
1990 11 21   0.0000   0.0000   0.0000 
1990 11 28   0.0000   0.0000   0.0000 
1990 12 5   0.0000   0.0000   0.0000 
1990 12 12   0.0000   0.0000   0.0000 
1990 12 19   0.0000   0.0000   0.0000 
1990 12 26   0.0000   0.0000   0.0000 
1991 1 2   0.0000   0.0000   0.0000 
1991 1 9   0.0000   0.0000   0.0000 
1991 1 16   0.0000   0.0000   0.0000 
1991 1 23   0.0000   0.0000   0.0000 
1991 1 30   0.0000   0.0000   0.0000 
1991 2 6   0.0000   0.0000   0.0000 
1991 2 13   0.0000   0.0000   0.0000 
1991 2 20   0.0000   0.0000   0.0000 
1991 2 27   0.0000   0.0000   0.0000 
1991 3 6   0.0000   0.0000   0.0000 
1991 3 13   0.0000   0.0000   0.0000 
1991 3 20   0.0000   0.0000   0.0000 
1991 3 27   0.0000   0.0000   0.0000 
1991 4 3   0.0000   0.0000   0.0000 
1991 4 10   0.0000   0.0000   0.0000 
1991 4 17   0.0000   0.0000   0.0000 
1991 4 24   0.0000   0.0000   0.0000 
1991 5 1   0.0000   0.0000   0.0000 
1991 5 8   0.0000   0.0000   0.0000 
1991 5 15   0.0000   0.0000   0.0000 
1991 5 22   0.0000   0.0000   0.0000 
1991 5 29   0.0000   0.0000   0.0000 
1991 6 5   0.0000   0.0000   0.0000 
1991 6 12   0.0000   0.0000   0.0000 
1991 6 19   0.0000   0.0000   0.0000 
1991 6 26   0.0000   0.0000   0.0000 
1991 7 3   0.0000   0.0000   0.0000 
1991 7 10   0.0000   0.0000   0.0000 
1991 7 17   0.0000   0.0000   0.0000 
1991 7 24   0.0000   0.0000   0.0000 
1991 7 31   0.0000   0.0000   0.0000 
1991 8 7   0.0000   0.0000   0.0000 
1991 8 14   0.0000   0.0000   0.0000 
1991 8 21   0.0000   0.0000   0.0000 
1991 8 28   0.0000   0.0000   0.0000 
1991 9 4   0.0000   0.0000   0.0000 
1991 9 11   0.0000   0.0000   0.0000 
1991 9 18   0.0000   0.0000   0.0000 
1991 9 25   0.0000   0.0000   0.0000 
1991 10 2   0.0000   0.0000   0.0000 
1991 10 9   0.0000   0.0000   0.0000 
1991 10 16   0.0000   0.0000   0.0000 
1991 10 23   0.0000   0.0000   0.0000 
1991 10 30   0.0000   0.0000   0.0000 
1991 11 6   0.0000   0.0000   0.0000 
1991 11 13   0.0000   0.0000   0.0000 
1991 11 20   0.0000   0.0000   0.0000 
1991 11 27   0.0000   0.0000   0.0000 
1991 12 4   0.0000   0.0000   0.0000 
1991 12 11   0.0000   0.0000   0.0000 
1991 12 18   0.0000   0.0000   0.0000 
1991 12 25   0.0000   0.0000   0.0000 
1992 1 1   0.0000   0.0000   0.0000 
1992 1 8   0.0000   0.0000   0.0000 
1992 1 15   0.0000   0.0000   0.0000 
1992 1 22   0.0000   0.0000   0.0000 
1992 1 29   0.0000   0.0000   0.0000 
1992 2 5   0.0000   0.0000   0.0000 
1992 2 12   0.0000   0.0000   0.0000 
1992 2 19   0.0000   0.0000   0.0000 
1992 2 26   0.0000   0.0000   0.0000 
1992 3 4   0.0000   0.0000   0.0000 
1992 3 11   0.0000   0.0000   0.0000 
1992 3 18   0.0000   0.0000   0.0000 
1992 3 25   0.0000   0.0000   0.0000 
1992 4 1   0.0000   0.0000   0.0000 
1992 4 8   0.0000   0.0000   0.0000 
1992 4 15   0.0000   0.0000   0.0000 
1992 4 22   0.0000   0.0000   0.0000 
1992 4 29   0.0000   0.0000   0.0000 
1992 5 6   0.0000   0.0000   0.0000 
1992 5 13   0.0000   0.0000   0.0000 
1992 5 20   0.0000   0.0000   0.0000 
1992 5 27   0.0000   0.0000   0.0000 
1992 6 3   0.0000   0.0000   0.0000 
1992 6 10   0.0000   0.0000   0.0000 
1992 6 17   0.0000   0.0000   0.0000 
1992 6 24   0.0000   0.0000   0.0000 
1992 7 1   0.0000   0.0000   0.0000 
1992 7 8   0.0000   0.0000   0.0000 
1992 7 15   0.0000   0.0000   0.0000 
1992 7 22   0.0000   0.0000   0.0000 
1992 7 29   0.0000   0.0000   0.0000 
1992 8 5   0.0000   0.0000   0.0000 
1992 8 12   0.0000   0.0000   0.0000 
1992 8 19   0.0000   0.0000   0.0000 
1992 8 26   0.0000   0.0000   0.0000 
1992 9 2   0.0000   0.0000   0.0000 
1992 9 9   0.0000   0.0000   0.0000 
1992 9 16   0.0000   0.0000   0.0000 
1992 9 23   0.0000   0.0000   0.0000 
1992 9 30   0.0000   0.0000   0.0000 
1992 10 7   0.0000   0.0000   0.0000 
1992 10 14   0.0000   0.0000   0.0000 
1992 10 21   0.0000   0.0000   0.0000 
1992 10 28   0.0000   0.0000   0.0000 
1992 11 4   0.0000   0.0000   0.0000 
1992 11 11   0.0000   0.0000   0.0000 
1992 11 18   0.0000   0.0000   0.0000 
1992 11 25   0.0000   0.0000   0.0000 
1992 12 2   0.0000   0.0000   0.0000 
1992 12 9   0.0000   0.0000   0.0000 
1992 12 16   0.0000   0.0000   0.0000 
1992 12 23   0.0000   0.0000   0.0000 
1992 12 30   0.0000   0.0000   0.0000 
1993 1 6   0.0000   0.0000   0.0000 
1993 1 13   0.0000   0.0000   0.0000 
1993 1 20   0.0000   0.0000   0.0000 
1993 1 27   0.0000   0.0000   0.0000 
1993 2 3   0.0000   0.0000   0.0000 
1993 2 10   0.0000   0.0000   0.0000 
1993 2 17   0.0000   0.0000   0.0000 
1993 2 24   0.0000   0.0000   0.0000 
1993 3 3   0.0000   0.0000   0.0000 
1993 3 10   0.0000   0.0000   0.0000 
1993 3 17   0.0000   0.0000   0.0000 
1993 3 24   0.0000   0.0000   0.0000 
1993 3 31   0.0000   0.0000   0.0000 
1993 4 7   0.0000   0.0000   0.0000 
1993 4 14   0.0000   0.0000   0.0000 
1993 4 21   0.0000   0.0000   0.0000 
1993 4 28   0.0000   0.0000   0.0000 
1993 5 5   0.0000   0.0000   0.0000 
1993 5 12   0.0000   0.0000   0.0000 
1993 5 19   0.0000   0.0000   0.0000 
1993 5 26   0.0000   0.0000   0.0000 
1993 6 2   0.0000   0.0000   0.0000 
1993 6 9   0.0000   0.0000   0.0000 
1993 6 16   0.0000   0.0000   0.0000 
1993 6 23   0.0000   0.0000   0.0000 
1993 6 30   0.0000   0.0000   0.0000 
1993 7 7   0.0000   0.0000   0.0000 
1993 7 14   0.0000   0.0000   0.0000 
1993 7 21   0.0000   0.0000   0.0000 
1993 7 28   0.0000   0.0000   0.0000 
1993 8 4   0.0000   0.0000   0.0000 
1993 8 11   0.0000   0.0000   0.0000 
1993 8 18   0.0000   0.0000   0.0000 
1993 8 25   0.0000   0.0000   0.0000 
1993 9 1   0.0000   0.0000   0.0000 
1993 9 8   0.0000   0.0000   0.0000 
1993 9 15   0.0000   0.0000   0.0000 
1993 9 22   0.0000   0.0000   0.0000 
1993 9 29   0.0000   0.0000   0.0000 
1993 10 6   0.0000   0.0000   0.0000 
1993 10 13   0.0000   0.0000   0.0000 
1993 10 20   0.0000   0.0000   0.0000 
1993 10 27   0.0000   0.0000   0.0000 
1993 11 3   0.0000   0.0000   0.0000 
1993 11 10   0.0000   0.0000   0.0000 
1993 11 17   0.0000   0.0000   0.0000 
1993 11 24   0.0000   0.0000   0.0000 
1993 12 1   0.0000   0.0000   0.0000 
1993 12 8   0.0000   0.0000   0.0000 
1993 12 15   0.0000   0.0000   0.0000 
1993 12 22   0.0000   0.0000   0.0000 
1993 12 29   0.0000   0.0000   0.0000 
1994 1 5   0.0000   0.0000   0.0000 
1994 1 12   0.0000   0.0000   0.0000 
1994 1 19   0.0000   0.0000   0.0000 
1994 1 26   0.0000   0.0000   0.0000 
1994 2 2   0.0000   0.0000   0.0000 
1994 2 9   0.0000   0.0000   0.0000 
1994 2 16   0.0000   0.0000   0.0000 
1994 2 23   0.0000   0.0000   0.0000 
1994 3 2   0.0000   0.0000   0.0000 
1994 3 9   0.0000   0.0000   0.0000 
1994 3 16   0.0000   0.0000   0.0000 
1994 3 23   0.0000   0.0000   0.0000 
1994 3 30   0.0000   0.0000   0.0000 
1994 4 6   0.0000   0.0000   0.0000 
1994 4 13   0.0000   0.0000   0.0000 
1994 4 20   0.0000   0.0000   0.0000 
1994 4 27   0.0000   0.0000   0.0000 
1994 5 4   0.0000   0.0000   0.0000 
1994 5 11   0.0000   0.0000   0.0000 
1994 5 18   0.0000   0.0000   0.0000 
1994 5 25   0.0000   0.0000   0.0000 
1994 6 1   0.0000   0.0000   0.0000 
1994 6 8   0.0000   0.0000   0.0000 
1994 6 15   0.0000   0.0000   0.0000 
1994 6 22   0.0000   0.0000   0.0000 
1994 6 29   0.0000   0.0000   0.0000 
1994 7 6   0.0000   0.0000   0.0000 
1994 7 13   0.0000   0.0000   0.0000 
1994 7 20   0.0000   0.0000   0.0000 
1994 7 27   0.0000   0.0000   0.0000 
1994 8 3   0.0000   0.0000   0.0000 
1994 8 10   0.0000   0.0000   0.0000 
1994 8 17   0.0000   0.0000   0.0000 
1994 8 24   0.0000   0.0000   0.0000 
1994 8 31   0.0000   0.0000   0.0000 
1994 9 7   0.0000   0.0000   0.0000 
1994 9 14   0.0000   0.0000   0.0000 
1994 9 21   0.0000   0.0000   0.0000 
1994 9 28   0.0000   0.0000   0.0000 
1994 10 5   0.0000   0.0000   0.0000 
1994 10 12   0.0000   0.0000   0.0000 
1994 10 19   0.0000   0.0000   0.0000 
1994 10 26   0.0000   0.0000   0.0000 
1994 11 2   0.0000   0.0000   0.0000 
1994 11 9   0.0000   0.0000   0.0000 
1994 11 16   0.0000   0.0000   0.0000 
1994 11 23   0.0000   0.0000   0.0000 
1994 11 30   0.0000   0.0000   0.0000 
1994 12 7   0.0000   0.0000   0.0000 
1994 12 14   0.0000   0.0000   0.0000 
1994 12 21   0.0000   0.0000   0.0000 
1994 12 28   0.0000   0.0000   0.0000 
1995 1 4   0.0000   0.0000   0.0000 
1995 1 11   0.0000   0.0000   0.0000 
1995 1 18   0.0000   0.0000   0.0000 
1995 1 25   0.0000   0.0000   0.0000 
1995 2 1   0.0000   0.0000   0.0000 
1995 2 8   0.0000   0.0000   0.0000 
1995 2 15   0.0000   0.0000   0.0000 
1995 2 22   0.0000   0.0000   0.0000 
1995 3 1   0.0000   0.0000   0.0000 
1995 3 8   0.0000   0.0000   0.0000 
1995 3 15   0.0000   0.0000   0.0000 
1995 3 22   0.0000   0.0000   0.0000 
1995 3 29   0.0000   0.0000   0.0000 
1995 4 5   0.0000   0.0000   0.0000 
1995 4 12   0.0000   0.0000   0.0000 
1995 4 19   0.0000   0.0000   0.0000 
1995 4 26   0.0000   0.0000   0.0000 
1995 5 3   0.0000   0.0000   0.0000 
1995 5 10   0.0000   0.0000   0.0000 
1995 5 17   0.0000   0.0000   0.0000 
1995 5 24   0.0000   0.0000   0.0000 
1995 5 31   0.0000   0.0000   0.0000 
1995 6 7   0.0000   0.0000   0.0000 
1995 6 14   0.0000   0.0000   0.0000 
1995 6 21   0.0000   0.0000   0.0000 
1995 6 28   0.0000   0.0000   0.0000 
1995 7 5   0.0000   0.0000   0.0000 
1995 7 12   0.0000   0.0000   0.0000 
1995 7 19   0.0000   0.0000   0.0000 
1995 7 26   0.0000   0.0000   0.0000 
1995 8 2   0.0000   0.0000   0.0000 
1995 8 9   0.0000   0.0000   0.0000 
1995 8 16   0.0000   0.0000   0.0000 
1995 8 23   0.0000   0.0000   0.0000 
1995 8 30   0.0000   0.0000   0.0000 
1995 9 6   0.0000   0.0000   0.0000 
1995 9 13   0.0000   0.0000   0.0000 
1995 9 20   0.0000   0.0000   0.0000 
1995 9 27   0.0000   0.0000   0.0000 
1995 10 4   0.0000   0.0000   0.0000 
1995 10 11   0.0000   0.0000   0.0000 
1995 10 18   0.0000   0.0000   0.0000 
1995 10 25   0.0000   0.0000   0.0000 
1995 11 1   0.0000   0.0000   0.0000 
1995 11 8   0.0000   0.0000   0.0000 
1995 11 15   0.0000   0.0000   0.0000 
1995 11 22   0.0000   0.0000   0.0000 
1995 11 29   0.0000   0.0000   0.0000 
1995 12 6   0.0000   0.0000   0.0000 
1995 12 13   0.0000   0.0000   0.0000 
1995 12 20   0.0000   0.0000   0.0000 
1995 12 27   0.0000   0.0000   0.0000 
1996 1 3   0.0000   0.0000   0.0000 
1996 1 10   0.0000   0.0000   0.0000 
1996 1 17   0.0000   0.0000   0.0000 
1996 1 24   0.0000   0.0000   0.0000 
1996 1 31   0.0000   0.0000   0.0000 
1996 2 7   0.0000   0.0000   0.0000 
1996 2 14   0.0000   0.0000   0.0000 
1996 2 21   0.0000   0.0000   0.0000 
1996 2 28   0.0000   0.0000   0.0000 
1996 3 6   0.0000   0.0000   0.0000 
1996 3 13   0.0000   0.0000   0.0000 
1996 3 20   0.0000   0.0000   0.0000 
1996 3 27   0.0000   0.0000   0.0000 
1996 4 3   0.0000   0.0000   0.0000 
1996 4 10   0.0000   0.0000   0.0000 
1996 4 17   0.0000   0.0000   0.0000 
1996 4 24   0.0000   0.0000   0.0000 
1996 5 1   0.0000   0.0000   0.0000 
1996 5 8   0.0000   0.0000   0.0000 
1996 5 15   0.0000   0.0000   0.0000 
1996 5 22   0.0000   0.0000   0.0000 
1996 5 29   0.0000   0.0000   0.0000 
1996 6 5   0.0000   0.0000   0.0000 
1996 6 12   0.0000   0.0000   0.0000 
1996 6 19   0.0000   0.0000   0.0000 
1996 6 26   0.0000   0.0000   0.0000 
1996 7 3   0.0000   0.0000   0.0000 
1996 7 10   0.0000   0.0000   0.0000 
1996 7 17   0.0000   0.0000   0.0000 
1996 7 24   0.0000   0.0000   0.0000 
1996 7 31   0.0000   0.0000   0.0000 
1996 8 7   0.0000   0.0000   0.0000 
1996 8 14   0.0000   0.0000   0.0000 
1996 8 21   0.0000   0.0000   0.0000 
1996 8 28   0.0000   0.0000   0.0000 
1996 9 4   0.0000   0.0000   0.0000 
1996 9 11   0.0000   0.0000   0.0000 
1996 9 18   0.0000   0.0000   0.0000 
1996 9 25   0.0000   0.0000   0.0000 
1996 10 2   0.0000   0.0000   0.0000 
1996 10 9   0.0000   0.0000   0.0000 
1996 10 16   0.0000   0.0000   0.0000 
1996 10 23   0.0000   0.0000   0.0000 
1996 10 30   0.0000   0.0000   0.0000 
1996 11 6   0.0000   0.0000   0.0000 
1996 11 13   0.0000   0.0000   0.0000 
1996 11 20   0.0000   0.0000   0.0000 
1996 11 27   0.0000   0.0000   0.0000 
1996 12 4   0.0000   0.0000   0.0000 
1996 12 11   0.0000   0.0000   0.0000 
1996 12 18   0.0000   0.0000   0.0000 
1996 12 25   0.0000   0.0000   0.0000 
1997 1 1   0.0000   0.0000   0.0000 
1997 1 8   0.0000   0.0000   0.0000 
1997 1 15   0.0000   0.0000   0.0000 
1997 1 22   0.0000   0.0000   0.0000 
1997 1 29   0.0000   0.0000   0.0000 
1997 2 5   0.0000   0.0000   0.0000 
1997 2 12   0.0000   0.0000   0.0000 
1997 2 19   0.0000   0.0000   0.0000 
1997 2 26   0.0000   0.0000   0.0000 
1997 3 5   0.0000   0.0000   0.0000 
1997 3 12   0.0000   0.0000   0.0000 
1997 3 19   0.0000   0.0000   0.0000 
1997 3 26   0.0000   0.0000   0.0000 
1997 4 2   0.0000   0.0000   0.0000 
1997 4 9   0.0000   0.0000   0.0000 
1997 4 16   0.0000   0.0000   0.0000 
1997 4 23   0.0000   0.0000   0.0000 
1997 4 30   0.0000   0.0000   0.0000 
1997 5 7   0.0000   0.0000   0.0000 
1997 5 14   0.0000   0.0000   0.0000 
1997 5 21   0.0000   0.0000   0.0000 
1997 5 28   0.0000   0.0000   0.0000 
1997 6 4   0.0000   0.0000   0.0000 
1997 6 11   0.0000   0.0000   0.0000 
1997 6 18   0.0000   0.0000   0.0000 
1997 6 25   0.0000   0.0000   0.0000 
1997 7 2   0.0000   0.0000   0.0000 
1997 7 9   0.0000   0.0000   0.0000 
1997 7 16   0.0000   0.0000   0.0000 
1997 7 23   0.0000   0.0000   0.0000 
1997 7 30   0.0000   0.0000   0.0000 
1997 8 6   0.0000   0.0000   0.0000 
1997 8 13   0.0000   0.0000   0.0000 
1997 8 20   0.0000   0.0000   0.0000 
1997 8 27   0.0000   0.0000   0.0000 
1997 9 3   0.0000   0.0000   0.0000 
1997 9 10   0.0000   0.0000   0.0000 
1997 9 17   0.0000   0.0000   0.0000 
1997 9 24   0.0000   0.0000   0.0000 
1997 10 1   0.0000   0.0000   0.0000 
1997 10 8   0.0000   0.0000   0.0000 
1997 10 15   0.0000   0.0000   0.0000 
1997 10 22   0.0000   0.0000   0.0000 
1997 10 29   0.0000   0.0000   0.0000 
1997 11 5   0.0000   0.0000   0.0000 
1997 11 12   0.0000   0.0000   0.0000 
1997 11 19   0.0000   0.0000   0.0000 
1997 11 26   0.0000   0.0000   0.0000 
1997 12 3   0.0000   0.0000   0.0000 
1997 12 10   0.0000   0.0000   0.0000 
1997 12 17   0.0000   0.0000   0.0000 
1997 12 24   0.0000   0.0000   0.0000 
1997 12 31   0.0000   0.0000   0.0000 
1998 1 7   0.0000   0.0000   0.0000 
1998 1 14   0.0000   0.0000   0.0000 
1998 1 21   0.0000   0.0000   0.0000 
1998 1 28   0.0000   0.0000   0.0000 
1998 2 4   0.0000   0.0000   0.0000 
1998 2 11   0.0000   0.0000   0.0000 
1998 2 18   0.0000   0.0000   0.0000 
1998 2 25   0.0000   0.0000   0.0000 
1998 3 4   0.0000   0.0000   0.0000 
1998 3 11   0.0000   0.0000   0.0000 
1998 3 18   0.0000   0.0000   0.0000 
1998 3 25   0.0000   0.0000   0.0000 
1998 4 1   0.0000   0.0000   0.0000 
1998 4 8   0.0000   0.0000   0.0000 
1998 4 15   0.0000   0.0000   0.0000 
1998 4 22   0.0000   0.0000   0.0000 
1998 4 29   0.0000   0.0000   0.0000 
1998 5 6   0.0000   0.0000   0.0000 
1998 5 13   0.0000   0.0000   0.0000 
1998 5 20   0.0000   0.0000   0.0000 
1998 5 27   0.0000   0.0000   0.0000 
1998 6 3   0.0000   0.0000   0.0000 
1998 6 10   0.0000   0.0000   0.0000 
1998 6 17   0.0000   0.0000   0.0000 
1998 6 24   0.0000   0.0000   0.0000 
1998 7 1   0.0000   0.0000   0.0000 
1998 7 8   0.0000   0.0000   0.0000 
1998 7 15   0.0000   0.0000   0.0000 
1998 7 22   0.0000   0.0000   0.0000 
1998 7 29   0.0000   0.0000   0.0000 
1998 8 5   0.0000   0.0000   0.0000 
1998 8 12   0.0000   0.0000   0.0000 
1998 8 19   0.0000   0.0000   0.0000 
1998 8 26   0.0000   0.0000   0.0000 
1998 9 2   0.0000   0.0000   0.0000 
1998 9 9   0.0000   0.0000   0.0000 
1998 9 16   0.0000   0.0000   0.0000 
1998 9 23   0.0000   0.0000   0.0000 
1998 9 30   0.0000   0.0000   0.0000 
1998 10 7   0.0000   0.0000   0.0000 
1998 10 14   0.0000   0.0000   0.0000 
1998 10 21   0.0000   0.0000   0.0000 
1998 10 28   0.0000   0.0000   0.0000 
1998 11 4   0.0000   0.0000   0.0000 
1998 11 11   0.0000   0.0000   0.0000 
1998 11 18   0.0000   0.0000   0.0000 
1998 11 25   0.0000   0.0000   0.0000 
1998 12 2   0.0000   0.0000   0.0000 
1998 12 9   0.0000   0.0000   0.0000 
1998 12 16   0.0000   0.0000   0.0000 
1998 12 23   0.0000   0.0000   0.0000 
1998 12 30   0.0000   0.0000   0.0000 
1999 1 6   0.0000   0.0000   0.0000 
1999 1 13   0.0000   0.0000   0.0000 
1999 1 20   0.0000   0.0000   0.0000 
1999 1 27   0.0000   0.0000   0.0000 
1999 2 3   0.0000   0.0000   0.0000 
1999 2 10   0.0000   0.0000   0.0000 
1999 2 17   0.0000   0.0000   0.0000 
1999 2 24   0.0000   0.0000   0.0000 
1999 3 3   0.0000   0.0000   0.0000 
1999 3 10   0.0000   0.0000   0.0000 
1999 3 17   0.0000   0.0000   0.0000 
1999 3 24   0.0000   0.0000   0.0000 
1999 3 31   0.0000   0.0000   0.0000 
1999 4 7   0.0000   0.0000   0.0000 
1999 4 14   0.0000   0.0000   0.0000 
1999 4 21   0.0000   0.0000   0.0000 
1999 4 28   0.0000   0.0000   0.0000 
1999 5 5   0.0000   0.0000   0.0000 
1999 5 12   0.0000   0.0000   0.0000 
1999 5 19   0.0000   0.0000   0.0000 
1999 5 26   0.0000   0.0000   0.0000 
1999 6 2   0.0000   0.0000   0.0000 
1999 6 9   0.0000   0.0000   0.0000 
1999 6 16   0.0000   0.0000   0.0000 
1999 6 23   0.0000   0.0000   0.0000 
1999 6 30   0.0000   0.0000   0.0000 
1999 7 7   0.0000   0.0000   0.0000 
1999 7 14   0.0000   0.0000   0.0000 
1999 7 21   0.0000   0.0000   0.0000 
1999 7 28   0.0000   0.0000   0.0000 
1999 8 4   0.0000   0.0000   0.0000 
1999 8 11   0.0000   0.0000   0.0000 
1999 8 18   0.0000   0.0000   0.0000 
1999 8 25   0.0000   0.0000   0.0000 
1999 9 1   0.0000   0.0000   0.0000 
1999 9 8   0.0000   0.0000   0.0000 
1999 9 15   0.0000   0.0000   0.0000 
1999 9 22   0.0000   0.0000   0.0000 
1999 9 29   0.0000   0.0000   0.0000 
1999 10 6   0.0000   0.0000   0.0000 
1999 10 13   0.0000   0.0000   0.0000 
1999 10 20   0.0000   0.0000   0.0000 
1999 10 27   0.0000   0.0000   0.0000 
1999 11 3   0.0000   0.0000   0.0000 
1999 11 10   0.0000   0.0000   0.0000 
1999 11 17   0.0000   0.0000   0.0000 
1999 11 24   0.0000   0.0000   0.0000 
1999 12 1   0.0000   0.0000   0.0000 
1999 12 8   0.0000   0.0000   0.0000 
1999 12 15   0.0000   0.0000   0.0000 
1999 12 22   0.0000   0.0000   0.0000 
1999 12 29   0.0000   0.0000   0.0000 
2000 1 5   0.0000   0.0000   0.0000 
2000 1 12   0.0000   0.0000   0.0000 
2000 1 19   0.0000   0.0000   0.0000 
2000 1 26   0.0000   0.0000   0.0000 
2000 2 2   0.0000   0.0000   0.0000 
2000 2 9   0.0000   0.0000   0.0000 
2000 2 16   0.0000   0.0000   0.0000 
2000 2 23   0.0000   0.0000   0.0000 
2000 3 1   0.0000   0.0000   0.0000 
2000 3 8   0.0000   0.0000   0.0000 
2000 3 15   0.0000   0.0000   0.0000 
2000 3 22   0.0000   0.0000   0.0000 
2000 3 29   0.0000   0.0000   0.0000 
2000 4 5   0.0000   0.0000   0.0000 
2000 4 12   0.0000   0.0000   0.0000 
2000 4 19   0.0000   0.0000   0.0000 
2000 4 26   0.0000   0.0000   0.0000 
2000 5 3   0.0000   0.0000   0.0000 
2000 5 10   0.0000   0.0000   0.0000 
2000 5 17   0.0000   0.0000   0.0000 
2000 5 24   0.0000   0.0000   0.0000 
2000 5 31   0.0000   0.0000   0.0000 
2000 6 7   0.0000   0.0000   0.0000 
2000 6 14   0.0000   0.0000   0.0000 
2000 6 21   0.0000   0.0000   0.0000 
2000 6 28   0.0000   0.0000   0.0000 
2000 7 5   0.0000   0.0000   0.0000 
2000 7 12   0.0000   0.0000   0.0000 
2000 7 19   0.0000   0.0000   0.0000 
2000 7 26   0.0000   0.0000   0.0000 
2000 8 2   0.0000   0.0000   0.0000 
2000 8 9   0.0000   0.0000   0.0000 
2000 8 16   0.0000   0.0000   0.0000 
2000 8 23   0.0000   0.0000   0.0000 
2000 8 30   0.0000   0.0000   0.0000 
2000 9 6   0.0000   0.0000   0.0000 
2000 9 13   0.0000   0.0000   0.0000 
2000 9 20   0.0000   0.0000   0.0000 
2000 9 27   0.0000   0.0000   0.0000 
2000 10 4   0.0000   0.0000   0.0000 
2000 10 11   0.0000   0.0000   0.0000 
2000 10 18   0.0000   0.0000   0.0000 
2000 10 25   0.0000   0.0000   0.0000 
2000 11 1   0.0000   0.0000   0.0000 
2000 11 8   0.0000   0.0000   0.0000 
2000 11 15   0.0000   0.0000   0.0000 
2000 11 22   0.0000   0.0000   0.0000 
2000 11 29   0.0000   0.0000   0.0000 
2000 12 6   0.0000   0.0000   0.0000 
2000 12 13   0.0000   0.0000   0.0000 
2000 12 20   0.0000   0.0000   0.0000 
2000 12 27   0.0000   0.0000   0.0000 
2001 1 3   0.0000   0.0000   0.0000 
2001 1 10   0.0000   0.0000   0.0000 
2001 1 17   0.0000   0.0000   0.0000 
2001 1 24   0.0000   0.0000   0.0000 
2001 1 31   0.0000   0.0000   0.0000 
2001 2 7   0.0000   0.0000   0.0000 
2001 2 14   0.0000   0.0000   0.0000 
2001 2 21   0.0000   0.0000   0.0000 
2001 2 28   0.0000   0.0000   0.0000 
2001 3 7   0.0000   0.0000   0.0000 
2001 3 14   0.0000   0.0000   0.0000 
2001 3 21   0.0000   0.0000   0.0000 
2001 3 28   0.0000   0.0000   0.0000 
2001 4 4   0.0000   0.0000   0.0000 
2001 4 11   0.0000   0.0000   0.0000 
2001 4 18   0.0000   0.0000   0.0000 
2001 4 25   0.0000   0.0000   0.0000 
2001 5 2   0.0000   0.0000   0.0000 
2001 5 9   0.0000   0.0000   0.0000 
2001 5 16   0.0000   0.0000   0.0000 
2001 5 23   0.0000   0.0000   0.0000 
2001 5 30   0.0000   0.0000   0.0000 
2001 6 6   0.0000   0.0000   0.0000 
2001 6 13   0.0000   0.0000   0.0000 
2001 6 20   0.0000   0.0000   0.0000 
2001 6 27   0.0000   0.0000   0.0000 
2001 7 4   0.0000   0.0000   0.0000 
2001 7 11   0.0000   0.0000   0.0000 
2001 7 18   0.0000   0.0000   0.0000 
2001 7 25   0.0000   0.0000   0.0000 
2001 8 1   0.0000   0.0000   0.0000 
2001 8 8   0.0000   0.0000   0.0000 
2001 8 15   0.0000   0.0000   0.0000 
2001 8 22   0.0000   0.0000   0.0000 
2001 8 29   0.0000   0.0000   0.0000 
2001 9 5   0.0000   0.0000   0.0000 
2001 9 12   0.0000   0.0000   0.0000 
2001 9 19   0.0000   0.0000   0.0000 
2001 9 26   0.0000   0.0000   0.0000 
2001 10 3   0.0000   0.0000   0.0000 
2001 10 10   0.0000   0.0000   0.0000 
2001 10 17   0.0000   0.0000   0.0000 
2001 10 24   0.0000   0.0000   0.0000 
2001 10 31   0.0000   0.0000   0.0000 
2001 11 7   0.0000   0.0000   0.0000 
2001 11 14   0.0000   0.0000   0.0000 
2001 11 21   0.0000   0.0000   0.0000 
2001 11 28   0.0000   0.0000   0.0000 
2001 12 5   0.0000   0.0000   0.0000 
2001 12 12   0.0000   0.0000   0.0000 
2001 12 19   0.0000   0.0000   0.0000 
2001 12 26   0.0000   0.0000   0.0000 
2002 1 2   0.0000   0.0000   0.0000 
2002 1 9   0.0000   0.0000   0.0000 
2002 1 16   0.0000   0.0000   0.0000 
2002 1 23   0.0000   0.0000   0.0000 
2002 1 30   0.0000   0.0000   0.0000 
2002 2 6   0.0000   0.0000   0.0000 
2002 2 13   0.0000   0.0000   0.0000 
2002 2 20   0.0000   0.0000   0.0000 
2002 2 27   0.0000   0.0000   0.0000 
2002 3 6   0.0000   0.0000   0.0000 
2002 3 13   0.0000   0.0000   0.0000 
2002 3 20   0.0000   0.0000   0.0000 
2002 3 27   0.0000   0.0000   0.0000 
2002 4 3   0.0000   0.0000   0.0000 
2002 4 10   0.0000   0.0000   0.0000 
2002 4 17   0.0000   0.0000   0.0000 
2002 4 24   0.0000   0.0000   0.0000 
2002 5 1   0.0000   0.0000   0.0000 
2002 5 8   0.0000   0.0000   0.0000 
2002 5 15   0.0000   0.0000   0.0000 
2002 5 22   0.0000   0.0000   0.0000 
2002 5 29   0.0000   0.0000   0.0000 
2002 6 5   0.0000   0.0000   0.0000 
2002 6 12   0.0000   0.0000   0.0000 
2002 6 19   0.0000   0.0000   0.0000 
2002 6 26   0.0000   0.0000   0.0000 
2002 7 3   0.0000   0.0000   0.0000 
2002 7 10   0.0000   0.0000   0.0000 
2002 7 17   0.0000   0.0000   0.0000 
2002 7 24   0.0000   0.0000   0.0000 
2002 7 31   0.0000   0.0000   0.0000 
2002 8 7   0.0000   0.0000   0.0000 
2002 8 14   0.0000   0.0000   0.0000 
2002 8 21   0.0000   0.0000   0.0000 
2002 8 28   0.0000   0.0000   0.0000 
2002 9 4   0.0000   0.0000   0.0000 
2002 9 11   0.0000   0.0000   0.0000 
2002 9 18   0.0000   0.0000   0.0000 
2002 9 25   0.0000   0.0000   0.0000 
2002 10 2   0.0000   0.0000   0.0000 
2002 10 9   0.0000   0.0000   0.0000 
2002 10 16   0.0000   0.0000   0.0000 
2002 10 23   0.0000   0.0000   0.0000 
2002 10 30   0.0000   0.0000   0.0000 
2002 11 6   0.0000   0.0000   0.0000 
2002 11 13   0.0000   0.0000   0.0000 
2002 11 20   0.0000   0.0000   0.0000 
2002 11 27   0.0000   0.0000   0.0000 
2002 12 4   0.0000   0.0000   0.0000 
2002 12 11   0.0000   0.0000   0.0000 
2002 12 18   0.0000   0.0000   0.0000 
2002 12 25   0.0000   0.0000   0.0000 
2003 1 1   0.0000   0.0000   0.0000 
2003 1 8   0.0000   0.0000   0.0000 
2003 1 15   0.0000   0.0000   0.0000 
2003 1 22   0.0000   0.0000   0.0000 
2003 1 29   0.0000   0.0000   0.0000 
2003 2 5   0.0000   0.0000   0.0000 
2003 2 12   0.0000   0.0000   0.0000 
2003 2 19   0.0000   0.0000   0.0000 
2003 2 26   0.0000   0.0000   0.0000 
2003 3 5   0.0000   0.0000   0.0000 
2003 3 12   0.0000   0.0000   0.0000 
2003 3 19   0.0000   0.0000   0.0000 
2003 3 26   0.0000   0.0000   0.0000 
2003 4 2   0.0000   0.0000   0.0000 
2003 4 9   0.0000   0.0000   0.0000 
2003 4 16   0.0000   0.0000   0.0000 
2003 4 23   0.0000   0.0000   0.0000 
2003 4 30   0.0000   0.0000   0.0000 
2003 5 7   0.0000   0.0000   0.0000 
2003 5 14   0.0000   0.0000   0.0000 
2003 5 21   0.0000   0.0000   0.0000 
2003 5 28   0.0000   0.0000   0.0000 
2003 6 4   0.0000   0.0000   0.0000 
2003 6 11   0.0000   0.0000   0.0000 
2003 6 18   0.0000   0.0000   0.0000 
2003 6 25   0.0000   0.0000   0.0000 
2003 7 2   0.0000   0.0000   0.0000 
2003 7 9   0.0000   0.0000   0.0000 
2003 7 16   0.0000   0.0000   0.0000 
2003 7 23   0.0000   0.0000   0.0000 
2003 7 30   0.0000   0.0000   0.0000 
2003 8 6   0.0000   0.0000   0.0000 
2003 8 13   0.0000   0.0000   0.0000 
2003 8 20   0.0000   0.0000   0.0000 
2003 8 27   0.0000   0.0000   0.0000 
2003 9 3   0.0000   0.0000   0.0000 
2003 9 10   0.0000   0.0000   0.0000 
2003 9 17   0.0000   0.0000   0.0000 
2003 9 24   0.0000   0.0000   0.0000 
2003 10 1   0.0000   0.0000   0.0000 
2003 10 8   0.0000   0.0000   0.0000 
2003 10 15   0.0000   0.0000   0.0000 
2003 10 22   0.0000   0.0000   0.0000 
2003 10 29   0.0000   0.0000   0.0000 
2003 11 5   0.0000   0.0000   0.0000 
2003 11 12   0.0000   0.0000   0.0000 
2003 11 19   0.0000   0.0000   0.0000 
2003 11 26   0.0000   0.0000   0.0000 
2003 12 3   0.0000   0.0000   0.0000 
2003 12 10   0.0000   0.0000   0.0000 
2003 12 17   0.0000   0.0000   0.0000 
2003 12 24   0.0000   0.0000   0.0000 
2003 12 31   0.0000   0.0000   0.0000 
2004 1 7   0.0000   0.0000   0.0000 
2004 1 14   0.0000   0.0000   0.0000 
2004 1 21   0.0000   0.0000   0.0000 
2004 1 28   0.0000   0.0000   0.0000 
2004 2 4   0.0000   0.0000   0.0000 
2004 2 11   0.0000   0.0000   0.0000 
2004 2 18   0.0000   0.0000   0.0000 
2004 2 25   0.0000   0.0000   0.0000 
2004 3 3   0.0000   0.0000   0.0000 
2004 3 10   0.0000   0.0000   0.0000 
2004 3 17   0.5411   1.0119   1.5100 
2004 3 24   0.5556   1.0232   1.5093 
2004 3 31   0.6559   1.1111   1.5926 
2004 4 7   1.0382   1.4704   1.9191 
2004 4 14   1.1833   1.6002   2.0369 
2004 4 21   1.2165   1.6356   2.0764 
2004 4 28   1.3974   1.8023   2.2164 
2004 5 5   1.4060   1.8190   2.2451 
2004 5 12   1.5356   1.9150   2.2999 
2004 5 19   1.4224   1.7836   2.1557 
2004 5 26   1.3237   1.7122   2.1027 
2004 6 2   1.4067   1.7709   2.1449 
2004 6 9   1.5815   1.9365   2.3023 
2004 6 16   1.5092   1.8801   2.2579 
2004 6 23   1.5271   1.8874   2.2654 
2004 6 30   1.4795   1.8235   2.1863 
2004 7 7   1.3171   1.6847   2.0709 
2004 7 14   1.3494   1.7187   2.1112 
2004 7 21   1.4297   1.7713   2.1340 
2004 7 28   1.4944   1.8353   2.1912 
2004 8 4   1.3345   1.6989   2.0772 
2004 8 11   1.1650   1.5339   1.9297 
2004 8 18   1.0744   1.4627   1.8757 
2004 8 25   1.1532   1.5182   1.9093 
2004 9 1   1.0071   1.3926   1.7996 
2004 9 8   1.0717   1.4461   1.8465 
2004 9 15   1.1427   1.5041   1.8890 
2004 9 22   1.0657   1.4014   1.7705 
2004 9 29   1.0686   1.4155   1.8051 
2004 10 6   1.2092   1.5681   1.9632 
2004 10 13   1.0449   1.4020   1.8022 
2004 10 20   0.9798   1.3421   1.7470 
2004 10 27   0.9926   1.3769   1.8240 
2004 11 3   0.8594   1.2406   1.6886 
2004 11 10   1.0339   1.3932   1.8237 
2004 11 17   0.9344   1.2853   1.7032 
2004 11 24   0.9845   1.3058   1.6958 
2004 12 1   1.0655   1.4188   1.8393 
2004 12 8   0.9372   1.2632   1.6548 
2004 12 15   0.8913   1.2059   1.5833 
2004 12 22   0.9556   1.2627   1.6326 
2004 12 29   1.0386   1.3489   1.7265 
2005 1 5   1.1251   1.4156   1.7845 
2005 1 12   1.1062   1.3935   1.7595 
2005 1 19   1.1231   1.3694   1.6923 
2005 1 26   1.1224   1.3840   1.7278 
2005 2 2   1.1541   1.3902   1.7109 
2005 2 9   0.9735   1.2068   1.5281 
2005 2 16   1.1498   1.3845   1.6889 
2005 2 23   1.1390   1.3888   1.7132 
2005 3 2   1.2366   1.4688   1.7660 
2005 3 9   1.3232   1.5591   1.8357 
2005 3 16   1.3806   1.6019   1.8566 
2005 3 23   1.5480   1.7521   1.9854 
2005 3 30   1.5176   1.7190   1.9484 
2005 4 6   1.3976   1.6179   1.8656 
2005 4 13   1.4014   1.5944   1.8154 
2005 4 20   1.2595   1.4595   1.6897 
2005 4 27   1.3164   1.5147   1.7435 
2005 5 4   1.3082   1.4877   1.7088 
2005 5 11   1.3278   1.4983   1.7077 
2005 5 18   1.3403   1.5073   1.7056 
2005 5 25   1.3664   1.5158   1.7014 
2005 6 1   1.2310   1.3807   1.5785 
2005 6 8   1.3654   1.4804   1.6447 
2005 6 15   1.5229   1.6423   1.8068 
2005 6 22   1.3792   1.5059   1.6931 
2005 6 29   1.3570   1.4849   1.6756 
2005 7 6   1.4816   1.6033   1.7888 
2005 7 13   1.5967   1.7260   1.9073 
2005 7 20   1.6963   1.7749   1.9087 
2005 7 27   1.7570   1.8234   1.9429 
2005 8 3   1.7612   1.8386   1.9605 
2005 8 10   1.8931   1.9532   2.0430 
2005 8 17   1.7941   1.8519   1.9371 
2005 8 24   1.6793   1.7444   1.8377 
2005 8 31   1.4825   1.5721   1.7149 
2005 9 7   1.5060   1.6109   1.7584 
2005 9 14   1.4740   1.6021   1.7513 
2005 9 21   1.4829   1.6100   1.7579 
2005 9 28   1.5507   1.6542   1.7785 
2005 10 5   1.6820   1.7768   1.8948 
2005 10 12   1.7714   1.8885   2.0217 
2005 10 19   1.8083   1.8903   2.0004 
2005 10 26   1.9428   2.0108   2.1099 
2005 11 2   1.9138   1.9676   2.0579 
2005 11 9   1.9429   1.9948   2.0824 
2005 11 16   1.9046   1.9522   2.0501 
2005 11 23   1.8197   1.9060   2.0677 
2005 11 30   1.8610   1.9389   2.0641 
2005 12 7   1.9461   2.0036   2.1347 
2005 12 14   1.8746   1.9326   2.0681 
2005 12 21   1.9184   1.9614   2.0757 
2005 12 28   1.8697   1.9115   2.0195 
2006 1 4   1.8144   1.8695   1.9755 
2006 1 11   1.8851   1.9368   2.0561 
2006 1 18   1.7483   1.7930   1.9102 
2006 1 25   1.9092   1.9504   2.0622 
2006 2 1   1.9407   1.9698   2.0539 
2006 2 8   2.0493   2.0573   2.1122 
2006 2 15   2.1631   2.1507   2.1823 
2006 2 22   2.0581   2.0555   2.0975 
2006 3 1   2.0784   2.0823   2.1279 
2006 3 8   2.2464   2.2505   2.2974 
2006 3 15   2.2069   2.2158   2.2773 
2006 3 22   2.2183   2.2278   2.2916 
2006 3 29   2.3002   2.3169   2.3823 
2006 4 5   2.2995   2.3247   2.3940 
2006 4 12   2.3470   2.3930   2.4837 
2006 4 19   2.2896   2.3593   2.4658 
2006 4 26   2.4458   2.4944   2.5179 
2006 5 3   2.3666   2.4490   2.5123 
2006 5 10   2.3226   2.4014   2.4633 
2006 5 17   2.3609   2.4401   2.5168 
2006 5 24   2.3360   2.4065   2.4699 
2006 5 31   2.3463   2.4192   2.4809 
2006 6 7   2.3802   2.4411   2.5030 
2006 6 14   2.4716   2.5000   2.5374 
2006 6 21   2.5509   2.5789   2.6126 
2006 6 28   2.6141   2.6380   2.6759 
2006 7 5   2.5167   2.5662   2.6283 
2006 7 12   2.4673   2.5054   2.5591 
2006 7 19   2.3865   2.4208   2.4778 
2006 7 26   2.3337   2.3686   2.4270 
2006 8 2   2.2151   2.2685   2.3464 
2006 8 9   2.1382   2.1948   2.2772 
2006 8 16   2.1855   2.2177   2.2795 
2006 8 23   2.1988   2.2100   2.2485 
2006 8 30   2.2304   2.2278   2.2651 
2006 9 6   2.2668   2.2777   2.3199 
2006 9 13   2.3126   2.3061   2.3303 
2006 9 20   2.3966   2.3662   2.3737 
2006 9 27   2.2357   2.2269   2.2587 
2006 10 4   2.2537   2.2354   2.2498 
2006 10 11   2.4247   2.4039   2.4164 
2006 10 18   2.4054   2.3851   2.3923 
2006 10 25   2.3952   2.3750   2.3573 
2006 11 1   2.2399   2.2222   2.2353 
2006 11 8   2.2817   2.2460   2.2148 
2006 11 15   2.2658   2.2388   2.2107 
2006 11 22   2.2597   2.2404   2.2275 
2006 11 29   2.1638   2.1708   2.1737 
2006 12 6   2.1059   2.1133   2.1133 
2006 12 13   2.2238   2.2223   2.2168 
2006 12 20   2.2543   2.2666   2.2765 
2006 12 27   2.3924   2.3828   2.3947 
2007 1 3   2.2564   2.2817   2.3076 
2007 1 10   2.3197   2.3399   2.3742 
2007 1 17   2.4965   2.4820   2.4848 
2007 1 24   2.4198   2.4079   2.4073 
2007 1 31   2.3878   2.3827   2.3951 
2007 2 7   2.3870   2.3840   2.3933 
2007 2 14   2.3992   2.3937   2.4007 
2007 2 21   2.3406   2.3457   2.3599 
2007 2 28   2.1441   2.1774   2.2188 
2007 3 7   2.1047   2.1519   2.2027 
2007 3 14   2.1029   2.1568   2.2262 
2007 3 21   2.0749   2.1268   2.1965 
2007 3 28   2.0902   2.1584   2.2418 
2007 4 4   2.1638   2.2231   2.2929 
2007 4 11   2.2486   2.2962   2.3511 
2007 4 18   2.2949   2.3163   2.3529 
2007 4 25   2.1845   2.2341   2.3068 
2007 5 2   2.1636   2.2127   2.2896 
2007 5 9   2.2389   2.2751   2.3452 
2007 5 16   2.3612   2.3848   2.4403 
2007 5 23   2.4647   2.4846   2.5280 
2007 5 30   2.4958   2.4972   2.5237 
2007 6 6   2.5527   2.5486   2.5673 
2007 6 13   2.7347   2.7272   2.7381 
2007 6 20   2.7243   2.7098   2.7225 
2007 6 27   2.6477   2.6497   2.6816 
2007 7 4   2.6173   2.6228   2.6652 
2007 7 11   2.5957   2.6213   2.6750 
2007 7 18   2.5646   2.5792   2.6248 
2007 7 25   2.4642   2.4732   2.5140 
2007 8 1   2.3689   2.3807   2.4265 
2007 8 8   2.5050   2.5093   2.5503 
2007 8 15   2.3183   2.3643   2.4652 
2007 8 22   2.2648   2.2959   2.3818 
2007 8 29   2.2455   2.2679   2.3528 
2007 9 5   2.1258   2.1773   2.2784 
2007 9 12   1.9721   2.0307   2.1347 
2007 9 19   1.9929   2.0608   2.1641 
2007 9 26   2.0928   2.1799   2.2922 
2007 10 3   2.0330   2.1116   2.2147 
2007 10 10   2.1323   2.2000   2.2938 
2007 10 17   1.9893   2.0907   2.2210 
2007 10 24   1.7885   1.9054   2.0492 
2007 10 31   1.8801   1.9956   2.1146 
2007 11 7   1.5524   1.7457   1.9413 
2007 11 14   1.5409   1.7263   1.9261 
2007 11 21   1.1741   1.4396   1.7334 
2007 11 28   1.2939   1.5143   1.7742 
2007 12 5   1.1986   1.4681   1.7918 
2007 12 12   1.3201   1.5814   1.8939 
2007 12 19   1.3363   1.5751   1.8756 
2007 12 26   1.5060   1.7498   2.0467 
2008 1 2   1.0083   1.3248   1.6820 
2008 1 9   1.0410   1.3349   1.6758 
2008 1 16   0.9368   1.2206   1.5664 
2008 1 23   0.6745   0.9568   1.3147 
2008 1 30   0.8088   1.1116   1.4719 
2008 2 6   0.7298   1.0494   1.4260 
2008 2 13   0.7424   1.1113   1.5341 
2008 2 20   0.8182   1.2173   1.6412 
2008 2 27   0.6553   1.0863   1.5576 
2008 3 5   0.3094   0.7768   1.3011 
2008 3 12   0.2660   0.6710   1.1412 
2008 3 19   0.4280   0.7685   1.2301 
2008 3 26   0.6367   0.9794   1.4229 
2008 4 2   0.6578   0.9901   1.4051 
2008 4 9   0.6079   0.9489   1.3524 
2008 4 16   0.8182   1.1538   1.5425 
2008 4 23   0.9175   1.2361   1.5957 
2008 4 30   1.0335   1.3381   1.6882 
2008 5 7   1.0404   1.3595   1.7202 
2008 5 14   1.0720   1.3585   1.6929 
2008 5 21   0.8013   1.1237   1.4798 
2008 5 28   1.0785   1.3931   1.7388 
2008 6 4   1.0498   1.3574   1.7236 
2008 6 11   1.1021   1.4139   1.7825 
2008 6 18   1.1838   1.5026   1.8479 
2008 6 25   1.1029   1.4367   1.7951 
2008 7 2   0.8089   1.1739   1.5707 
2008 7 9   0.7356   1.1110   1.5074 
2008 7 16   0.8417   1.2141   1.6155 
2008 7 23   1.3770   1.6326   1.9258 
2008 7 30   1.2478   1.5148   1.8241 
2008 8 6   1.3049   1.5893   1.8937 
2008 8 13   1.2559   1.5310   1.8384 
2008 8 20   1.0881   1.3673   1.6911 
2008 8 27   1.0569   1.3187   1.6319 
2008 9 3   1.1892   1.4238   1.7244 
2008 9 10   1.2801   1.4570   1.7019 
2008 9 17   1.3626   1.5509   1.8092 
2008 9 24   1.6329   1.8019   2.0401 
2008 10 1   1.8160   2.0440   2.2915 
2008 10 8   2.2061   2.4329   2.6395 
2008 10 15   2.6287   2.7299   2.8405 
2008 10 22   2.5303   2.5321   2.7095 
2008 10 29   3.4620   3.2403   3.1985 
2008 11 5   3.0091   2.9824   3.0308 
2008 11 12   3.1207   3.1281   3.1022 
2008 11 19   3.1570   3.2231   3.1828 
2008 11 26   3.4990   3.3021   3.1592 
2008 12 3   2.8155   2.6521   2.5614 
2008 12 10   2.8724   2.7467   2.6196 
2008 12 17   2.0534   1.9668   1.9299 
2008 12 24   2.2857   2.1666   2.1171 
2008 12 31   2.4166   2.3197   2.2972 
2009 1 7   2.3663   2.2852   2.3238 
2009 1 14   1.8150   1.7893   1.8681 
2009 1 21   1.9498   2.0005   2.1644 
2009 1 28   1.7965   1.8694   2.0191 
2009 2 4   1.7659   1.8912   2.0707 
2009 2 11   1.4725   1.6789   1.9075 
2009 2 18   1.7278   1.7896   1.9171 
2009 2 25   2.0696   2.1916   2.2862 
2009 3 4   2.1787   2.3325   2.4685 
2009 3 11   2.2144   2.3126   2.4385 
2009 3 18   1.5028   1.5773   1.7687 
2009 3 25   1.3802   1.5028   1.7641 
2009 4 1   1.3263   1.4554   1.6519 
2009 4 8   1.4322   1.5866   1.8190 
2009 4 15   1.3042   1.4565   1.7185 
2009 4 22   1.6175   1.7423   1.9601 
2009 4 29   1.5080   1.6473   1.8842 
2009 5 6   1.5437   1.7409   2.0163 
2009 5 13   1.4514   1.6660   1.9408 
2009 5 20   1.3093   1.5388   1.8141 
2009 5 27   1.3993   1.7231   2.0510 
2009 6 3   1.2138   1.5483   1.8977 
2009 6 10   1.3317   1.7491   2.1627 
2009 6 17   1.4398   1.8016   2.1646 
2009 6 24   1.5440   1.8474   2.1359 
2009 7 1   1.4295   1.7213   1.9670 
2009 7 8   1.3560   1.6267   1.9094 
2009 7 15   1.5821   1.8106   2.0536 
2009 7 22   1.4124   1.6615   1.9359 
2009 7 29   1.6118   1.8156   2.0271 
2009 8 5   1.5512   1.7653   1.9913 
2009 8 12   1.5453   1.7399   1.9398 
2009 8 19   1.4008   1.5835   1.7798 
2009 8 26   1.3482   1.5455   1.7592 
2009 9 2   1.2490   1.4732   1.7344 
2009 9 9   1.0854   1.3750   1.7076 
2009 9 16   1.0025   1.3037   1.6487 
2009 9 23   1.0882   1.3758   1.6808 
2009 9 30   0.9991   1.2809   1.5827 
2009 10 7   0.8805   1.1745   1.4950 
2009 10 14   0.8768   1.1995   1.5401 
2009 10 21   0.8354   1.1409   1.4675 
2009 10 28   0.7870   1.1436   1.5035 
2009 11 4   0.6913   1.0922   1.4866 
2009 11 11   0.5417   0.9418   1.3611 
2009 11 18   0.4165   0.8185   1.2396 
2009 11 25   0.3163   0.7336   1.1918 
2009 12 2   0.2952   0.7473   1.2220 
2009 12 9   0.4818   0.9246   1.4065 
2009 12 16   0.5140   0.9610   1.4273 
2009 12 23   0.5852   1.0501   1.5242 
2009 12 30   0.5887   1.0445   1.5127 
2010 1 6   0.5026   1.0040   1.4926 
2010 1 13   0.4908   0.9741   1.4568 
2010 1 20   0.4071   0.8900   1.3775 
2010 1 27   0.4793   0.9411   1.4099 
2010 2 3   0.3952   0.8799   1.3703 
2010 2 10   0.4974   0.9956   1.4991 
2010 2 17   0.5315   1.0427   1.5537 
2010 2 24   0.6407   1.1302   1.6275 
2010 3 3   0.5903   1.0896   1.6114 
2010 3 10   0.6095   1.1088   1.6294 
2010 3 17   0.5233   1.0168   1.5449 
2010 3 24   0.7460   1.2296   1.7279 
2010 3 31   0.7132   1.1811   1.6568 
2010 4 7   0.6936   1.1599   1.6314 
2010 4 14   0.6904   1.1493   1.6146 
2010 4 21   0.5959   1.0670   1.5428 
2010 4 28   0.6187   1.0796   1.5384 
2010 5 5   0.5339   0.9542   1.3861 
2010 5 12   0.4817   0.9185   1.3665 
2010 5 19   0.5664   0.9757   1.3971 
2010 5 26   0.6374   0.9960   1.3960 
2010 6 2   0.6452   1.0271   1.4372 
2010 6 9   0.5155   0.9106   1.3420 
2010 6 16   0.5182   0.9190   1.3529 
2010 6 23   0.3836   0.7911   1.2313 
2010 6 30   0.3375   0.7513   1.2076 
2010 7 7   0.4897   0.8940   1.3352 
2010 7 14   0.4120   0.8135   1.2583 
2010 7 21   0.3913   0.7914   1.2456 
2010 7 28   0.3694   0.7921   1.2642 
2010 8 4   0.1990   0.6480   1.1549 
2010 8 11   0.0749   0.4931   0.9733 
2010 8 18   0.2407   0.6148   1.0534 
2010 8 25   0.2510   0.6107   1.0256 
2010 9 1   0.2702   0.6146   0.9963 
2010 9 8   0.2784   0.6135   0.9868 
2010 9 15   0.1927   0.5510   0.9551 
2010 9 22   0.0062   0.3506   0.7613 
2010 9 29  -0.0314   0.3219   0.7865 
2010 10 6  -0.3022   0.0804   0.5713 
2010 10 13  -0.4281  -0.0245   0.4964 
2010 10 20  -0.4035  -0.0059   0.4877 
2010 10 27  -0.2952   0.1264   0.6082 
2010 11 3  -0.4225  -0.0116   0.4891 
2010 11 10  -0.4425  -0.0051   0.5382 
2010 11 17  -0.1166   0.3061   0.8188 
2010 11 24  -0.1688   0.2542   0.7851 
2010 12 1  -0.0949   0.3152   0.8415 
2010 12 8   0.1118   0.5571   1.0825 
2010 12 15   0.2588   0.7222   1.2156 
2010 12 22   0.1026   0.5777   1.0758 
2010 12 29   0.1120   0.5943   1.0975 
2011 1 5   0.0552   0.5769   1.1129 
2011 1 12  -0.1355   0.4365   1.0230 
2011 1 19  -0.1197   0.4506   1.0356 
2011 1 26  -0.0612   0.5223   1.1537 
2011 2 2  -0.0746   0.5151   1.1721 
2011 2 9   0.2216   0.7805   1.3765 
2011 2 16   0.2775   0.8275   1.3985 
2011 2 23  -0.0864   0.5237   1.1558 
2011 3 2  -0.1659   0.4445   1.0692 
2011 3 9  -0.1641   0.4366   1.0496 
2011 3 16  -0.3189   0.2845   0.9144 
2011 3 23  -0.0981   0.4916   1.0692 
2011 3 30   0.0222   0.5712   1.1145 
2011 4 6  -0.0137   0.5484   1.1001 
2011 4 13  -0.0983   0.4587   1.0068 
2011 4 20  -0.1236   0.4316   0.9864 
2011 4 27  -0.1972   0.3960   0.9968 
2011 5 4  -0.3623   0.2319   0.8492 
2011 5 11  -0.2216   0.3168   0.9147 
2011 5 18  -0.1703   0.3730   0.9610 
2011 5 25  -0.2216   0.3192   0.9235 
2011 6 1  -0.3283   0.2123   0.8281 
2011 6 8  -0.4096   0.1688   0.8275 
2011 6 15  -0.4033   0.1667   0.8217 
2011 6 22  -0.3050   0.2538   0.9038 
2011 6 29  -0.3519   0.1696   0.8033 
2011 7 6  -0.4354   0.1328   0.7896 
2011 7 13  -0.6157  -0.0387   0.6037 
2011 7 20  -0.6152  -0.0321   0.6138 
2011 7 27  -0.6672  -0.1166   0.5198 
2011 8 3  -0.7919  -0.3055   0.2298 
2011 8 10  -1.1513  -0.7392  -0.2254 
2011 8 17  -0.9123  -0.5852  -0.1114 
2011 8 24  -0.6855  -0.3296   0.1343 
2011 8 31  -0.8097  -0.4225   0.0928 
2011 9 7  -0.7901  -0.4430   0.0181 
2011 9 14  -0.6972  -0.3735   0.0704 
2011 9 21  -0.7691  -0.4571  -0.0300 
2011 9 28  -0.5889  -0.2777   0.1761 
2011 10 5  -0.5737  -0.2880   0.1360 
2011 10 12  -0.5126  -0.1721   0.2863 
2011 10 19  -0.6102  -0.2189   0.2498 
2011 10 26  -0.7571  -0.3418   0.1499 
2011 11 2  -0.9940  -0.5516  -0.0496 
2011 11 9  -0.9590  -0.5222  -0.0227 
2011 11 16  -0.8584  -0.4564   0.0342 
2011 11 23  -0.8651  -0.5046  -0.0381 
2011 11 30  -0.9345  -0.5234   0.0039 
2011 12 7  -0.9464  -0.5555  -0.0130 
2011 12 14  -0.8819  -0.5483  -0.0704 
2011 12 21  -0.9307  -0.5995  -0.1163 
2011 12 28  -0.8635  -0.5614  -0.1063 
2012 1 4  -0.9550  -0.6090  -0.1130 
2012 1 11  -0.9406  -0.6002  -0.1273 
2012 1 18  -0.9952  -0.6425  -0.1539 
2012 1 25  -1.0987  -0.7019  -0.1650 
2012 2 1  -1.2705  -0.8728  -0.3284 
2012 2 8  -1.1860  -0.7870  -0.2503 
2012 2 15  -1.1782  -0.7952  -0.2817 
2012 2 22  -1.1970  -0.7821  -0.2441 
2012 2 29  -1.1304  -0.7260  -0.2289 
2012 3 7  -1.1357  -0.6981  -0.1658 
2012 3 14  -0.9815  -0.5385  -0.0184 
2012 3 21  -0.9305  -0.5163  -0.0108 
2012 3 28  -0.9689  -0.5655  -0.0496 
2012 4 4  -0.9015  -0.5068   0.0114 
2012 4 11  -1.0324  -0.6972  -0.2078 
2012 4 18  -0.9887  -0.6659  -0.1981 
2012 4 25  -0.9945  -0.6847  -0.2162 
2012 5 2  -1.0752  -0.7587  -0.2679 
2012 5 9  -1.0278  -0.7407  -0.2816 
2012 5 16  -1.0270  -0.7645  -0.3223 
2012 5 23  -1.0123  -0.8033  -0.4205 
2012 5 30  -0.9996  -0.8195  -0.4496 
2012 6 6  -0.9638  -0.8442  -0.5163 
2012 6 13  -1.0804  -0.9005  -0.5116 
2012 6 20  -1.2127  -0.9710  -0.5415 
2012 6 27  -1.0477  -0.8669  -0.4938 
2012 7 4  -1.1299  -0.9114  -0.5003 
2012 7 11  -1.2159  -1.0086  -0.6101 
2012 7 18  -1.2989  -1.0581  -0.6355 
2012 7 25  -1.2250  -1.0252  -0.6481 
2012 8 1  -1.3195  -1.0682  -0.6423 
2012 8 8  -1.2962  -1.0234  -0.5892 
2012 8 15  -1.1559  -0.8578  -0.3947 
2012 8 22  -1.2332  -0.9484  -0.4895 
2012 8 29  -1.3327  -1.0499  -0.5814 
2012 9 5  -1.4257  -1.1294  -0.6418 
2012 9 12  -1.4331  -1.0945  -0.5717 
2012 9 19  -1.5397  -1.2274  -0.7152 
2012 9 26  -1.5060  -1.2445  -0.7735 
2012 10 3  -1.6110  -1.3319  -0.8316 
2012 10 10  -1.6265  -1.3207  -0.8088 
2012 10 17  -1.4634  -1.1553  -0.6381 
2012 10 24  -1.4420  -1.1749  -0.7003 
2012 10 31  -1.5379  -1.2853  -0.8337 
2012 11 7  -1.5882  -1.3273  -0.8553 
2012 11 14  -1.5612  -1.3104  -0.8581 
2012 11 21  -1.5326  -1.2370  -0.7412 
2012 11 28  -1.6054  -1.3094  -0.8085 
2012 12 5  -1.7033  -1.4156  -0.9213 
2012 12 12  -1.6963  -1.3729  -0.8542 
2012 12 19  -1.6254  -1.2816  -0.7629 
2012 12 26  -1.6296  -1.3029  -0.8017 
2013 1 2  -1.6278  -1.2571  -0.7182 
2013 1 9  -1.6654  -1.2797  -0.7279 
2013 1 16  -1.6558  -1.2825  -0.7342 
2013 1 23  -1.6294  -1.2572  -0.7174 
2013 1 30  -1.5939  -1.1696  -0.5866 
2013 2 6  -1.6519  -1.2230  -0.6214 
2013 2 13  -1.5721  -1.1561  -0.5676 
2013 2 20  -1.5168  -1.1040  -0.5219 
2013 2 27  -1.5618  -1.1715  -0.6006 
2013 3 6  -1.5666  -1.1824  -0.6099 
2013 3 13  -1.5279  -1.1138  -0.5217 
2013 3 20  -1.5230  -1.1368  -0.5664 
2013 3 27  -1.5459  -1.1761  -0.6136 
2013 4 3  -1.5494  -1.1897  -0.6331 
2013 4 10  -1.4588  -1.1322  -0.6055 
2013 4 17  -1.4127  -1.1451  -0.6699 
2013 4 24  -1.4099  -1.1586  -0.7008 
2013 5 1  -1.3740  -1.1312  -0.6878 
2013 5 8  -1.3042  -1.0032  -0.5147 
2013 5 15  -1.2397  -0.9112  -0.3993 
2013 5 22  -1.1232  -0.7887  -0.2731 
2013 5 29  -0.9680  -0.6318  -0.1350 
2013 6 5  -0.9275  -0.5757  -0.0636 
2013 6 12  -0.7067  -0.3269   0.2034 
2013 6 19  -0.6702  -0.2550   0.2889 
2013 6 26  -0.2359   0.1632   0.6328 
2013 7 3  -0.4652  -0.0192   0.4756 
2013 7 10  -0.4013   0.1196   0.6467 
2013 7 17  -0.6628  -0.1640   0.3914 
2013 7 24  -0.5593  -0.0726   0.4819 
2013 7 31  -0.5990  -0.1140   0.4307 
2013 8 7  -0.6720  -0.1755   0.3684 
2013 8 14  -0.5177  -0.0181   0.5157 
2013 8 21  -0.2761   0.2188   0.7234 
2013 8 28  -0.3673   0.1348   0.6308 
2013 9 4  -0.1485   0.3480   0.8278 
2013 9 11  -0.1902   0.3184   0.8066 
2013 9 18  -0.5870  -0.0502   0.5305 
2013 9 25  -0.5970  -0.0985   0.4448 
2013 10 2  -0.6269  -0.1139   0.4364 
2013 10 9  -0.5907  -0.0780   0.4672 
2013 10 16  -0.6393  -0.0858   0.5007 
2013 10 23  -0.7285  -0.2143   0.3494 
2013 10 30  -0.7291  -0.1997   0.3730 
2013 11 6  -0.6978  -0.1317   0.4773 
2013 11 13  -0.6536  -0.0565   0.5708 
2013 11 20  -0.6590  -0.0386   0.6184 
2013 11 27  -0.6490  -0.0520   0.5715 
2013 12 4  -0.4832   0.1275   0.7463 
2013 12 11  -0.4426   0.1495   0.7483 
2013 12 18  -0.4646   0.1469   0.7402 
2013 12 25  -0.2957   0.2870   0.8269 
2014 1 1  -0.2873   0.2947   0.8358 
2014 1 8  -0.3745   0.2118   0.7542 
2014 1 15  -0.3917   0.1572   0.6849 
2014 1 22  -0.3477   0.1867   0.6983 
2014 1 29  -0.4890   0.0439   0.5801 
2014 2 5  -0.4966   0.0471   0.5991 
2014 2 12  -0.4465   0.1003   0.6453 
2014 2 19  -0.4334   0.1099   0.6456 
2014 2 26  -0.4689   0.0588   0.5841 
2014 3 5  -0.4482   0.0681   0.5803 
2014 3 12  -0.4131   0.1147   0.6305 
2014 3 19  -0.2711   0.2186   0.6961 
2014 3 26  -0.2232   0.2262   0.6475 
2014 4 2  -0.1183   0.3458   0.7653 
2014 4 9  -0.2457   0.2233   0.6564 
2014 4 16  -0.2399   0.1808   0.5830 
2014 4 23  -0.2669   0.1641   0.5743 
2014 4 30  -0.2829   0.1458   0.5618 
2014 5 7  -0.3099   0.1034   0.5052 
2014 5 14  -0.4151   0.0097   0.4232 
2014 5 21  -0.4587  -0.0186   0.4228 
2014 5 28  -0.5513  -0.1368   0.2864 
2014 6 4  -0.3706   0.0668   0.4952 
2014 6 11  -0.3690   0.0712   0.4987 
2014 6 18  -0.3788   0.0419   0.4593 
2014 6 25  -0.4967  -0.0710   0.3590 
2014 7 2  -0.4498   0.0003   0.4498 
2014 7 9  -0.4711  -0.0676   0.3339 
2014 7 16  -0.3901  -0.0202   0.3470 
2014 7 23  -0.4203  -0.0719   0.2795 
2014 7 30  -0.3573  -0.0017   0.3343 
2014 8 6  -0.4134  -0.0626   0.2872 
2014 8 13  -0.4710  -0.1184   0.2396 
2014 8 20  -0.3466  -0.0215   0.3053 
2014 8 27  -0.3426  -0.0345   0.2633 
2014 9 3  -0.3018   0.0058   0.3038 
2014 9 10  -0.1098   0.2007   0.4945 
2014 9 17  -0.0718   0.2580   0.5675 
2014 9 24  -0.0348   0.2807   0.5723 
2014 10 1  -0.1070   0.2081   0.5052 
2014 10 8  -0.1631   0.1504   0.4470 
2014 10 15  -0.2841  -0.0024   0.2811 
2014 10 22  -0.2147   0.0882   0.3827 
2014 10 29  -0.0715   0.2121   0.4749 
2014 11 5  -0.0928   0.2071   0.4831 
2014 11 12  -0.1766   0.1501   0.4505 
2014 11 19  -0.0874   0.2275   0.5165 
2014 11 26  -0.1701   0.1289   0.4123 
2014 12 3  -0.0358   0.2441   0.5092 
2014 12 10   0.0465   0.2693   0.4723 
2014 12 17   0.1233   0.2970   0.4438 
2014 12 24   0.2469   0.4214   0.5688 
2014 12 31   0.1982   0.3747   0.5291 
2015 1 7   0.1404   0.2820   0.4119 
2015 1 14  -0.1066   0.1015   0.3052 
2015 1 21  -0.1723   0.0466   0.2715 
2015 1 28  -0.3204  -0.1068   0.1209 
2015 2 4  -0.3608  -0.1031   0.1404 
2015 2 11  -0.1930   0.0592   0.3117 
2015 2 18  -0.1735   0.1043   0.3932 
2015 2 25  -0.2229   0.0275   0.2841 
