1988 1 6   0.0000   0.0000   0.0000 
1988 1 13   0.0000   0.0000   0.0000 
1988 1 20   0.0000   0.0000   0.0000 
1988 1 27   0.0000   0.0000   0.0000 
1988 2 3   0.0000   0.0000   0.0000 
1988 2 10   0.0000   0.0000   0.0000 
1988 2 17   0.0000   0.0000   0.0000 
1988 2 24   0.0000   0.0000   0.0000 
1988 3 2   0.0000   0.0000   0.0000 
1988 3 9   0.0000   0.0000   0.0000 
1988 3 16   0.0000   0.0000   0.0000 
1988 3 23   0.0000   0.0000   0.0000 
1988 3 30   0.0000   0.0000   0.0000 
1988 4 6   0.0000   0.0000   0.0000 
1988 4 13   0.0000   0.0000   0.0000 
1988 4 20   0.0000   0.0000   0.0000 
1988 4 27   0.0000   0.0000   0.0000 
1988 5 4   0.0000   0.0000   0.0000 
1988 5 11   0.0000   0.0000   0.0000 
1988 5 18   0.0000   0.0000   0.0000 
1988 5 25   0.0000   0.0000   0.0000 
1988 6 1   0.0000   0.0000   0.0000 
1988 6 8   0.0000   0.0000   0.0000 
1988 6 15   0.0000   0.0000   0.0000 
1988 6 22   0.0000   0.0000   0.0000 
1988 6 29   0.0000   0.0000   0.0000 
1988 7 6   0.0000   0.0000   0.0000 
1988 7 13   0.0000   0.0000   0.0000 
1988 7 20   0.0000   0.0000   0.0000 
1988 7 27   0.0000   0.0000   0.0000 
1988 8 3   0.0000   0.0000   0.0000 
1988 8 10   0.0000   0.0000   0.0000 
1988 8 17   0.0000   0.0000   0.0000 
1988 8 24   0.0000   0.0000   0.0000 
1988 8 31   0.0000   0.0000   0.0000 
1988 9 7   0.0000   0.0000   0.0000 
1988 9 14   0.0000   0.0000   0.0000 
1988 9 21   0.0000   0.0000   0.0000 
1988 9 28   0.0000   0.0000   0.0000 
1988 10 5   0.0000   0.0000   0.0000 
1988 10 12   0.0000   0.0000   0.0000 
1988 10 19   0.0000   0.0000   0.0000 
1988 10 26   0.0000   0.0000   0.0000 
1988 11 2   0.0000   0.0000   0.0000 
1988 11 9   0.0000   0.0000   0.0000 
1988 11 16   0.0000   0.0000   0.0000 
1988 11 23   0.0000   0.0000   0.0000 
1988 11 30   0.0000   0.0000   0.0000 
1988 12 7   0.0000   0.0000   0.0000 
1988 12 14   0.0000   0.0000   0.0000 
1988 12 21   0.0000   0.0000   0.0000 
1988 12 28   0.0000   0.0000   0.0000 
1989 1 4   0.0000   0.0000   0.0000 
1989 1 11   0.0000   0.0000   0.0000 
1989 1 18   0.0000   0.0000   0.0000 
1989 1 25   0.0000   0.0000   0.0000 
1989 2 1   0.0000   0.0000   0.0000 
1989 2 8   0.0000   0.0000   0.0000 
1989 2 15   0.0000   0.0000   0.0000 
1989 2 22   0.0000   0.0000   0.0000 
1989 3 1   0.0000   0.0000   0.0000 
1989 3 8   0.0000   0.0000   0.0000 
1989 3 15   0.0000   0.0000   0.0000 
1989 3 22   0.0000   0.0000   0.0000 
1989 3 29   0.0000   0.0000   0.0000 
1989 4 5   0.0000   0.0000   0.0000 
1989 4 12   0.0000   0.0000   0.0000 
1989 4 19   0.0000   0.0000   0.0000 
1989 4 26   0.0000   0.0000   0.0000 
1989 5 3   0.0000   0.0000   0.0000 
1989 5 10   0.0000   0.0000   0.0000 
1989 5 17   0.0000   0.0000   0.0000 
1989 5 24   0.0000   0.0000   0.0000 
1989 5 31   0.0000   0.0000   0.0000 
1989 6 7   0.0000   0.0000   0.0000 
1989 6 14   0.0000   0.0000   0.0000 
1989 6 21   0.0000   0.0000   0.0000 
1989 6 28   0.0000   0.0000   0.0000 
1989 7 5   0.0000   0.0000   0.0000 
1989 7 12   0.0000   0.0000   0.0000 
1989 7 19   0.0000   0.0000   0.0000 
1989 7 26   0.0000   0.0000   0.0000 
1989 8 2   0.0000   0.0000   0.0000 
1989 8 9   0.0000   0.0000   0.0000 
1989 8 16   0.0000   0.0000   0.0000 
1989 8 23   0.0000   0.0000   0.0000 
1989 8 30   0.0000   0.0000   0.0000 
1989 9 6   0.0000   0.0000   0.0000 
1989 9 13   0.0000   0.0000   0.0000 
1989 9 20   0.0000   0.0000   0.0000 
1989 9 27   0.0000   0.0000   0.0000 
1989 10 4   0.0000   0.0000   0.0000 
1989 10 11   0.0000   0.0000   0.0000 
1989 10 18   0.0000   0.0000   0.0000 
1989 10 25   0.0000   0.0000   0.0000 
1989 11 1   0.0000   0.0000   0.0000 
1989 11 8   0.0000   0.0000   0.0000 
1989 11 15   0.0000   0.0000   0.0000 
1989 11 22   0.0000   0.0000   0.0000 
1989 11 29   0.0000   0.0000   0.0000 
1989 12 6   0.0000   0.0000   0.0000 
1989 12 13   0.0000   0.0000   0.0000 
1989 12 20   0.0000   0.0000   0.0000 
1989 12 27   0.0000   0.0000   0.0000 
1990 1 3   0.0000   0.0000   0.0000 
1990 1 10   0.0000   0.0000   0.0000 
1990 1 17   0.0000   0.0000   0.0000 
1990 1 24   0.0000   0.0000   0.0000 
1990 1 31   0.0000   0.0000   0.0000 
1990 2 7   0.0000   0.0000   0.0000 
1990 2 14   0.0000   0.0000   0.0000 
1990 2 21   0.0000   0.0000   0.0000 
1990 2 28   0.0000   0.0000   0.0000 
1990 3 7   0.0000   0.0000   0.0000 
1990 3 14   0.0000   0.0000   0.0000 
1990 3 21   0.0000   0.0000   0.0000 
1990 3 28   0.0000   0.0000   0.0000 
1990 4 4   0.0000   0.0000   0.0000 
1990 4 11   0.0000   0.0000   0.0000 
1990 4 18   0.0000   0.0000   0.0000 
1990 4 25   0.0000   0.0000   0.0000 
1990 5 2   0.0000   0.0000   0.0000 
1990 5 9   0.0000   0.0000   0.0000 
1990 5 16   0.0000   0.0000   0.0000 
1990 5 23   0.0000   0.0000   0.0000 
1990 5 30   0.0000   0.0000   0.0000 
1990 6 6   0.0000   0.0000   0.0000 
1990 6 13   0.0000   0.0000   0.0000 
1990 6 20   0.0000   0.0000   0.0000 
1990 6 27   0.0000   0.0000   0.0000 
1990 7 4   0.0000   0.0000   0.0000 
1990 7 11   0.0000   0.0000   0.0000 
1990 7 18   0.0000   0.0000   0.0000 
1990 7 25   0.0000   0.0000   0.0000 
1990 8 1   0.0000   0.0000   0.0000 
1990 8 8   0.0000   0.0000   0.0000 
1990 8 15   0.0000   0.0000   0.0000 
1990 8 22   0.0000   0.0000   0.0000 
1990 8 29   0.0000   0.0000   0.0000 
1990 9 5   0.0000   0.0000   0.0000 
1990 9 12   0.0000   0.0000   0.0000 
1990 9 19   0.0000   0.0000   0.0000 
1990 9 26   0.0000   0.0000   0.0000 
1990 10 3   0.0000   0.0000   0.0000 
1990 10 10   0.0000   0.0000   0.0000 
1990 10 17   0.0000   0.0000   0.0000 
1990 10 24   0.0000   0.0000   0.0000 
1990 10 31   0.0000   0.0000   0.0000 
1990 11 7   0.0000   0.0000   0.0000 
1990 11 14   0.0000   0.0000   0.0000 
1990 11 21   0.0000   0.0000   0.0000 
1990 11 28   0.0000   0.0000   0.0000 
1990 12 5   0.0000   0.0000   0.0000 
1990 12 12   0.0000   0.0000   0.0000 
1990 12 19   0.0000   0.0000   0.0000 
1990 12 26   0.0000   0.0000   0.0000 
1991 1 2   0.0000   0.0000   0.0000 
1991 1 9   0.0000   0.0000   0.0000 
1991 1 16   0.0000   0.0000   0.0000 
1991 1 23   0.0000   0.0000   0.0000 
1991 1 30   0.0000   0.0000   0.0000 
1991 2 6   0.0000   0.0000   0.0000 
1991 2 13   0.0000   0.0000   0.0000 
1991 2 20   0.0000   0.0000   0.0000 
1991 2 27   0.0000   0.0000   0.0000 
1991 3 6   0.0000   0.0000   0.0000 
1991 3 13   0.0000   0.0000   0.0000 
1991 3 20   0.0000   0.0000   0.0000 
1991 3 27   0.0000   0.0000   0.0000 
1991 4 3   0.0000   0.0000   0.0000 
1991 4 10   0.0000   0.0000   0.0000 
1991 4 17   0.0000   0.0000   0.0000 
1991 4 24   0.0000   0.0000   0.0000 
1991 5 1   0.0000   0.0000   0.0000 
1991 5 8   0.0000   0.0000   0.0000 
1991 5 15   0.0000   0.0000   0.0000 
1991 5 22   0.0000   0.0000   0.0000 
1991 5 29   0.0000   0.0000   0.0000 
1991 6 5   0.0000   0.0000   0.0000 
1991 6 12   0.0000   0.0000   0.0000 
1991 6 19   0.0000   0.0000   0.0000 
1991 6 26   0.0000   0.0000   0.0000 
1991 7 3   0.0000   0.0000   0.0000 
1991 7 10   0.0000   0.0000   0.0000 
1991 7 17   0.0000   0.0000   0.0000 
1991 7 24   0.0000   0.0000   0.0000 
1991 7 31   0.0000   0.0000   0.0000 
1991 8 7   0.0000   0.0000   0.0000 
1991 8 14   0.0000   0.0000   0.0000 
1991 8 21   0.0000   0.0000   0.0000 
1991 8 28   0.0000   0.0000   0.0000 
1991 9 4   0.0000   0.0000   0.0000 
1991 9 11   0.0000   0.0000   0.0000 
1991 9 18   0.0000   0.0000   0.0000 
1991 9 25   0.0000   0.0000   0.0000 
1991 10 2   0.0000   0.0000   0.0000 
1991 10 9   0.0000   0.0000   0.0000 
1991 10 16   0.0000   0.0000   0.0000 
1991 10 23   0.0000   0.0000   0.0000 
1991 10 30   0.0000   0.0000   0.0000 
1991 11 6   0.0000   0.0000   0.0000 
1991 11 13   0.0000   0.0000   0.0000 
1991 11 20   0.0000   0.0000   0.0000 
1991 11 27   0.0000   0.0000   0.0000 
1991 12 4   0.0000   0.0000   0.0000 
1991 12 11   0.0000   0.0000   0.0000 
1991 12 18   0.0000   0.0000   0.0000 
1991 12 25   0.0000   0.0000   0.0000 
1992 1 1   0.0000   0.0000   0.0000 
1992 1 8   0.0000   0.0000   0.0000 
1992 1 15   0.0000   0.0000   0.0000 
1992 1 22   0.0000   0.0000   0.0000 
1992 1 29   0.0000   0.0000   0.0000 
1992 2 5   0.0000   0.0000   0.0000 
1992 2 12   0.0000   0.0000   0.0000 
1992 2 19   0.0000   0.0000   0.0000 
1992 2 26   0.0000   0.0000   0.0000 
1992 3 4   0.0000   0.0000   0.0000 
1992 3 11   0.0000   0.0000   0.0000 
1992 3 18   0.0000   0.0000   0.0000 
1992 3 25   0.0000   0.0000   0.0000 
1992 4 1   0.0000   0.0000   0.0000 
1992 4 8   0.0000   0.0000   0.0000 
1992 4 15   0.0000   0.0000   0.0000 
1992 4 22   0.0000   0.0000   0.0000 
1992 4 29   0.0000   0.0000   0.0000 
1992 5 6   0.0000   0.0000   0.0000 
1992 5 13   0.0000   0.0000   0.0000 
1992 5 20   0.0000   0.0000   0.0000 
1992 5 27   0.0000   0.0000   0.0000 
1992 6 3   0.0000   0.0000   0.0000 
1992 6 10   0.0000   0.0000   0.0000 
1992 6 17   0.0000   0.0000   0.0000 
1992 6 24   0.0000   0.0000   0.0000 
1992 7 1   0.0000   0.0000   0.0000 
1992 7 8   0.0000   0.0000   0.0000 
1992 7 15   0.0000   0.0000   0.0000 
1992 7 22   0.0000   0.0000   0.0000 
1992 7 29   0.0000   0.0000   0.0000 
1992 8 5   0.0000   0.0000   0.0000 
1992 8 12   0.0000   0.0000   0.0000 
1992 8 19   0.0000   0.0000   0.0000 
1992 8 26   0.0000   0.0000   0.0000 
1992 9 2   0.0000   0.0000   0.0000 
1992 9 9   0.0000   0.0000   0.0000 
1992 9 16   0.0000   0.0000   0.0000 
1992 9 23   0.0000   0.0000   0.0000 
1992 9 30   0.0000   0.0000   0.0000 
1992 10 7   0.0000   0.0000   0.0000 
1992 10 14   0.0000   0.0000   0.0000 
1992 10 21   0.0000   0.0000   0.0000 
1992 10 28   0.0000   0.0000   0.0000 
1992 11 4   0.0000   0.0000   0.0000 
1992 11 11   0.0000   0.0000   0.0000 
1992 11 18   0.0000   0.0000   0.0000 
1992 11 25   0.0000   0.0000   0.0000 
1992 12 2   0.0000   0.0000   0.0000 
1992 12 9   0.0000   0.0000   0.0000 
1992 12 16   0.0000   0.0000   0.0000 
1992 12 23   0.0000   0.0000   0.0000 
1992 12 30   0.0000   0.0000   0.0000 
1993 1 6   0.0000   0.0000   0.0000 
1993 1 13   0.0000   0.0000   0.0000 
1993 1 20   0.0000   0.0000   0.0000 
1993 1 27   0.0000   0.0000   0.0000 
1993 2 3   0.0000   0.0000   0.0000 
1993 2 10   0.0000   0.0000   0.0000 
1993 2 17   0.0000   0.0000   0.0000 
1993 2 24   0.0000   0.0000   0.0000 
1993 3 3   0.0000   0.0000   0.0000 
1993 3 10   0.0000   0.0000   0.0000 
1993 3 17   0.0000   0.0000   0.0000 
1993 3 24   0.0000   0.0000   0.0000 
1993 3 31   0.0000   0.0000   0.0000 
1993 4 7   0.0000   0.0000   0.0000 
1993 4 14   0.0000   0.0000   0.0000 
1993 4 21   0.0000   0.0000   0.0000 
1993 4 28   0.0000   0.0000   0.0000 
1993 5 5   0.0000   0.0000   0.0000 
1993 5 12   0.0000   0.0000   0.0000 
1993 5 19   0.0000   0.0000   0.0000 
1993 5 26   0.0000   0.0000   0.0000 
1993 6 2   0.0000   0.0000   0.0000 
1993 6 9   0.0000   0.0000   0.0000 
1993 6 16   0.0000   0.0000   0.0000 
1993 6 23   0.0000   0.0000   0.0000 
1993 6 30   0.0000   0.0000   0.0000 
1993 7 7   0.0000   0.0000   0.0000 
1993 7 14   0.0000   0.0000   0.0000 
1993 7 21   0.0000   0.0000   0.0000 
1993 7 28   0.0000   0.0000   0.0000 
1993 8 4   0.0000   0.0000   0.0000 
1993 8 11   0.0000   0.0000   0.0000 
1993 8 18   0.0000   0.0000   0.0000 
1993 8 25   0.0000   0.0000   0.0000 
1993 9 1   0.0000   0.0000   0.0000 
1993 9 8   0.0000   0.0000   0.0000 
1993 9 15   0.0000   0.0000   0.0000 
1993 9 22   0.0000   0.0000   0.0000 
1993 9 29   0.0000   0.0000   0.0000 
1993 10 6   0.0000   0.0000   0.0000 
1993 10 13   0.0000   0.0000   0.0000 
1993 10 20   0.0000   0.0000   0.0000 
1993 10 27   0.0000   0.0000   0.0000 
1993 11 3   0.0000   0.0000   0.0000 
1993 11 10   0.0000   0.0000   0.0000 
1993 11 17   0.0000   0.0000   0.0000 
1993 11 24   0.0000   0.0000   0.0000 
1993 12 1   0.0000   0.0000   0.0000 
1993 12 8   0.0000   0.0000   0.0000 
1993 12 15   0.0000   0.0000   0.0000 
1993 12 22   0.0000   0.0000   0.0000 
1993 12 29   0.0000   0.0000   0.0000 
1994 1 5   0.0000   0.0000   0.0000 
1994 1 12   0.0000   0.0000   0.0000 
1994 1 19   0.0000   0.0000   0.0000 
1994 1 26   0.0000   0.0000   0.0000 
1994 2 2   0.0000   0.0000   0.0000 
1994 2 9   0.0000   0.0000   0.0000 
1994 2 16   0.0000   0.0000   0.0000 
1994 2 23   0.0000   0.0000   0.0000 
1994 3 2   0.0000   0.0000   0.0000 
1994 3 9   0.0000   0.0000   0.0000 
1994 3 16   0.0000   0.0000   0.0000 
1994 3 23   0.0000   0.0000   0.0000 
1994 3 30   0.0000   0.0000   0.0000 
1994 4 6   0.0000   0.0000   0.0000 
1994 4 13   0.0000   0.0000   0.0000 
1994 4 20   0.0000   0.0000   0.0000 
1994 4 27   0.0000   0.0000   0.0000 
1994 5 4   0.0000   0.0000   0.0000 
1994 5 11   0.0000   0.0000   0.0000 
1994 5 18   0.0000   0.0000   0.0000 
1994 5 25   0.0000   0.0000   0.0000 
1994 6 1   0.0000   0.0000   0.0000 
1994 6 8   0.0000   0.0000   0.0000 
1994 6 15   0.0000   0.0000   0.0000 
1994 6 22   0.0000   0.0000   0.0000 
1994 6 29   0.0000   0.0000   0.0000 
1994 7 6   0.0000   0.0000   0.0000 
1994 7 13   0.0000   0.0000   0.0000 
1994 7 20   0.0000   0.0000   0.0000 
1994 7 27   0.0000   0.0000   0.0000 
1994 8 3   0.0000   0.0000   0.0000 
1994 8 10   0.0000   0.0000   0.0000 
1994 8 17   0.0000   0.0000   0.0000 
1994 8 24   0.0000   0.0000   0.0000 
1994 8 31   0.0000   0.0000   0.0000 
1994 9 7   0.0000   0.0000   0.0000 
1994 9 14   0.0000   0.0000   0.0000 
1994 9 21   0.0000   0.0000   0.0000 
1994 9 28   0.0000   0.0000   0.0000 
1994 10 5   0.0000   0.0000   0.0000 
1994 10 12   0.0000   0.0000   0.0000 
1994 10 19   0.0000   0.0000   0.0000 
1994 10 26   0.0000   0.0000   0.0000 
1994 11 2   0.0000   0.0000   0.0000 
1994 11 9   0.0000   0.0000   0.0000 
1994 11 16   0.0000   0.0000   0.0000 
1994 11 23   0.0000   0.0000   0.0000 
1994 11 30   0.0000   0.0000   0.0000 
1994 12 7   0.0000   0.0000   0.0000 
1994 12 14   0.0000   0.0000   0.0000 
1994 12 21   0.0000   0.0000   0.0000 
1994 12 28   0.0000   0.0000   0.0000 
1995 1 4   0.0000   0.0000   0.0000 
1995 1 11   0.0000   0.0000   0.0000 
1995 1 18   0.0000   0.0000   0.0000 
1995 1 25   0.0000   0.0000   0.0000 
1995 2 1   0.0000   0.0000   0.0000 
1995 2 8   0.0000   0.0000   0.0000 
1995 2 15   0.0000   0.0000   0.0000 
1995 2 22   0.0000   0.0000   0.0000 
1995 3 1   0.0000   0.0000   0.0000 
1995 3 8   0.0000   0.0000   0.0000 
1995 3 15   0.0000   0.0000   0.0000 
1995 3 22   0.0000   0.0000   0.0000 
1995 3 29   0.0000   0.0000   0.0000 
1995 4 5   0.0000   0.0000   0.0000 
1995 4 12   0.0000   0.0000   0.0000 
1995 4 19   0.0000   0.0000   0.0000 
1995 4 26   0.0000   0.0000   0.0000 
1995 5 3   0.0000   0.0000   0.0000 
1995 5 10   0.0000   0.0000   0.0000 
1995 5 17   0.0000   0.0000   0.0000 
1995 5 24   0.0000   0.0000   0.0000 
1995 5 31   0.0000   0.0000   0.0000 
1995 6 7   0.0000   0.0000   0.0000 
1995 6 14   0.0000   0.0000   0.0000 
1995 6 21   0.0000   0.0000   0.0000 
1995 6 28   0.0000   0.0000   0.0000 
1995 7 5   0.0000   0.0000   0.0000 
1995 7 12   0.0000   0.0000   0.0000 
1995 7 19   0.0000   0.0000   0.0000 
1995 7 26   0.0000   0.0000   0.0000 
1995 8 2   0.0000   0.0000   0.0000 
1995 8 9   0.0000   0.0000   0.0000 
1995 8 16   0.0000   0.0000   0.0000 
1995 8 23   0.0000   0.0000   0.0000 
1995 8 30   0.0000   0.0000   0.0000 
1995 9 6   0.0000   0.0000   0.0000 
1995 9 13   0.0000   0.0000   0.0000 
1995 9 20   0.0000   0.0000   0.0000 
1995 9 27   0.0000   0.0000   0.0000 
1995 10 4   0.0000   0.0000   0.0000 
1995 10 11   0.0000   0.0000   0.0000 
1995 10 18   0.0000   0.0000   0.0000 
1995 10 25   0.0000   0.0000   0.0000 
1995 11 1   0.0000   0.0000   0.0000 
1995 11 8   0.0000   0.0000   0.0000 
1995 11 15   0.0000   0.0000   0.0000 
1995 11 22   0.0000   0.0000   0.0000 
1995 11 29   0.0000   0.0000   0.0000 
1995 12 6   0.0000   0.0000   0.0000 
1995 12 13   0.0000   0.0000   0.0000 
1995 12 20   0.0000   0.0000   0.0000 
1995 12 27   0.0000   0.0000   0.0000 
1996 1 3   0.0000   0.0000   0.0000 
1996 1 10   0.0000   0.0000   0.0000 
1996 1 17   0.0000   0.0000   0.0000 
1996 1 24   0.0000   0.0000   0.0000 
1996 1 31   0.0000   0.0000   0.0000 
1996 2 7   0.0000   0.0000   0.0000 
1996 2 14   0.0000   0.0000   0.0000 
1996 2 21   0.0000   0.0000   0.0000 
1996 2 28   0.0000   0.0000   0.0000 
1996 3 6   0.0000   0.0000   0.0000 
1996 3 13   0.0000   0.0000   0.0000 
1996 3 20   0.0000   0.0000   0.0000 
1996 3 27   0.0000   0.0000   0.0000 
1996 4 3   0.0000   0.0000   0.0000 
1996 4 10   0.0000   0.0000   0.0000 
1996 4 17   0.0000   0.0000   0.0000 
1996 4 24   0.0000   0.0000   0.0000 
1996 5 1   0.0000   0.0000   0.0000 
1996 5 8   0.0000   0.0000   0.0000 
1996 5 15   0.0000   0.0000   0.0000 
1996 5 22   0.0000   0.0000   0.0000 
1996 5 29   0.0000   0.0000   0.0000 
1996 6 5   0.0000   0.0000   0.0000 
1996 6 12   0.0000   0.0000   0.0000 
1996 6 19   0.0000   0.0000   0.0000 
1996 6 26   0.0000   0.0000   0.0000 
1996 7 3   0.0000   0.0000   0.0000 
1996 7 10   0.0000   0.0000   0.0000 
1996 7 17   0.0000   0.0000   0.0000 
1996 7 24   0.0000   0.0000   0.0000 
1996 7 31   0.0000   0.0000   0.0000 
1996 8 7   0.0000   0.0000   0.0000 
1996 8 14   0.0000   0.0000   0.0000 
1996 8 21   0.0000   0.0000   0.0000 
1996 8 28   0.0000   0.0000   0.0000 
1996 9 4   0.0000   0.0000   0.0000 
1996 9 11   0.0000   0.0000   0.0000 
1996 9 18   0.0000   0.0000   0.0000 
1996 9 25   0.0000   0.0000   0.0000 
1996 10 2   0.0000   0.0000   0.0000 
1996 10 9   0.0000   0.0000   0.0000 
1996 10 16   0.0000   0.0000   0.0000 
1996 10 23   0.0000   0.0000   0.0000 
1996 10 30   0.0000   0.0000   0.0000 
1996 11 6   0.0000   0.0000   0.0000 
1996 11 13   0.0000   0.0000   0.0000 
1996 11 20   0.0000   0.0000   0.0000 
1996 11 27   0.0000   0.0000   0.0000 
1996 12 4   0.0000   0.0000   0.0000 
1996 12 11   0.0000   0.0000   0.0000 
1996 12 18   0.0000   0.0000   0.0000 
1996 12 25   0.0000   0.0000   0.0000 
1997 1 1   0.0000   0.0000   0.0000 
1997 1 8   0.0000   0.0000   0.0000 
1997 1 15   0.0000   0.0000   0.0000 
1997 1 22   0.0000   0.0000   0.0000 
1997 1 29   0.0000   0.0000   0.0000 
1997 2 5   0.0000   0.0000   0.0000 
1997 2 12   0.0000   0.0000   0.0000 
1997 2 19   0.0000   0.0000   0.0000 
1997 2 26   0.0000   0.0000   0.0000 
1997 3 5   0.0000   0.0000   0.0000 
1997 3 12   0.0000   0.0000   0.0000 
1997 3 19   0.0000   0.0000   0.0000 
1997 3 26   0.0000   0.0000   0.0000 
1997 4 2   0.0000   0.0000   0.0000 
1997 4 9   0.0000   0.0000   0.0000 
1997 4 16   0.0000   0.0000   0.0000 
1997 4 23   0.0000   0.0000   0.0000 
1997 4 30   0.0000   0.0000   0.0000 
1997 5 7   0.0000   0.0000   0.0000 
1997 5 14   0.0000   0.0000   0.0000 
1997 5 21   0.0000   0.0000   0.0000 
1997 5 28   0.0000   0.0000   0.0000 
1997 6 4   0.0000   0.0000   0.0000 
1997 6 11   0.0000   0.0000   0.0000 
1997 6 18   0.0000   0.0000   0.0000 
1997 6 25   0.0000   0.0000   0.0000 
1997 7 2   0.0000   0.0000   0.0000 
1997 7 9   0.0000   0.0000   0.0000 
1997 7 16   0.0000   0.0000   0.0000 
1997 7 23   0.0000   0.0000   0.0000 
1997 7 30   0.0000   0.0000   0.0000 
1997 8 6   0.0000   0.0000   0.0000 
1997 8 13   0.0000   0.0000   0.0000 
1997 8 20   0.0000   0.0000   0.0000 
1997 8 27   0.0000   0.0000   0.0000 
1997 9 3   0.0000   0.0000   0.0000 
1997 9 10   0.0000   0.0000   0.0000 
1997 9 17   0.0000   0.0000   0.0000 
1997 9 24   0.0000   0.0000   0.0000 
1997 10 1   0.0000   0.0000   0.0000 
1997 10 8   0.0000   0.0000   0.0000 
1997 10 15   0.0000   0.0000   0.0000 
1997 10 22   0.0000   0.0000   0.0000 
1997 10 29   0.0000   0.0000   0.0000 
1997 11 5   0.0000   0.0000   0.0000 
1997 11 12   0.0000   0.0000   0.0000 
1997 11 19   0.0000   0.0000   0.0000 
1997 11 26   0.0000   0.0000   0.0000 
1997 12 3   0.0000   0.0000   0.0000 
1997 12 10   0.0000   0.0000   0.0000 
1997 12 17   0.0000   0.0000   0.0000 
1997 12 24   0.0000   0.0000   0.0000 
1997 12 31   0.0000   0.0000   0.0000 
1998 1 7   0.0000   0.0000   0.0000 
1998 1 14   0.0000   0.0000   0.0000 
1998 1 21   0.0000   0.0000   0.0000 
1998 1 28   0.0000   0.0000   0.0000 
1998 2 4   0.0000   0.0000   0.0000 
1998 2 11   0.0000   0.0000   0.0000 
1998 2 18   0.0000   0.0000   0.0000 
1998 2 25   0.0000   0.0000   0.0000 
1998 3 4   0.0000   0.0000   0.0000 
1998 3 11   0.0000   0.0000   0.0000 
1998 3 18   0.0000   0.0000   0.0000 
1998 3 25   0.0000   0.0000   0.0000 
1998 4 1   0.0000   0.0000   0.0000 
1998 4 8   0.0000   0.0000   0.0000 
1998 4 15   0.0000   0.0000   0.0000 
1998 4 22   0.0000   0.0000   0.0000 
1998 4 29   0.0000   0.0000   0.0000 
1998 5 6   0.0000   0.0000   0.0000 
1998 5 13   0.0000   0.0000   0.0000 
1998 5 20   0.0000   0.0000   0.0000 
1998 5 27   0.0000   0.0000   0.0000 
1998 6 3   0.0000   0.0000   0.0000 
1998 6 10   0.0000   0.0000   0.0000 
1998 6 17   0.0000   0.0000   0.0000 
1998 6 24   0.0000   0.0000   0.0000 
1998 7 1   0.0000   0.0000   0.0000 
1998 7 8   0.0000   0.0000   0.0000 
1998 7 15   0.0000   0.0000   0.0000 
1998 7 22   0.0000   0.0000   0.0000 
1998 7 29   0.0000   0.0000   0.0000 
1998 8 5   0.0000   0.0000   0.0000 
1998 8 12   0.0000   0.0000   0.0000 
1998 8 19   0.0000   0.0000   0.0000 
1998 8 26   0.0000   0.0000   0.0000 
1998 9 2   0.0000   0.0000   0.0000 
1998 9 9   0.0000   0.0000   0.0000 
1998 9 16   0.0000   0.0000   0.0000 
1998 9 23   0.0000   0.0000   0.0000 
1998 9 30   0.0000   0.0000   0.0000 
1998 10 7   0.0000   0.0000   0.0000 
1998 10 14   0.0000   0.0000   0.0000 
1998 10 21   0.0000   0.0000   0.0000 
1998 10 28   0.0000   0.0000   0.0000 
1998 11 4   0.0000   0.0000   0.0000 
1998 11 11   0.0000   0.0000   0.0000 
1998 11 18   0.0000   0.0000   0.0000 
1998 11 25   0.0000   0.0000   0.0000 
1998 12 2   0.0000   0.0000   0.0000 
1998 12 9   0.0000   0.0000   0.0000 
1998 12 16   0.0000   0.0000   0.0000 
1998 12 23   0.0000   0.0000   0.0000 
1998 12 30   0.0000   0.0000   0.0000 
1999 1 6   3.8522   3.8182   3.7783 
1999 1 13   3.8655   3.8456   3.7812 
1999 1 20   3.7880   3.8065   3.7718 
1999 1 27   3.7404   3.7675   3.7524 
1999 2 3   3.7501   3.7626   3.7349 
1999 2 10   3.8164   3.8183   3.7769 
1999 2 17   3.8170   3.8071   3.7571 
1999 2 24   3.8148   3.8268   3.8057 
1999 3 3   3.9392   3.9150   3.8575 
1999 3 10   3.9485   3.9241   3.8721 
1999 3 17   3.9682   3.9296   3.8764 
1999 3 24   3.9289   3.9030   3.8610 
1999 3 31   3.9221   3.9102   3.8768 
1999 4 7   3.8864   3.9105   3.8951 
1999 4 14   3.8794   3.9063   3.8891 
1999 4 21   3.8718   3.8990   3.8816 
1999 4 28   3.8939   3.9025   3.8772 
1999 5 5   3.8120   3.8299   3.8227 
1999 5 12   3.8335   3.8510   3.8445 
1999 5 19   3.7842   3.8168   3.8322 
1999 5 26   3.7837   3.8246   3.8413 
1999 6 2   3.8040   3.8423   3.8606 
1999 6 9   3.8025   3.8544   3.8832 
1999 6 16   3.8562   3.8994   3.9371 
1999 6 23   3.9112   3.9422   3.9721 
1999 6 30   3.9673   3.9780   3.9865 
1999 7 7   3.9694   3.9833   3.9955 
1999 7 14   3.9494   3.9673   3.9841 
1999 7 21   4.0018   3.9926   3.9776 
1999 7 28   4.0023   3.9934   3.9818 
1999 8 4   3.9855   3.9979   4.0062 
1999 8 11   4.0389   4.0272   4.0101 
1999 8 18   4.0114   4.0001   3.9808 
1999 8 25   4.0135   4.0037   3.9867 
1999 9 1   4.0274   4.0240   4.0087 
1999 9 8   4.0280   4.0271   4.0163 
1999 9 15   4.0300   4.0306   4.0198 
1999 9 22   4.0572   4.0595   4.0521 
1999 9 29   4.0465   4.0552   4.0494 
1999 10 6   4.1035   4.1100   4.1006 
1999 10 13   4.1126   4.1221   4.1118 
1999 10 20   4.0941   4.1117   4.1046 
1999 10 27   4.0820   4.1016   4.0984 
1999 11 3   4.0852   4.0955   4.0886 
1999 11 10   4.0513   4.0626   4.0569 
1999 11 17   4.0678   4.0785   4.0723 
1999 11 24   4.0815   4.0942   4.0898 
1999 12 1   4.1307   4.1412   4.1294 
1999 12 8   4.1213   4.1441   4.1381 
1999 12 15   4.2042   4.2262   4.2117 
1999 12 22   4.2820   4.3091   4.2926 
1999 12 29   4.2751   4.3013   4.2860 
2000 1 5   4.2841   4.3217   4.3138 
2000 1 12   4.2988   4.3410   4.3390 
2000 1 19   4.3784   4.3838   4.3705 
2000 1 26   4.2866   4.2948   4.2874 
2000 2 2   4.2225   4.2428   4.2262 
2000 2 9   4.2767   4.2994   4.2710 
2000 2 16   4.2672   4.2898   4.2606 
2000 2 23   4.2463   4.2711   4.2437 
2000 3 1   4.2345   4.2630   4.2387 
2000 3 8   4.1824   4.2075   4.1825 
2000 3 15   4.1080   4.1423   4.1327 
2000 3 22   4.0438   4.0872   4.0864 
2000 3 29   4.0037   4.0421   4.0385 
2000 4 5   3.9421   3.9712   3.9529 
2000 4 12   3.9841   4.0167   3.9937 
2000 4 19   3.9179   3.9529   3.9386 
2000 4 26   3.9471   3.9770   3.9549 
2000 5 3   3.9800   3.9837   3.9400 
2000 5 10   4.1359   4.1394   4.0896 
2000 5 17   4.1950   4.2054   4.1621 
2000 5 24   4.1822   4.1975   4.1614 
2000 5 31   4.1430   4.1533   4.1215 
2000 6 7   4.0752   4.0787   4.0552 
2000 6 14   4.0406   4.0486   4.0368 
2000 6 21   4.0507   4.0607   4.0324 
2000 6 28   4.0669   4.0755   4.0513 
2000 7 5   4.0094   4.0113   3.9852 
2000 7 12   4.0211   4.0207   3.9915 
2000 7 19   4.0142   4.0242   3.9930 
2000 7 26   3.9805   3.9937   3.9714 
2000 8 2   3.9608   3.9742   3.9434 
2000 8 9   3.9936   3.9952   3.9513 
2000 8 16   4.0194   4.0226   3.9808 
2000 8 23   4.0003   3.9922   3.9498 
2000 8 30   3.9881   3.9911   3.9620 
2000 9 6   3.9567   3.9594   3.9342 
2000 9 13   3.9433   3.9488   3.9233 
2000 9 20   3.9650   3.9719   3.9563 
2000 9 27   3.9218   3.9465   3.9378 
2000 10 4   3.9422   3.9555   3.9409 
2000 10 11   3.9268   3.9455   3.9371 
2000 10 18   3.8318   3.8419   3.8440 
2000 10 25   3.8121   3.8239   3.8238 
2000 11 1   3.7987   3.8191   3.8203 
2000 11 8   3.8379   3.8564   3.8561 
2000 11 15   3.8109   3.8208   3.8186 
2000 11 22   3.7866   3.8070   3.8101 
2000 11 29   3.7948   3.8010   3.7914 
2000 12 6   3.7655   3.7738   3.7672 
2000 12 13   3.7617   3.7571   3.7534 
2000 12 20   3.6722   3.6740   3.6753 
2000 12 27   3.6625   3.6712   3.6776 
2001 1 3   3.5611   3.5799   3.5940 
2001 1 10   3.4251   3.4927   3.5444 
2001 1 17   3.4393   3.4942   3.5362 
2001 1 24   3.3328   3.4368   3.5168 
2001 1 31   3.3047   3.4180   3.5038 
2001 2 7   3.2681   3.3666   3.4412 
2001 2 14   3.2739   3.3623   3.4292 
2001 2 21   3.2119   3.3340   3.4238 
2001 2 28   3.1113   3.2508   3.3467 
2001 3 7   3.1144   3.2459   3.3312 
2001 3 14   3.1373   3.2584   3.3398 
2001 3 21   3.0607   3.1919   3.2913 
2001 3 28   3.1671   3.2795   3.3638 
2001 4 4   3.0549   3.2081   3.3248 
2001 4 11   3.1315   3.2936   3.4125 
2001 4 18   3.0113   3.2055   3.3572 
2001 4 25   2.9633   3.1622   3.3191 
2001 5 2   2.9471   3.1642   3.3298 
2001 5 9   2.7657   3.0296   3.2429 
2001 5 16   2.8126   3.0921   3.3002 
2001 5 23   2.9478   3.1887   3.3587 
2001 5 30   2.9066   3.1630   3.3370 
2001 6 6   2.9076   3.1675   3.3422 
2001 6 13   2.8450   3.1126   3.3003 
2001 6 20   2.8544   3.1268   3.3123 
2001 6 27   2.9119   3.1945   3.3762 
2001 7 4   3.0529   3.3343   3.4968 
2001 7 11   3.1184   3.3821   3.5212 
2001 7 18   3.0144   3.2685   3.4087 
2001 7 25   3.1143   3.3533   3.4710 
2001 8 1   2.9797   3.2689   3.3874 
2001 8 8   2.9797   3.2643   3.3963 
2001 8 15   2.9555   3.2630   3.3822 
2001 8 22   3.0483   3.3048   3.4028 
2001 8 29   3.0981   3.2854   3.3701 
2001 9 5   3.1372   3.2725   3.3552 
2001 9 12   2.8240   3.0241   3.1841 
2001 9 19   2.7436   3.0149   3.2083 
2001 9 26   2.7967   3.0550   3.2355 
2001 10 3   2.6792   2.9438   3.1629 
2001 10 10   2.8058   3.0658   3.2551 
2001 10 17   2.7393   2.9952   3.1994 
2001 10 24   2.7166   2.9487   3.1538 
2001 10 31   2.6893   2.9512   3.0823 
2001 11 7   2.6080   2.8454   2.9847 
2001 11 14   2.8081   3.0364   3.1422 
2001 11 21   3.1666   3.3749   3.4271 
2001 11 28   3.2119   3.4639   3.5260 
2001 12 5   3.1644   3.4251   3.5279 
2001 12 12   3.3236   3.5367   3.5931 
2001 12 19   3.3442   3.5441   3.5808 
2001 12 26   3.3230   3.5184   3.5517 
2002 1 2   3.3609   3.5493   3.5828 
2002 1 9   3.2455   3.4656   3.5193 
2002 1 16   3.1857   3.3862   3.4420 
2002 1 23   3.1878   3.4254   3.4868 
2002 1 30   3.1527   3.4187   3.4975 
2002 2 6   3.0865   3.3408   3.4313 
2002 2 13   3.0831   3.3380   3.4411 
2002 2 20   2.9589   3.2335   3.3371 
2002 2 27   2.9425   3.2155   3.3100 
2002 3 6   2.9842   3.2694   3.3730 
2002 3 13   3.0917   3.3680   3.4569 
2002 3 20   3.1612   3.4064   3.4896 
2002 3 27   3.0383   3.2728   3.3756 
2002 4 3   2.9306   3.1872   3.3140 
2002 4 10   2.8780   3.1506   3.2802 
2002 4 17   2.7869   3.1022   3.2411 
2002 4 24   2.7403   3.0587   3.2075 
2002 5 1   2.6566   2.9843   3.1554 
2002 5 8   2.7619   3.0790   3.2230 
2002 5 15   2.7711   3.0963   3.2365 
2002 5 22   2.6987   3.0370   3.1899 
2002 5 29   2.6391   2.9858   3.1504 
2002 6 5   2.6564   2.9923   3.1521 
2002 6 12   2.6877   3.0293   3.1811 
2002 6 19   2.6004   2.9509   3.1100 
2002 6 26   2.6003   2.9421   3.0904 
2002 7 3   2.6038   2.9590   3.1304 
2002 7 10   2.5403   2.9168   3.1026 
2002 7 17   2.4667   2.8222   2.9950 
2002 7 24   2.3423   2.6766   2.8624 
2002 7 31   2.3411   2.6585   2.8529 
2002 8 7   2.0838   2.4307   2.6795 
2002 8 14   1.9129   2.2480   2.4796 
2002 8 21   2.0944   2.3814   2.5591 
2002 8 28   2.1404   2.4178   2.5809 
2002 9 4   1.8720   2.1958   2.4146 
2002 9 11   1.9127   2.2200   2.4389 
2002 9 18   1.8003   2.1188   2.3430 
2002 9 25   1.6601   2.0140   2.2819 
2002 10 2   1.6243   2.0056   2.3012 
2002 10 9   1.6303   2.0190   2.3146 
2002 10 16   2.0559   2.3862   2.6019 
2002 10 23   2.1959   2.5028   2.7282 
2002 10 30   1.9123   2.2032   2.5018 
2002 11 6   1.9572   2.2194   2.4953 
2002 11 13   1.8200   2.1034   2.3811 
2002 11 20   2.0359   2.2995   2.5325 
2002 11 27   2.1947   2.4133   2.6211 
2002 12 4   2.1416   2.3697   2.5824 
2002 12 11   1.9637   2.2696   2.5160 
2002 12 18   1.9059   2.2418   2.5047 
2002 12 25   1.7596   2.1192   2.4078 
2003 1 1   1.6911   2.1070   2.3791 
2003 1 8   1.7451   2.1167   2.4059 
2003 1 15   1.7274   2.0960   2.3848 
2003 1 22   1.5737   1.9516   2.2632 
2003 1 29   1.6073   1.9848   2.2937 
2003 2 5   1.4981   1.8920   2.2105 
2003 2 12   1.3753   1.7919   2.1201 
2003 2 19   1.2988   1.7286   2.0763 
2003 2 26   1.0673   1.5477   1.9435 
2003 3 5   0.9574   1.4522   1.8600 
2003 3 12   0.8596   1.3710   1.8093 
2003 3 19   1.3826   1.8518   2.2269 
2003 3 26   1.3483   1.8346   2.2278 
2003 4 2   1.2919   1.7946   2.2038 
2003 4 9   1.3267   1.8187   2.2262 
2003 4 16   1.4263   1.9048   2.2918 
2003 4 23   1.6108   2.0515   2.3897 
2003 4 30   1.4440   1.8947   2.2597 
2003 5 7   1.2985   1.7508   2.1087 
2003 5 14   1.1845   1.6149   1.9625 
2003 5 21   1.0816   1.4742   1.8165 
2003 5 28   1.1701   1.5676   1.9090 
2003 6 4   1.0074   1.4318   1.8000 
2003 6 11   0.8775   1.3096   1.6961 
2003 6 18   1.0591   1.4938   1.8598 
2003 6 25   0.9893   1.4395   1.8407 
2003 7 2   1.1167   1.5978   2.0041 
2003 7 9   1.2523   1.7178   2.1081 
2003 7 16   1.3259   1.7450   2.1202 
2003 7 23   1.4025   1.8112   2.1795 
2003 7 30   1.5836   2.0084   2.3575 
2003 8 6   1.6096   2.0548   2.4125 
2003 8 13   1.6112   2.0922   2.4736 
2003 8 20   1.4819   1.9496   2.3153 
2003 8 27   1.5890   2.0398   2.3976 
2003 9 3   1.6538   2.1029   2.4554 
2003 9 10   1.3396   1.8340   2.2362 
2003 9 17   1.3698   1.8620   2.2520 
2003 9 24   1.2760   1.7803   2.1761 
2003 10 1   1.0824   1.5970   2.0216 
2003 10 8   1.3190   1.8246   2.2313 
2003 10 15   1.3447   1.8534   2.2627 
2003 10 22   1.3008   1.7579   2.1259 
2003 10 29   1.2093   1.6511   2.0163 
2003 11 5   1.3794   1.7644   2.0702 
2003 11 12   1.4161   1.7944   2.0905 
2003 11 19   1.2536   1.6291   1.9508 
2003 11 26   1.3114   1.6872   2.0027 
2003 12 3   1.4423   1.8177   2.1172 
2003 12 10   1.2454   1.6565   2.0144 
2003 12 17   1.2541   1.6653   2.0473 
2003 12 24   1.2411   1.6524   2.0141 
2003 12 31   1.2630   1.6783   2.0456 
2004 1 7   1.2061   1.6321   2.0215 
2004 1 14   1.0447   1.4912   1.9305 
2004 1 21   0.9738   1.4283   1.8684 
2004 1 28   1.1045   1.5637   1.9950 
2004 2 4   0.9720   1.4334   1.8895 
2004 2 11   0.8929   1.3646   1.8287 
2004 2 18   0.8654   1.3570   1.8401 
2004 2 25   0.7704   1.2811   1.7876 
2004 3 3   0.6583   1.1657   1.6655 
2004 3 10   0.5520   1.0429   1.5309 
2004 3 17   0.4025   0.9159   1.4249 
2004 3 24   0.4543   0.9694   1.4599 
2004 3 31   0.5655   1.0661   1.5477 
2004 4 7   0.9612   1.4372   1.8793 
2004 4 14   1.0714   1.5429   1.9770 
2004 4 21   1.1242   1.5918   2.0245 
2004 4 28   1.3142   1.7658   2.1699 
2004 5 5   1.3316   1.7892   2.2009 
2004 5 12   1.4735   1.8973   2.2618 
2004 5 19   1.3679   1.7718   2.1217 
2004 5 26   1.2801   1.7071   2.0748 
2004 6 2   1.3437   1.7525   2.1068 
2004 6 9   1.5178   1.9178   2.2637 
2004 6 16   1.4661   1.8744   2.2333 
2004 6 23   1.4570   1.8615   2.2233 
2004 6 30   1.4261   1.8100   2.1540 
2004 7 7   1.2771   1.6798   2.0465 
2004 7 14   1.3180   1.7199   2.0906 
2004 7 21   1.3865   1.7642   2.1079 
2004 7 28   1.4667   1.8409   2.1730 
2004 8 4   1.3192   1.7112   2.0659 
2004 8 11   1.1595   1.5517   1.9230 
2004 8 18   1.1289   1.5230   1.8998 
2004 8 25   1.2181   1.5870   1.9390 
2004 9 1   1.0807   1.4674   1.8365 
2004 9 8   1.1298   1.5097   1.8752 
2004 9 15   1.1875   1.5584   1.9117 
2004 9 22   1.1181   1.4598   1.7972 
2004 9 29   1.0971   1.4566   1.8189 
2004 10 6   1.2050   1.5861   1.9597 
2004 10 13   1.0239   1.4074   1.7904 
2004 10 20   0.9457   1.3372   1.7288 
2004 10 27   0.9401   1.3569   1.7928 
2004 11 3   0.8128   1.2257   1.6603 
2004 11 10   1.0084   1.3957   1.8068 
2004 11 17   0.9023   1.2790   1.6788 
2004 11 24   0.9517   1.3025   1.6752 
2004 12 1   1.0349   1.4172   1.8178 
2004 12 8   0.9170   1.2685   1.6409 
2004 12 15   0.8871   1.2236   1.5791 
2004 12 22   0.9594   1.2878   1.6325 
2004 12 29   1.0591   1.3862   1.7334 
2005 1 5   1.1506   1.4529   1.7917 
2005 1 12   1.1355   1.4321   1.7674 
2005 1 19   1.1913   1.4361   1.7198 
2005 1 26   1.1788   1.4423   1.7492 
2005 2 2   1.1927   1.4342   1.7224 
2005 2 9   0.9779   1.2253   1.5228 
2005 2 16   1.1167   1.3775   1.6662 
2005 2 23   1.0768   1.3616   1.6746 
2005 3 2   1.1469   1.4239   1.7138 
2005 3 9   1.2286   1.5119   1.7814 
2005 3 16   1.2789   1.5515   1.8006 
2005 3 23   1.4285   1.6901   1.9215 
2005 3 30   1.3924   1.6524   1.8823 
2005 4 6   1.2800   1.5569   1.8047 
2005 4 13   1.2851   1.5345   1.7562 
2005 4 20   1.1024   1.3692   1.6106 
2005 4 27   1.1716   1.4329   1.6702 
2005 5 4   1.1847   1.4215   1.6472 
2005 5 11   1.2298   1.4504   1.6589 
2005 5 18   1.2500   1.4645   1.6623 
2005 5 25   1.2866   1.4802   1.6628 
2005 6 1   1.1767   1.3613   1.5519 
2005 6 8   1.3314   1.4756   1.6277 
2005 6 15   1.4982   1.6457   1.7947 
2005 6 22   1.3777   1.5222   1.6900 
2005 6 29   1.4034   1.5376   1.7000 
2005 7 6   1.4948   1.6310   1.7923 
2005 7 13   1.5916   1.7330   1.8844 
2005 7 20   1.6924   1.7926   1.9047 
2005 7 27   1.7392   1.8318   1.9318 
2005 8 3   1.7258   1.8354   1.9412 
2005 8 10   1.8448   1.9427   2.0188 
2005 8 17   1.7368   1.8350   1.9084 
2005 8 24   1.6161   1.7227   1.8071 
2005 8 31   1.4139   1.5435   1.6787 
2005 9 7   1.4306   1.5789   1.7200 
2005 9 14   1.3742   1.5541   1.7025 
2005 9 21   1.3751   1.5561   1.7047 
2005 9 28   1.4570   1.6127   1.7317 
2005 10 5   1.6001   1.7439   1.8533 
2005 10 12   1.7009   1.8629   1.9862 
2005 10 19   1.6662   1.8143   1.9285 
2005 10 26   1.8384   1.9629   2.0562 
2005 11 2   1.8562   1.9531   2.0262 
2005 11 9   1.9621   2.0315   2.0832 
2005 11 16   1.9902   2.0337   2.0833 
2005 11 23   1.9472   2.0182   2.1254 
2005 11 30   2.0328   2.0850   2.1471 
2005 12 7   2.0969   2.1327   2.2037 
2005 12 14   2.0244   2.0601   2.1367 
2005 12 21   2.0867   2.1025   2.1547 
2005 12 28   2.0356   2.0491   2.0973 
2006 1 4   1.9600   1.9931   2.0440 
2006 1 11   1.9850   2.0280   2.0995 
2006 1 18   1.8605   1.8925   1.9591 
2006 1 25   1.9588   2.0060   2.0794 
2006 2 1   1.9287   1.9828   2.0415 
2006 2 8   1.9907   2.0374   2.0770 
2006 2 15   2.0580   2.0986   2.1247 
2006 2 22   1.9182   1.9769   2.0216 
2006 3 1   1.9051   1.9804   2.0349 
2006 3 8   2.0918   2.1640   2.2140 
2006 3 15   2.0540   2.1302   2.1943 
2006 3 22   2.1114   2.1746   2.2316 
2006 3 29   2.2071   2.2754   2.3303 
2006 4 5   2.2090   2.2860   2.3440 
2006 4 12   2.2465   2.3486   2.4287 
2006 4 19   2.1551   2.2894   2.3887 
2006 4 26   2.3481   2.4335   2.4832 
2006 5 3   2.2727   2.3890   2.4777 
2006 5 10   2.2401   2.3486   2.4337 
2006 5 17   2.2606   2.3746   2.4779 
2006 5 24   2.2478   2.3506   2.4384 
2006 5 31   2.2782   2.3773   2.4592 
2006 6 7   2.3382   2.4167   2.4925 
2006 6 14   2.3647   2.4282   2.4933 
2006 6 21   2.4801   2.5338   2.5876 
2006 6 28   2.5816   2.6200   2.6694 
2006 7 5   2.5119   2.5671   2.6342 
2006 7 12   2.4684   2.5092   2.5662 
2006 7 19   2.3986   2.4329   2.4909 
2006 7 26   2.3674   2.3960   2.4511 
2006 8 2   2.2669   2.3088   2.3791 
2006 8 9   2.1633   2.2162   2.2967 
2006 8 16   2.2109   2.2400   2.2998 
2006 8 23   2.2259   2.2343   2.2703 
2006 8 30   2.2609   2.2529   2.2857 
2006 9 6   2.3031   2.3065   2.3438 
2006 9 13   2.3459   2.3341   2.3544 
2006 9 20   2.4183   2.3856   2.3919 
2006 9 27   2.2668   2.2519   2.2805 
2006 10 4   2.2935   2.2667   2.2759 
2006 10 11   2.4935   2.4563   2.4581 
2006 10 18   2.5277   2.4764   2.4622 
2006 10 25   2.5123   2.4653   2.4274 
2006 11 1   2.3721   2.3169   2.2766 
2006 11 8   2.3620   2.3098   2.2658 
2006 11 15   2.4056   2.3452   2.2927 
2006 11 22   2.3656   2.3218   2.2919 
2006 11 29   2.2367   2.2293   2.2217 
2006 12 6   2.1489   2.1502   2.1442 
2006 12 13   2.2315   2.2354   2.2321 
2006 12 20   2.3164   2.3186   2.3199 
2006 12 27   2.4103   2.4015   2.4136 
2007 1 3   2.3564   2.3596   2.3680 
2007 1 10   2.4097   2.4095   2.4279 
2007 1 17   2.5038   2.4929   2.4976 
2007 1 24   2.4192   2.4131   2.4164 
2007 1 31   2.3690   2.3738   2.3937 
2007 2 7   2.3558   2.3675   2.3873 
2007 2 14   2.3615   2.3731   2.3921 
2007 2 21   2.2926   2.3178   2.3462 
2007 2 28   2.0963   2.1494   2.2041 
2007 3 7   2.0505   2.1188   2.1842 
2007 3 14   2.0127   2.0983   2.1899 
2007 3 21   1.9627   2.0528   2.1493 
2007 3 28   1.9777   2.0844   2.1948 
2007 4 4   2.0528   2.1501   2.2467 
2007 4 11   2.1276   2.2169   2.3014 
2007 4 18   2.1321   2.2067   2.2812 
2007 4 25   2.0422   2.1378   2.2436 
2007 5 2   2.0417   2.1310   2.2367 
2007 5 9   2.1483   2.2153   2.3101 
2007 5 16   2.2474   2.3085   2.3919 
2007 5 23   2.3897   2.4365   2.4997 
2007 5 30   2.4569   2.4752   2.5139 
2007 6 6   2.5453   2.5480   2.5718 
2007 6 13   2.7088   2.7126   2.7323 
2007 6 20   2.6676   2.6740   2.7021 
2007 6 27   2.6234   2.6367   2.6765 
2007 7 4   2.6194   2.6282   2.6720 
2007 7 11   2.6330   2.6509   2.6981 
2007 7 18   2.6105   2.6147   2.6517 
2007 7 25   2.5454   2.5350   2.5603 
2007 8 1   2.4540   2.4457   2.4752 
2007 8 8   2.5846   2.5704   2.5963 
2007 8 15   2.4064   2.4320   2.5161 
2007 8 22   2.3573   2.3670   2.4369 
2007 8 29   2.3403   2.3425   2.4090 
2007 9 5   2.2189   2.2516   2.3338 
2007 9 12   2.0830   2.1176   2.1989 
2007 9 19   2.1125   2.1548   2.2348 
2007 9 26   2.2055   2.2688   2.3594 
2007 10 3   2.1370   2.1946   2.2766 
2007 10 10   2.2254   2.2745   2.3482 
2007 10 17   2.0524   2.1437   2.2603 
2007 10 24   1.8410   1.9511   2.0832 
2007 10 31   1.9211   2.0347   2.1460 
2007 11 7   1.6127   1.7985   1.9820 
2007 11 14   1.5561   1.7456   1.9437 
2007 11 21   1.1974   1.4635   1.7508 
2007 11 28   1.3184   1.5385   1.7917 
2007 12 5   1.2244   1.4916   1.8074 
2007 12 12   1.3236   1.5914   1.9032 
2007 12 19   1.2860   1.5464   1.8578 
2007 12 26   1.4667   1.7278   2.0318 
2008 1 2   1.0466   1.3565   1.7036 
2008 1 9   0.9942   1.3065   1.6596 
2008 1 16   0.9356   1.2255   1.5725 
2008 1 23   0.6908   0.9784   1.3329 
2008 1 30   0.8400   1.1428   1.4971 
2008 2 6   0.7530   1.0756   1.4476 
2008 2 13   0.7304   1.1108   1.5369 
2008 2 20   0.8061   1.2164   1.6446 
2008 2 27   0.6194   1.0679   1.5483 
2008 3 5   0.2705   0.7571   1.2899 
2008 3 12   0.1507   0.6000   1.0961 
2008 3 19   0.3179   0.7024   1.1886 
2008 3 26   0.5200   0.9087   1.3781 
2008 4 2   0.5394   0.9185   1.3609 
2008 4 9   0.4733   0.8658   1.3010 
2008 4 16   0.6368   1.0367   1.4671 
2008 4 23   0.7296   1.1103   1.5135 
2008 4 30   0.8383   1.2059   1.6007 
2008 5 7   0.8320   1.2181   1.6265 
2008 5 14   0.8823   1.2296   1.6065 
2008 5 21   0.6469   1.0198   1.4117 
2008 5 28   0.9610   1.3138   1.6866 
2008 6 4   0.9639   1.3029   1.6881 
2008 6 11   1.0059   1.3467   1.7368 
2008 6 18   1.0703   1.4238   1.7950 
2008 6 25   1.0163   1.3772   1.7553 
2008 7 2   0.6997   1.0992   1.5214 
2008 7 9   0.6496   1.0558   1.4745 
2008 7 16   0.7092   1.1256   1.5589 
2008 7 23   1.2928   1.5769   1.8898 
2008 7 30   1.2104   1.4945   1.8139 
2008 8 6   1.3141   1.6049   1.9116 
2008 8 13   1.2659   1.5470   1.8562 
2008 8 20   1.1421   1.4160   1.7308 
2008 8 27   1.1532   1.3971   1.6918 
2008 9 3   1.3167   1.5257   1.8007 
2008 9 10   1.3990   1.5539   1.7732 
2008 9 17   1.4828   1.6501   1.8832 
2008 9 24   1.7878   1.9277   2.1310 
2008 10 1   1.9833   2.1789   2.3858 
2008 10 8   2.3381   2.5516   2.7252 
2008 10 15   2.8164   2.8922   2.9520 
2008 10 22   2.7283   2.6851   2.8154 
2008 10 29   3.6450   3.3965   3.2997 
2008 11 5   3.1661   3.1247   3.1326 
2008 11 12   3.2624   3.2633   3.2059 
2008 11 19   3.3828   3.4211   3.3417 
2008 11 26   3.7214   3.4935   3.2997 
2008 12 3   3.0309   2.8366   2.6987 
2008 12 10   3.2340   3.0333   2.8327 
2008 12 17   2.5270   2.3333   2.1934 
2008 12 24   2.6883   2.4757   2.3390 
2008 12 31   2.7563   2.5846   2.4877 
2009 1 7   2.6103   2.4827   2.4654 
2009 1 14   2.1071   2.0205   2.0362 
2009 1 21   2.2426   2.2336   2.3290 
2009 1 28   1.9849   2.0315   2.1370 
2009 2 4   1.8639   1.9857   2.1399 
2009 2 11   1.5663   1.7702   1.9778 
2009 2 18   1.7553   1.8361   1.9565 
2009 2 25   2.0346   2.1953   2.2995 
2009 3 4   2.0962   2.3026   2.4587 
2009 3 11   2.1054   2.2591   2.4097 
2009 3 18   1.3610   1.4974   1.7209 
2009 3 25   1.2528   1.4253   1.7137 
2009 4 1   1.1915   1.3813   1.6066 
2009 4 8   1.2853   1.5014   1.7647 
2009 4 15   1.1779   1.3866   1.6750 
2009 4 22   1.4899   1.6731   1.9167 
2009 4 29   1.3913   1.5845   1.8449 
2009 5 6   1.4371   1.6849   1.9828 
2009 5 13   1.3353   1.6047   1.9051 
2009 5 20   1.2084   1.4886   1.7844 
2009 5 27   1.3250   1.6923   2.0337 
2009 6 3   1.1557   1.5268   1.8848 
2009 6 10   1.2695   1.7170   2.1436 
2009 6 17   1.4284   1.8061   2.1707 
2009 6 24   1.5442   1.8604   2.1468 
2009 7 1   1.4321   1.7422   1.9850 
2009 7 8   1.3585   1.6466   1.9266 
2009 7 15   1.5099   1.7801   2.0351 
2009 7 22   1.3617   1.6460   1.9275 
2009 7 29   1.5808   1.8132   2.0285 
2009 8 5   1.5590   1.7903   2.0099 
2009 8 12   1.5897   1.7923   1.9777 
2009 8 19   1.4836   1.6633   1.8369 
2009 8 26   1.4741   1.6523   1.8331 
2009 9 2   1.4060   1.6017   1.8222 
2009 9 9   1.2459   1.5042   1.7962 
2009 9 16   1.1183   1.3975   1.7119 
2009 9 23   1.1985   1.4698   1.7452 
2009 9 30   1.1052   1.3715   1.6450 
2009 10 7   0.9962   1.2729   1.5639 
2009 10 14   1.0127   1.3134   1.6204 
2009 10 21   0.9717   1.2544   1.5475 
2009 10 28   0.9417   1.2701   1.5924 
2009 11 4   0.8690   1.2360   1.5885 
2009 11 11   0.6854   1.0612   1.4457 
2009 11 18   0.5636   0.9390   1.3239 
2009 11 25   0.4569   0.8464   1.2706 
2009 12 2   0.4304   0.8563   1.2989 
2009 12 9   0.5883   1.0139   1.4704 
2009 12 16   0.5953   1.0317   1.4767 
2009 12 23   0.6692   1.1226   1.5753 
2009 12 30   0.6743   1.1167   1.5640 
2010 1 6   0.6351   1.1119   1.5703 
2010 1 13   0.5950   1.0614   1.5183 
2010 1 20   0.5017   0.9697   1.4316 
2010 1 27   0.5652   1.0152   1.4599 
2010 2 3   0.4736   0.9498   1.4187 
2010 2 10   0.5499   1.0469   1.5355 
2010 2 17   0.5331   1.0581   1.5655 
2010 2 24   0.6025   1.1158   1.6175 
2010 3 3   0.5309   1.0599   1.5909 
2010 3 10   0.5683   1.0919   1.6185 
2010 3 17   0.4823   0.9956   1.5293 
2010 3 24   0.7274   1.2227   1.7245 
2010 3 31   0.6943   1.1774   1.6540 
2010 4 7   0.6594   1.1447   1.6210 
2010 4 14   0.6458   1.1273   1.5996 
2010 4 21   0.5331   1.0292   1.5178 
2010 4 28   0.5410   1.0318   1.5063 
2010 5 5   0.4475   0.9046   1.3503 
2010 5 12   0.4156   0.8826   1.3400 
2010 5 19   0.4998   0.9392   1.3714 
2010 5 26   0.5815   0.9638   1.3745 
2010 6 2   0.6082   1.0090   1.4253 
2010 6 9   0.5314   0.9305   1.3571 
2010 6 16   0.5440   0.9449   1.3717 
2010 6 23   0.4364   0.8362   1.2641 
2010 6 30   0.3860   0.7938   1.2389 
2010 7 7   0.5329   0.9356   1.3659 
2010 7 14   0.4846   0.8757   1.3027 
2010 7 21   0.4680   0.8573   1.2931 
2010 7 28   0.4474   0.8600   1.3142 
2010 8 4   0.2715   0.7123   1.2030 
2010 8 11   0.1554   0.5642   1.0287 
2010 8 18   0.3126   0.6772   1.0998 
2010 8 25   0.3146   0.6671   1.0687 
2010 9 1   0.3296   0.6727   1.0421 
2010 9 8   0.3481   0.6762   1.0311 
2010 9 15   0.2662   0.6193   1.0065 
2010 9 22   0.0742   0.4137   0.8103 
2010 9 29   0.0378   0.3822   0.8308 
2010 10 6  -0.2267   0.1458   0.6212 
2010 10 13  -0.3534   0.0415   0.5485 
2010 10 20  -0.3265   0.0650   0.5457 
2010 10 27  -0.2043   0.2074   0.6720 
2010 11 3  -0.3275   0.0759   0.5615 
2010 11 10  -0.3517   0.0756   0.6091 
2010 11 17  -0.0696   0.3474   0.8545 
2010 11 24  -0.0728   0.3350   0.8479 
2010 12 1   0.0037   0.3959   0.9014 
2010 12 8   0.2155   0.6432   1.1444 
2010 12 15   0.3432   0.7968   1.2688 
2010 12 22   0.1826   0.6488   1.1288 
2010 12 29   0.1942   0.6651   1.1495 
2011 1 5   0.1865   0.6832   1.1897 
2011 1 12  -0.0664   0.4981   1.0699 
2011 1 19  -0.0606   0.5059   1.0780 
2011 1 26  -0.0003   0.5745   1.1919 
2011 2 2  -0.0100   0.5672   1.2086 
2011 2 9   0.2491   0.8058   1.3947 
2011 2 16   0.2957   0.8462   1.4131 
2011 2 23  -0.0749   0.5365   1.1650 
2011 3 2  -0.1601   0.4541   1.0770 
2011 3 9  -0.2047   0.4149   1.0365 
2011 3 16  -0.3657   0.2603   0.9000 
2011 3 23  -0.1923   0.4355   1.0328 
2011 3 30  -0.0599   0.5233   1.0835 
2011 4 6  -0.0826   0.5088   1.0752 
2011 4 13  -0.2198   0.3832   0.9575 
2011 4 20  -0.2855   0.3251   0.9142 
2011 4 27  -0.3493   0.2962   0.9288 
2011 5 4  -0.4917   0.1474   0.7912 
2011 5 11  -0.4004   0.1966   0.8310 
2011 5 18  -0.3224   0.2719   0.8916 
2011 5 25  -0.3335   0.2471   0.8741 
2011 6 1  -0.4059   0.1665   0.7978 
2011 6 8  -0.4714   0.1347   0.8070 
2011 6 15  -0.4644   0.1325   0.8005 
2011 6 22  -0.3373   0.2397   0.8965 
2011 6 29  -0.3408   0.1869   0.8174 
2011 7 6  -0.4040   0.1649   0.8150 
2011 7 13  -0.5719   0.0044   0.6401 
2011 7 20  -0.5456   0.0307   0.6643 
2011 7 27  -0.5730  -0.0366   0.5817 
2011 8 3  -0.6972  -0.2214   0.2985 
2011 8 10  -1.0209  -0.6361  -0.1453 
2011 8 17  -0.7879  -0.4848  -0.0345 
2011 8 24  -0.5751  -0.2388   0.2053 
2011 8 31  -0.7076  -0.3388   0.1578 
2011 9 7  -0.7190  -0.3818   0.0671 
2011 9 14  -0.6257  -0.3127   0.1176 
2011 9 21  -0.7305  -0.4209  -0.0009 
2011 9 28  -0.5425  -0.2376   0.2059 
2011 10 5  -0.5174  -0.2431   0.1680 
2011 10 12  -0.4443  -0.1178   0.3242 
2011 10 19  -0.5519  -0.1690   0.2893 
2011 10 26  -0.6753  -0.2761   0.2001 
2011 11 2  -0.9148  -0.4883   0.0030 
2011 11 9  -0.9140  -0.5002  -0.0074 
2011 11 16  -0.7878  -0.3941   0.0969 
2011 11 23  -0.7842  -0.4440   0.0081 
2011 11 30  -0.8410  -0.4537   0.0558 
2011 12 7  -0.8644  -0.4942   0.0321 
2011 12 14  -0.7984  -0.4857  -0.0241 
2011 12 21  -0.8333  -0.5262  -0.0633 
2011 12 28  -0.7830  -0.5006  -0.0634 
2012 1 4  -0.8351  -0.5179  -0.0479 
2012 1 11  -0.8781  -0.5485  -0.0881 
2012 1 18  -0.9416  -0.5980  -0.1198 
2012 1 25  -1.0263  -0.6431  -0.1196 
2012 2 1  -1.2167  -0.8286  -0.2929 
2012 2 8  -1.1554  -0.7579  -0.2249 
2012 2 15  -1.1906  -0.7963  -0.2772 
2012 2 22  -1.2414  -0.8068  -0.2564 
2012 2 29  -1.2133  -0.7756  -0.2572 
2012 3 7  -1.2279  -0.7554  -0.1989 
2012 3 14  -1.1029  -0.6154  -0.0654 
2012 3 21  -1.0524  -0.5948  -0.0613 
2012 3 28  -1.0942  -0.6471  -0.1025 
2012 4 4  -1.0279  -0.5888  -0.0413 
2012 4 11  -1.1739  -0.7905  -0.2693 
2012 4 18  -1.1590  -0.7795  -0.2733 
2012 4 25  -1.1582  -0.7940  -0.2897 
2012 5 2  -1.2264  -0.8606  -0.3373 
2012 5 9  -1.1636  -0.8319  -0.3424 
2012 5 16  -1.1437  -0.8447  -0.3767 
2012 5 23  -1.0932  -0.8565  -0.4560 
2012 5 30  -1.0499  -0.8514  -0.4712 
2012 6 6  -0.9855  -0.8558  -0.5252 
2012 6 13  -1.0551  -0.8821  -0.4990 
2012 6 20  -1.1336  -0.9148  -0.5017 
2012 6 27  -0.9606  -0.8026  -0.4481 
2012 7 4  -1.0428  -0.8472  -0.4537 
2012 7 11  -1.1410  -0.9541  -0.5705 
2012 7 18  -1.1881  -0.9779  -0.5774 
2012 7 25  -1.1288  -0.9534  -0.5960 
2012 8 1  -1.2287  -1.0011  -0.5936 
2012 8 8  -1.2168  -0.9632  -0.5448 
2012 8 15  -1.0956  -0.8099  -0.3644 
2012 8 22  -1.1763  -0.9045  -0.4619 
2012 8 29  -1.2937  -1.0259  -0.5712 
2012 9 5  -1.3784  -1.0946  -0.6165 
2012 9 12  -1.3896  -1.0609  -0.5469 
2012 9 19  -1.5236  -1.2160  -0.7080 
2012 9 26  -1.5088  -1.2431  -0.7747 
2012 10 3  -1.5844  -1.3118  -0.8163 
2012 10 10  -1.5719  -1.2803  -0.7789 
2012 10 17  -1.4340  -1.1354  -0.6335 
2012 10 24  -1.3867  -1.1336  -0.6708 
2012 10 31  -1.4469  -1.2182  -0.7856 
2012 11 7  -1.4670  -1.2402  -0.7935 
2012 11 14  -1.4385  -1.2222  -0.7955 
2012 11 21  -1.3947  -1.1392  -0.6719 
2012 11 28  -1.4541  -1.2022  -0.7325 
2012 12 5  -1.5478  -1.3046  -0.8423 
2012 12 12  -1.5455  -1.2649  -0.7758 
2012 12 19  -1.4560  -1.1597  -0.6748 
2012 12 26  -1.4720  -1.1888  -0.7195 
2013 1 2  -1.4452  -1.1240  -0.6219 
2013 1 9  -1.5058  -1.1634  -0.6434 
2013 1 16  -1.5208  -1.1835  -0.6626 
2013 1 23  -1.5346  -1.1860  -0.6649 
2013 1 30  -1.5364  -1.1258  -0.5535 
2013 2 6  -1.6270  -1.2029  -0.6052 
2013 2 13  -1.5687  -1.1504  -0.5625 
2013 2 20  -1.5654  -1.1352  -0.5419 
2013 2 27  -1.6442  -1.2267  -0.6372 
2013 3 6  -1.6589  -1.2451  -0.6518 
2013 3 13  -1.6253  -1.1804  -0.5670 
2013 3 20  -1.6671  -1.2359  -0.6337 
2013 3 27  -1.6944  -1.2795  -0.6835 
2013 4 3  -1.6926  -1.2897  -0.7008 
2013 4 10  -1.5878  -1.2226  -0.6670 
2013 4 17  -1.5139  -1.2152  -0.7181 
2013 4 24  -1.4891  -1.2128  -0.7376 
2013 5 1  -1.4372  -1.1732  -0.7152 
2013 5 8  -1.3757  -1.0512  -0.5456 
2013 5 15  -1.2554  -0.9192  -0.4024 
2013 5 22  -1.1303  -0.7904  -0.2725 
2013 5 29  -0.9677  -0.6277  -0.1301 
2013 6 5  -0.9315  -0.5752  -0.0619 
2013 6 12  -0.6952  -0.3164   0.2115 
2013 6 19  -0.6306  -0.2261   0.3085 
2013 6 26  -0.2131   0.1829   0.6493 
2013 7 3  -0.4480  -0.0035   0.4896 
2013 7 10  -0.3752   0.1429   0.6674 
2013 7 17  -0.6414  -0.1446   0.4084 
2013 7 24  -0.5296  -0.0470   0.5019 
2013 7 31  -0.5606  -0.0820   0.4552 
2013 8 7  -0.6245  -0.1353   0.4003 
2013 8 14  -0.4622   0.0274   0.5504 
2013 8 21  -0.2190   0.2667   0.7595 
2013 8 28  -0.3020   0.1874   0.6712 
2013 9 4  -0.0778   0.4039   0.8699 
2013 9 11  -0.1255   0.3708   0.8480 
2013 9 18  -0.5125   0.0075   0.5737 
2013 9 25  -0.5183  -0.0379   0.4899 
2013 10 2  -0.5467  -0.0511   0.4841 
2013 10 9  -0.5047  -0.0110   0.5179 
2013 10 16  -0.5369  -0.0078   0.5582 
2013 10 23  -0.6218  -0.1326   0.4104 
2013 10 30  -0.6228  -0.1185   0.4340 
2013 11 6  -0.5787  -0.0413   0.5440 
2013 11 13  -0.5250   0.0408   0.6424 
2013 11 20  -0.5209   0.0661   0.6948 
2013 11 27  -0.5154   0.0507   0.6471 
2013 12 4  -0.3631   0.2218   0.8160 
2013 12 11  -0.3420   0.2290   0.8070 
2013 12 18  -0.3519   0.2356   0.8050 
2013 12 25  -0.2004   0.3624   0.8816 
2014 1 1  -0.2112   0.3565   0.8806 
2014 1 8  -0.2753   0.2883   0.8103 
2014 1 15  -0.3567   0.1867   0.7075 
2014 1 22  -0.3155   0.2131   0.7185 
2014 1 29  -0.4842   0.0507   0.5861 
2014 2 5  -0.5117   0.0396   0.5951 
2014 2 12  -0.4764   0.0827   0.6344 
2014 2 19  -0.4831   0.0791   0.6264 
2014 2 26  -0.5347   0.0159   0.5555 
2014 3 5  -0.5189   0.0226   0.5488 
2014 3 12  -0.4923   0.0606   0.5944 
2014 3 19  -0.3477   0.1636   0.6579 
2014 3 26  -0.2999   0.1727   0.6109 
2014 4 2  -0.1945   0.2932   0.7294 
2014 4 9  -0.3164   0.1757   0.6244 
2014 4 16  -0.3376   0.1120   0.5347 
2014 4 23  -0.3513   0.1038   0.5310 
2014 4 30  -0.3577   0.0926   0.5234 
2014 5 7  -0.3662   0.0632   0.4766 
2014 5 14  -0.4507  -0.0153   0.4059 
2014 5 21  -0.4962  -0.0449   0.4043 
2014 5 28  -0.5631  -0.1457   0.2791 
2014 6 4  -0.3658   0.0695   0.4964 
2014 6 11  -0.3548   0.0806   0.5047 
2014 6 18  -0.3884   0.0340   0.4531 
2014 6 25  -0.4915  -0.0691   0.3594 
2014 7 2  -0.4337   0.0101   0.4563 
2014 7 9  -0.4610  -0.0614   0.3385 
2014 7 16  -0.3707  -0.0063   0.3567 
2014 7 23  -0.3955  -0.0542   0.2918 
2014 7 30  -0.3209   0.0252   0.3532 
2014 8 6  -0.3665  -0.0293   0.3100 
2014 8 13  -0.4205  -0.0818   0.2646 
2014 8 20  -0.2905   0.0187   0.3331 
2014 8 27  -0.2800   0.0107   0.2952 
2014 9 3  -0.2306   0.0570   0.3392 
2014 9 10  -0.0428   0.2494   0.5292 
2014 9 17   0.0445   0.3428   0.6275 
2014 9 24   0.0738   0.3594   0.6277 
2014 10 1  -0.0091   0.2785   0.5546 
2014 10 8  -0.0767   0.2136   0.4919 
2014 10 15  -0.1751   0.0776   0.3372 
2014 10 22  -0.1198   0.1578   0.4314 
2014 10 29   0.0179   0.2774   0.5206 
2014 11 5  -0.0040   0.2716   0.5287 
2014 11 12  -0.0271   0.2578   0.5265 
2014 11 19   0.0627   0.3357   0.5922 
2014 11 26  -0.0260   0.2319   0.4844 
2014 12 3   0.0970   0.3393   0.5760 
2014 12 10   0.1548   0.3473   0.5271 
2014 12 17   0.2882   0.4158   0.5266 
2014 12 24   0.3908   0.5239   0.6391 
2014 12 31   0.3170   0.4597   0.5876 
2015 1 7   0.2204   0.3397   0.4524 
2015 1 14   0.0236   0.1944   0.3713 
2015 1 21  -0.0165   0.1559   0.3471 
2015 1 28  -0.2042  -0.0257   0.1773 
2015 2 4  -0.2872  -0.0500   0.1786 
2015 2 11  -0.0776   0.1379   0.3663 
2015 2 18  -0.0947   0.1571   0.4294 
2015 2 25  -0.1833   0.0530   0.3017 
