1988	1	6	0	0	0	0	0	0	0	0
1988	1	13	0	0	0	0	0	0	0	0
1988	1	20	0	0	0	0	0	0	0	0
1988	1	27	0	0	0	0	0	0	0	0
1988	2	3	0	0	0	0	0	0	0	0
1988	2	10	0	0	0	0	0	0	0	0
1988	2	17	0	0	0	0	0	0	0	0
1988	2	24	0	0	0	0	0	0	0	0
1988	3	2	0	0	0	0	0	0	0	0
1988	3	9	0	0	0	0	0	0	0	0
1988	3	16	0	0	0	0	0	0	0	0
1988	3	23	0	0	0	0	0	0	0	0
1988	3	30	0	0	0	0	0	0	0	0
1988	4	6	0	0	0	0	0	0	0	0
1988	4	13	0	0	0	0	0	0	0	0
1988	4	20	0	0	0	0	0	0	0	0
1988	4	27	0	0	0	0	0	0	0	0
1988	5	4	0	0	0	0	0	0	0	0
1988	5	11	0	0	0	0	0	0	0	0
1988	5	18	0	0	0	0	0	0	0	0
1988	5	25	0	0	0	0	0	0	0	0
1988	6	1	0	0	0	0	0	0	0	0
1988	6	8	0	0	0	0	0	0	0	0
1988	6	15	0	0	0	0	0	0	0	0
1988	6	22	0	0	0	0	0	0	0	0
1988	6	29	0	0	0	0	0	0	0	0
1988	7	6	0	0	0	0	0	0	0	0
1988	7	13	0	0	0	0	0	0	0	0
1988	7	20	0	0	0	0	0	0	0	0
1988	7	27	0	0	0	0	0	0	0	0
1988	8	3	0	0	0	0	0	0	0	0
1988	8	10	0	0	0	0	0	0	0	0
1988	8	17	0	0	0	0	0	0	0	0
1988	8	24	0	0	0	0	0	0	0	0
1988	8	31	0	0	0	0	0	0	0	0
1988	9	7	0	0	0	0	0	0	0	0
1988	9	14	0	0	0	0	0	0	0	0
1988	9	21	0	0	0	0	0	0	0	0
1988	9	28	0	0	0	0	0	0	0	0
1988	10	5	0	0	0	0	0	0	0	0
1988	10	12	0	0	0	0	0	0	0	0
1988	10	19	0	0	0	0	0	0	0	0
1988	10	26	0	0	0	0	0	0	0	0
1988	11	2	0	0	0	0	0	0	0	0
1988	11	9	0	0	0	0	0	0	0	0
1988	11	16	0	0	0	0	0	0	0	0
1988	11	23	0	0	0	0	0	0	0	0
1988	11	30	0	0	0	0	0	0	0	0
1988	12	7	0	0	0	0	0	0	0	0
1988	12	14	0	0	0	0	0	0	0	0
1988	12	21	0	0	0	0	0	0	0	0
1988	12	28	0	0	0	0	0	0	0	0
1989	1	4	0	0	0	0	0	0	0	0
1989	1	11	0	0	0	0	0	0	0	0
1989	1	18	0	0	0	0	0	0	0	0
1989	1	25	0	0	0	0	0	0	0	0
1989	2	1	0	0	0	0	0	0	0	0
1989	2	8	0	0	0	0	0	0	0	0
1989	2	15	0	0	0	0	0	0	0	0
1989	2	22	0	0	0	0	0	0	0	0
1989	3	1	0	0	0	0	0	0	0	0
1989	3	8	0	0	0	0	0	0	0	0
1989	3	15	0	0	0	0	0	0	0	0
1989	3	22	0	0	0	0	0	0	0	0
1989	3	29	0	0	0	0	0	0	0	0
1989	4	5	0	0	0	0	0	0	0	0
1989	4	12	0	0	0	0	0	0	0	0
1989	4	19	0	0	0	0	0	0	0	0
1989	4	26	0	0	0	0	0	0	0	0
1989	5	3	0	0	0	0	0	0	0	0
1989	5	10	0	0	0	0	0	0	0	0
1989	5	17	0	0	0	0	0	0	0	0
1989	5	24	0	0	0	0	0	0	0	0
1989	5	31	0	0	0	0	0	0	0	0
1989	6	7	0	0	0	0	0	0	0	0
1989	6	14	0	0	0	0	0	0	0	0
1989	6	21	0	0	0	0	0	0	0	0
1989	6	28	0	0	0	0	0	0	0	0
1989	7	5	0	0	0	0	0	0	0	0
1989	7	12	0	0	0	0	0	0	0	0
1989	7	19	0	0	0	0	0	0	0	0
1989	7	26	0	0	0	0	0	0	0	0
1989	8	2	0	0	0	0	0	0	0	0
1989	8	9	0	0	0	0	0	0	0	0
1989	8	16	0	0	0	0	0	0	0	0
1989	8	23	0	0	0	0	0	0	0	0
1989	8	30	0	0	0	0	0	0	0	0
1989	9	6	0	0	0	0	0	0	0	0
1989	9	13	0	0	0	0	0	0	0	0
1989	9	20	0	0	0	0	0	0	0	0
1989	9	27	0	0	0	0	0	0	0	0
1989	10	4	0	0	0	0	0	0	0	0
1989	10	11	0	0	0	0	0	0	0	0
1989	10	18	0	0	0	0	0	0	0	0
1989	10	25	0	0	0	0	0	0	0	0
1989	11	1	0	0	0	0	0	0	0	0
1989	11	8	0	0	0	0	0	0	0	0
1989	11	15	0	0	0	0	0	0	0	0
1989	11	22	0	0	0	0	0	0	0	0
1989	11	29	0	0	0	0	0	0	0	0
1989	12	6	0	0	0	0	0	0	0	0
1989	12	13	0	0	0	0	0	0	0	0
1989	12	20	0	0	0	0	0	0	0	0
1989	12	27	0	0	0	0	0	0	0	0
1990	1	3	23.68	22.97	22.05	20.23	19	47	107	379
1990	1	10	22.9	21.99	21.04	19.38	12	40	100	372
1990	1	17	22.1	21.26	20.3	18.67	5	33	93	365
1990	1	24	21.59	20.92	20.18	18.84	26	56	118	386
1990	1	31	22.68	21.93	21.16	19.79	20	50	112	380
1990	2	7	22.32	21.68	21.08	19.78	13	43	105	373
1990	2	14	22.07	21.95	21.61	20.69	6	36	98	366
1990	2	21	21.74	21.6	21.13	20.45	29	59	119	389
1990	2	28	21.54	21.56	21.38	20.91	20	50	110	380
1990	3	7	20.93	21.17	21.25	20.77	13	43	103	373
1990	3	14	20.05	20.32	20.46	20.3	6	36	96	366
1990	3	21	19.96	20.2	20.43	20.38	29	61	119	391
1990	3	28	20.08	20.37	20.52	20.33	22	54	112	384
1990	4	4	19.78	20.18	20.66	20.52	16	48	106	378
1990	4	11	18.06	18.72	19.43	19.81	9	41	99	371
1990	4	18	16.96	18.09	19.12	19.63	2	34	92	364
1990	4	25	18.66	19.17	19.71	19.84	27	55	116	386
1990	5	2	18.68	19.31	20.01	20.17	20	48	109	379
1990	5	9	18.99	19.44	19.84	19.7	13	41	102	372
1990	5	16	19.03	19.52	20.01	20.06	6	34	95	365
1990	5	23	18.14	18.77	19.57	19.78	27	57	117	387
1990	5	30	18.08	18.64	19.62	20.21	20	50	110	380
1990	6	6	16.92	17.57	18.39	19.74	14	44	104	374
1990	6	13	17.58	18.19	18.93	19.62	7	37	97	367
1990	6	20	15.3	16.75	18.02	19.43	0	30	90	360
1990	6	27	16.68	17.41	18.37	19.52	23	54	115	385
1990	7	4	16.8	17.44	18.23	19.05	17	48	109	379
1990	7	11	17.47	18.18	18.96	19.88	9	40	101	371
1990	7	18	18.55	19.61	20.57	20.96	2	33	94	364
1990	7	25	20.38	20.89	21.23	21.33	26	55	114	385
1990	8	1	21.54	22.1	22.48	22.1	20	49	108	379
1990	8	8	25.96	25.56	24.95	23.49	13	42	101	372
1990	8	15	26.46	26.36	25.42	23.71	6	35	94	365
1990	8	22	31.22	29.14	28.07	25.73	28	60	116	388
1990	8	29	25.92	25.82	25.14	23.16	21	53	109	381
1990	9	5	29.77	29.32	28.05	24.66	15	47	103	375
1990	9	12	30.97	30.21	28.47	24.99	8	40	96	368
1990	9	19	33.18	32.97	30.68	25.77	1	33	89	361
1990	9	26	38.67	37.13	34.14	26.95	26	53	116	386
1990	10	3	37.32	36.17	33.64	27.08	19	46	109	379
1990	10	10	38.69	37.3	34.46	26.35	12	39	102	372
1990	10	17	36.72	35.95	33.12	25.74	5	32	95	365
1990	10	24	31.08	30.19	28.14	23.91	25	54	116	386
1990	10	31	35.23	33.97	31.16	25.51	19	48	110	380
1990	11	7	35.31	33.09	30.41	24.83	12	41	103	373
1990	11	14	31.16	30.74	28.72	24.05	5	34	96	366
1990	11	21	29.63	28.77	27.11	23.56	27	61	119	388
1990	11	28	33.28	32.35	29.88	25.11	20	54	112	381
1990	12	5	27.29	26.89	25.39	22.41	13	47	105	374
1990	12	12	25.35	24.66	23.35	21.13	6	40	98	367
1990	12	19	27.86	26.93	25.18	22.21	33	61	123	392
1990	12	26	27.22	26.27	24.35	21.93	26	54	116	385
1991	1	2	26.49	25.9	24.3	21.56	20	48	110	379
1991	1	9	27.26	26.61	24.97	22.33	13	41	103	372
1991	1	16	32	30.29	26.35	21.49	6	34	96	365
1991	1	23	22.04	21.02	19.75	19	27	57	118	387
1991	1	30	20.97	20.16	19	18.37	20	50	111	380
1991	2	6	21.49	20.37	19.12	18.58	14	44	105	374
1991	2	13	22.56	20.77	19.05	18.2	7	37	98	367
1991	2	20	20.48	19.55	18.07	18.25	0	30	91	360
1991	2	27	18.86	18.5	18.05	18.32	23	55	113	383
1991	3	6	19.73	19.51	19.02	18.97	14	46	104	374
1991	3	13	20.45	20.02	19.35	19.17	7	39	97	367
1991	3	20	20.38	20.05	19.22	18.9	0	32	90	360
1991	3	27	19.41	19.18	18.92	18.94	25	54	115	384
1991	4	3	19.47	19.39	19.25	19.27	19	48	109	378
1991	4	10	21.05	20.73	20.19	19.67	12	41	102	371
1991	4	17	21.71	21.3	20.65	19.91	5	34	95	364
1991	4	24	20.94	20.75	20.4	19.75	27	56	116	385
1991	5	1	21.25	21	20.65	20.08	20	49	109	378
1991	5	8	21.78	21.66	21.31	20.72	13	42	102	371
1991	5	15	20.92	21	21.14	21	6	35	95	364
1991	5	22	20.83	20.91	21.14	21.09	28	60	118	390
1991	5	29	21.11	21.15	21.25	21.04	21	53	111	383
1991	6	5	20.47	20.58	20.78	20.59	15	47	105	377
1991	6	12	20.05	20.18	20.54	20.33	8	40	98	370
1991	6	19	19.99	19.88	20.01	19.78	1	33	91	363
1991	6	26	20.08	20.08	20.2	19.79	26	54	116	385
1991	7	3	20.67	20.58	20.47	19.86	19	47	109	378
1991	7	10	21.43	21.34	21.14	20.37	12	40	102	371
1991	7	17	22.14	22.01	21.59	20.59	5	33	95	364
1991	7	24	21.52	21.43	21.26	20.62	26	56	116	386
1991	7	31	21.68	21.64	21.43	20.78	20	50	110	380
1991	8	7	21.36	21.3	21.13	20.47	13	43	103	373
1991	8	14	21.27	21.28	21.25	20.6	6	36	96	366
1991	8	21	21.55	21.48	21.24	20.39	29	61	118	391
1991	8	28	21.74	21.66	21.47	20.7	22	54	111	384
1991	9	4	21.81	21.72	21.51	20.74	16	48	105	378
1991	9	11	21.64	21.59	21.4	20.75	9	41	98	371
1991	9	18	21.84	21.76	21.49	20.61	2	34	91	364
1991	9	25	22.21	22.1	21.74	20.97	27	55	116	385
1991	10	2	22.33	22.24	21.9	20.92	20	48	109	378
1991	10	9	23.16	22.98	22.5	21.1	13	41	102	371
1991	10	16	23.67	23.43	22.88	21.37	6	34	95	364
1991	10	23	23.26	23.05	22.54	21.2	27	56	117	387
1991	10	30	23.11	22.92	22.43	21.18	20	49	110	380
1991	11	6	23.4	23.27	22.79	21.42	14	43	104	374
1991	11	13	22.35	22.22	21.71	20.58	7	36	97	367
1991	11	20	22.22	21.99	21.65	20.74	0	29	90	360
1991	11	27	21.35	21.21	20.91	20.45	22	54	113	381
1991	12	4	20.76	20.68	20.43	20.09	15	47	106	374
1991	12	11	19.51	19.58	19.59	19.67	8	40	99	367
1991	12	18	19.39	19.33	19.31	19.42	1	33	92	360
1991	12	25	18.97	18.99	19.16	19.49	27	56	117	386
1992	1	1	19.12	19.12	19.23	19.61	21	50	111	380
1992	1	8	17.87	17.89	18.1	18.59	13	42	103	372
1992	1	15	18.85	19	19.12	19.46	6	35	96	365
1992	1	22	18.94	19.09	19.15	19.36	28	58	117	390
1992	1	29	18.89	19.02	19.13	19.2	21	51	110	383
1992	2	5	19.5	19.68	19.71	19.6	15	45	104	377
1992	2	12	19.27	19.43	19.48	19.31	8	38	97	370
1992	2	19	18.41	18.71	19.01	19.08	1	31	90	363
1992	2	26	18.46	18.62	18.91	19.13	24	55	116	386
1992	3	4	18.63	18.79	18.96	18.98	16	47	108	378
1992	3	11	18.5	18.7	18.95	18.99	9	40	101	371
1992	3	18	19.07	19.21	19.28	18.99	2	33	94	364
1992	3	25	19.19	19.33	19.41	19.22	26	54	116	385
1992	4	1	19.84	19.91	19.84	19.42	20	48	110	379
1992	4	8	20.62	20.62	20.5	19.95	13	41	103	372
1992	4	15	19.87	19.98	20.03	19.7	6	34	96	365
1992	4	22	20.11	20.16	20.13	19.76	27	60	118	388
1992	4	29	20.77	20.82	20.76	20.23	20	53	111	381
1992	5	6	20.77	20.85	20.82	20.3	13	46	104	374
1992	5	13	20.76	20.9	20.89	20.31	6	39	97	367
1992	5	20	20.4	20.46	20.47	20.21	32	61	122	392
1992	5	27	21.92	21.94	21.87	21.14	25	54	115	385
1992	6	3	22.43	22.37	22.18	21.16	19	48	109	379
1992	6	10	22.51	22.48	22.28	21.21	12	41	102	372
1992	6	17	22.29	22.34	22.18	21.15	5	34	95	365
1992	6	24	22.89	22.77	22.53	21.28	27	56	116	386
1992	7	1	21.86	21.76	21.64	20.69	20	49	109	379
1992	7	8	21.41	21.38	21.33	20.59	13	42	102	372
1992	7	15	21.71	21.6	21.48	20.63	6	35	95	365
1992	7	22	21.84	21.72	21.5	20.46	28	60	118	388
1992	7	29	22	21.88	21.68	20.55	21	53	111	381
1992	8	5	21.18	21.09	20.99	20.1	15	47	105	375
1992	8	12	21.08	21.02	20.9	20.1	8	40	98	368
1992	8	19	21.37	21.18	21.01	20.21	1	33	91	361
1992	8	26	21.21	21.11	20.95	20.17	26	54	112	385
1992	9	2	21.69	21.53	21.33	20.5	20	48	106	379
1992	9	9	21.99	21.83	21.58	20.65	13	41	99	372
1992	9	16	22.39	22.16	21.89	20.87	6	34	92	365
1992	9	23	22	21.93	21.69	20.83	27	57	117	387
1992	9	30	21.71	21.63	21.46	20.68	20	50	110	380
1992	10	7	21.89	21.82	21.62	20.84	13	43	103	373
1992	10	14	22.08	22.01	21.79	20.87	6	36	96	366
1992	10	21	21.61	21.54	21.33	20.67	29	57	121	388
1992	10	28	21.12	21.1	20.94	20.48	22	50	114	381
1992	11	4	20.33	20.4	20.39	20.26	16	44	108	375
1992	11	11	20.47	20.55	20.55	20.35	9	37	101	368
1992	11	18	20.19	20.18	20.2	20.13	2	30	94	361
1992	11	25	20.27	20.27	20.22	20.01	23	55	117	385
1992	12	2	19.45	19.47	19.54	19.58	16	48	110	378
1992	12	9	18.84	18.95	19.14	19.3	9	41	103	371
1992	12	16	19.41	19.57	19.68	19.7	2	34	96	364
1992	12	23	19.95	20.01	20.07	19.99	27	59	117	387
1992	12	30	19.59	19.71	19.84	19.86	20	52	110	380
1993	1	6	19.04	19.18	19.42	19.58	14	46	104	374
1993	1	13	18.5	18.69	19.03	19.39	7	39	97	367
1993	1	20	18.33	18.5	18.84	19.23	0	32	90	360
1993	1	27	19.66	19.72	19.89	20.04	25	55	113	385
1993	2	3	19.93	19.95	20.02	20.1	19	49	107	379
1993	2	10	20.18	20.17	20.19	20.19	12	42	100	372
1993	2	17	19.33	19.36	19.49	19.63	5	35	93	365
1993	2	24	20.53	20.55	20.6	20.58	28	56	118	388
1993	3	3	20.48	20.56	20.65	20.62	19	47	109	379
1993	3	10	20.39	20.46	20.53	20.43	12	40	102	372
1993	3	17	20.17	20.3	20.4	20.26	5	33	95	365
1993	3	24	20.24	20.31	20.38	20.23	26	56	116	386
1993	3	31	20.44	20.64	20.74	20.59	20	50	110	380
1993	4	7	20.37	20.54	20.67	20.58	13	43	103	373
1993	4	14	20.4	20.6	20.75	20.7	6	36	96	366
1993	4	21	20.37	20.53	20.69	20.71	29	61	119	389
1993	4	28	20.19	20.39	20.63	20.62	22	54	112	382
1993	5	5	20.46	20.65	20.82	20.7	15	47	105	375
1993	5	12	20.2	20.41	20.59	20.5	8	40	98	368
1993	5	19	19.15	19.61	19.99	20.09	1	33	91	361
1993	5	26	19.89	20.09	20.26	20.26	26	54	115	385
1993	6	2	20.03	20.19	20.34	20.33	20	48	109	379
1993	6	9	19.64	19.93	20.16	20.32	13	41	102	372
1993	6	16	18.84	19.17	19.6	20.05	6	34	95	365
1993	6	23	18.42	18.86	19.38	19.91	27	57	117	387
1993	6	30	18.85	19.11	19.46	19.94	20	50	110	380
1993	7	7	18.02	18.31	18.75	19.55	13	43	103	373
1993	7	14	17.49	17.69	18.13	19.17	6	36	96	366
1993	7	21	17.93	18.2	18.54	19.19	29	60	118	391
1993	7	28	18.23	18.44	18.69	19.18	22	53	111	384
1993	8	4	17.8	18.11	18.49	19.11	16	47	105	378
1993	8	11	17.88	18.25	18.66	19.38	9	40	98	371
1993	8	18	17.66	18.13	18.64	19.44	2	33	91	364
1993	8	25	18.32	18.61	18.93	19.51	26	55	115	385
1993	9	1	17.97	18.27	18.6	19.23	20	49	109	379
1993	9	8	17.03	17.4	17.92	18.92	13	42	102	372
1993	9	15	16.86	17.24	17.84	19.12	6	35	95	365
1993	9	22	17.59	17.85	18.24	19.12	28	57	118	388
1993	9	29	18.67	18.8	18.96	19.47	21	50	111	381
1993	10	6	18.42	18.62	18.87	19.41	14	43	104	374
1993	10	13	18.64	18.8	18.96	19.37	7	36	97	367
1993	10	20	18.24	18.42	18.68	19.44	0	29	90	360
1993	10	27	17.65	17.84	18.13	18.95	22	53	115	381
1993	11	3	17.49	17.7	18.01	18.97	16	47	109	375
1993	11	10	16.55	16.84	17.26	18.35	9	40	102	368
1993	11	17	17.04	17.42	17.85	18.84	2	33	95	361
1993	11	24	16.38	16.65	17.06	18.24	26	56	118	386
1993	12	1	15.48	15.72	16.18	17.5	19	49	111	379
1993	12	8	14.59	14.9	15.5	17.31	12	42	104	372
1993	12	15	14.41	14.8	15.43	17.14	5	35	97	365
1993	12	22	14.77	15.04	15.59	17.28	28	60	118	388
1993	12	29	14.44	14.74	15.32	17.04	21	53	111	381
1994	1	5	15.34	15.6	16.02	17.42	15	47	105	375
1994	1	12	14.33	14.61	15.05	16.54	8	40	98	368
1994	1	19	15.22	15.21	15.43	16.61	1	33	91	361
1994	1	26	15.47	15.44	15.59	16.71	26	56	114	385
1994	2	2	16.04	15.97	16.09	17.16	20	50	108	379
1994	2	9	14.6	14.77	15.2	16.7	13	43	101	372
1994	2	16	13.93	14.13	14.61	16.3	6	36	94	365
1994	2	23	14.24	14.41	14.81	16.46	29	57	118	388
1994	3	2	14.76	14.88	15.21	16.68	20	48	109	379
1994	3	9	14.18	14.27	14.57	16.01	13	41	102	372
1994	3	16	15.06	15.05	15.23	16.35	6	34	95	365
1994	3	23	15.2	14.9	15.06	16.09	27	57	117	387
1994	3	30	14.38	14.48	14.77	16.02	20	50	110	380
1994	4	6	15.77	15.78	15.92	16.73	14	44	104	374
1994	4	13	15.97	15.85	15.91	16.63	7	37	97	367
1994	4	20	16.82	16.32	16.16	16.55	0	30	90	360
1994	4	27	16.91	16.69	16.56	16.83	24	55	116	386
1994	5	4	16.86	16.65	16.56	16.78	16	47	108	378
1994	5	11	17.85	17.38	17.07	17.07	9	40	101	371
1994	5	18	17.99	17.65	17.33	17.34	2	33	94	364
1994	5	25	17.7	17.5	17.28	17.3	26	55	115	385
1994	6	1	18.21	17.84	17.58	17.55	20	49	109	379
1994	6	8	18.34	17.82	17.44	17.48	13	42	102	372
1994	6	15	19.86	19.05	18.48	18.19	6	35	95	365
1994	6	22	20.04	19.37	18.58	17.99	28	60	118	388
1994	6	29	18.83	18.38	18	17.75	21	53	111	381
1994	7	6	19.24	18.65	18.19	17.83	14	46	104	374
1994	7	13	20.15	19.54	18.88	18.47	7	39	97	367
1994	7	20	19.2	19.21	18.74	18.46	0	32	90	360
1994	7	27	19.46	19.15	18.84	18.67	25	53	111	385
1994	8	3	20.1	19.69	19.18	18.63	19	47	105	379
1994	8	10	18.96	18.85	18.6	18.34	12	40	98	372
1994	8	17	18.11	18.18	18.12	18.09	5	33	91	365
1994	8	24	17.49	17.55	17.65	17.83	26	56	116	386
1994	8	31	17.56	17.57	17.59	17.73	20	50	110	380
1994	9	7	17.81	17.9	18.01	18.19	13	43	103	373
1994	9	14	16.71	16.9	17.27	17.74	6	36	96	366
1994	9	21	17.22	17.38	17.57	17.92	29	57	119	389
1994	9	28	17.68	17.8	17.94	18.15	22	50	112	382
1994	10	5	18.01	18.14	18.28	18.42	15	43	105	375
1994	10	12	17.19	17.28	17.38	17.63	8	36	98	368
1994	10	19	17.42	17.51	17.51	17.65	1	29	91	361
1994	10	26	17.95	17.92	17.81	17.8	22	54	115	381
1994	11	2	18.93	18.64	18.3	18.1	16	48	109	375
1994	11	9	18.16	18.08	17.9	17.97	9	41	102	368
1994	11	16	17.37	17.38	17.39	17.59	2	34	95	361
1994	11	23	18.15	18.15	18.11	18.19	27	57	118	386
1994	11	30	18.05	18	17.96	17.98	20	50	111	379
1994	12	7	16.87	16.91	17.05	17.53	13	43	104	372
1994	12	14	16.99	17.06	17.22	17.71	6	36	97	365
1994	12	21	17.02	17.09	17.24	17.69	29	60	119	391
1994	12	28	17.79	17.77	17.82	18.07	22	53	112	384
1995	1	4	17.48	17.49	17.58	17.88	16	47	106	378
1995	1	11	17.72	17.62	17.57	17.7	9	40	99	371
1995	1	18	18.73	18.51	18.2	17.92	2	33	92	364
1995	1	25	18.39	18.18	17.92	17.61	26	56	117	381
1995	2	1	18.52	18.28	18.02	17.7	20	50	111	375
1995	2	8	18.3	18.08	17.82	17.49	13	43	104	368
1995	2	15	18.42	18.34	18.07	17.75	6	36	97	361
1995	2	22	18.63	18.46	18.17	17.8	29	58	118	388
1995	3	1	18.32	18.18	17.94	17.58	20	49	109	379
1995	3	8	18.33	18.23	18.03	17.77	13	42	102	372
1995	3	15	18.11	18.1	18.02	17.82	6	35	95	365
1995	3	22	18.96	18.8	18.51	18	28	60	118	390
1995	3	29	19.22	18.98	18.58	17.89	21	53	111	383
1995	4	5	19.56	19.35	18.89	18.16	15	47	105	377
1995	4	12	19.55	19.43	18.98	18.13	8	40	98	370
1995	4	19	20.41	20.03	19.44	18.29	1	33	91	363
1995	4	26	20.15	19.82	19.18	18.26	26	54	116	385
1995	5	3	19.89	19.7	19.09	18.14	19	47	109	378
1995	5	10	19.75	19.54	19.04	18.16	12	40	102	371
1995	5	17	19.96	19.81	19.38	18.45	5	33	95	364
1995	5	24	19.41	19.23	18.93	18.24	26	56	116	386
1995	5	31	18.89	18.79	18.63	18.18	20	50	110	380
1995	6	7	19.13	18.96	18.61	18.1	13	43	103	373
1995	6	14	19.05	18.89	18.54	18.12	6	36	96	366
1995	6	21	17.46	17.36	17.28	17.45	29	61	119	391
1995	6	28	17.97	17.76	17.51	17.51	22	54	112	384
1995	7	5	17.18	17.04	16.95	17.17	15	47	105	377
1995	7	12	17.49	17.21	17.03	17.15	8	40	98	370
1995	7	19	17.33	17.06	16.98	17.25	1	33	91	363
1995	7	26	17.5	17.31	17.26	17.46	26	54	111	384
1995	8	2	17.78	17.52	17.32	17.37	20	48	105	378
1995	8	9	17.78	17.57	17.4	17.43	13	41	98	371
1995	8	16	17.55	17.28	17.08	17.17	6	34	91	364
1995	8	23	18	17.71	17.42	17.19	27	57	116	387
1995	8	30	17.79	17.48	17.24	17.17	20	50	109	380
1995	9	6	18.36	18.02	17.74	17.45	14	44	103	374
1995	9	13	18.54	18.16	17.81	17.44	7	37	96	367
1995	9	20	18.69	18.07	17.55	17.11	0	30	89	360
1995	9	27	17.57	17.35	17.15	16.96	23	50	115	385
1995	10	4	17.3	17.06	16.91	16.84	16	43	108	378
1995	10	11	17.29	17.06	16.91	16.79	9	36	101	371
1995	10	18	17.61	17.31	17.1	16.91	2	29	94	364
1995	10	25	17.32	17.11	16.96	16.82	22	54	111	385
1995	11	1	17.74	17.47	17.24	16.98	16	48	105	379
1995	11	8	17.82	17.53	17.25	16.88	9	41	98	372
1995	11	15	17.93	17.63	17.28	16.81	2	34	91	365
1995	11	22	17.96	17.73	17.43	16.94	27	60	118	387
1995	11	29	18.26	17.98	17.64	17.03	20	53	111	380
1995	12	6	18.77	18.37	17.96	17.24	13	46	104	373
1995	12	13	19	18.68	18.18	17.36	6	39	97	366
1995	12	20	18.97	18.61	18.11	17.36	32	56	122	391
1995	12	27	19.5	19.04	18.36	17.49	25	49	115	384
1996	1	3	19.89	19.34	18.58	17.63	19	43	109	378
1996	1	10	19.67	19.18	18.47	17.54	12	36	102	371
1996	1	17	18.52	18.05	17.6	17.03	5	29	95	364
1996	1	24	18.28	17.88	17.52	17.02	22	56	117	386
1996	1	31	17.74	17.37	17.09	16.89	16	50	111	380
1996	2	7	17.74	17.31	17.02	16.86	9	43	104	373
1996	2	14	18.96	18.35	17.73	17.22	2	36	97	366
1996	2	21	19.71	19.05	18.29	17.47	29	61	119	389
1996	2	28	19.29	18.54	17.77	16.91	22	54	112	382
1996	3	6	20.19	19.07	18.04	17.08	14	46	104	374
1996	3	13	20.58	19.62	18.51	17.36	7	39	97	367
1996	3	20	23.06	20.85	18.78	17.3	0	32	90	360
1996	3	27	21.79	20.28	18.82	17.7	25	54	115	385
1996	4	3	22.27	20.6	19.08	17.9	19	48	109	379
1996	4	10	24.21	22.1	19.69	18.22	12	41	102	372
1996	4	17	24.67	21.34	18.94	17.5	5	34	95	365
1996	4	24	22.4	20.81	19.17	17.93	27	56	116	386
1996	5	1	20.81	19.9	18.79	17.87	20	49	109	379
1996	5	8	21	20.08	18.98	18	13	42	102	372
1996	5	15	21.48	20.41	19.1	17.77	6	35	95	365
1996	5	22	21.4	20.42	19.29	17.91	28	60	118	388
1996	5	29	20.76	19.93	18.86	17.65	21	53	111	381
1996	6	5	19.72	19.03	18.29	17.39	15	47	105	375
1996	6	12	20.09	19.29	18.47	17.67	8	40	98	368
1996	6	19	20.76	19.85	18.79	17.69	1	33	91	361
1996	6	26	20.65	19.84	19.03	18.03	26	54	116	386
1996	7	3	21.21	20.38	19.2	17.79	19	47	109	379
1996	7	10	21.55	20.85	19.75	18.23	12	40	102	372
1996	7	17	21.8	21.2	20.06	18.21	5	33	95	365
1996	7	24	20.68	20.17	19.37	17.85	26	56	116	386
1996	7	31	20.42	19.91	19.22	17.88	20	50	110	380
1996	8	7	21.42	20.87	19.99	18.41	13	43	103	373
1996	8	14	22.12	21.58	20.53	18.44	6	36	96	366
1996	8	21	21.72	21.21	20.3	18.2	29	61	118	391
1996	8	28	21.71	21.21	20.37	18.21	22	54	111	384
1996	9	4	23.24	22.55	21.42	18.6	16	48	105	378
1996	9	11	24.75	24.05	22.68	19.44	9	41	98	371
1996	9	18	23.89	23.48	22.34	19.26	2	34	91	364
1996	9	25	24.46	23.83	22.56	19.71	27	55	116	386
1996	10	2	24.05	23.52	22.39	19.47	20	48	109	379
1996	10	9	25.07	24.67	23.42	20.1	13	41	102	372
1996	10	16	25.17	24.78	23.72	20.34	6	34	95	365
1996	10	23	24.86	24.45	23.39	20.35	27	56	117	387
1996	10	30	24.28	23.89	23.02	20.29	20	49	110	380
1996	11	6	22.69	22.46	21.88	19.78	14	43	104	374
1996	11	13	24.12	23.96	23.29	20.86	7	36	97	367
1996	11	20	23.76	23.33	22.62	19.81	0	29	90	360
1996	11	27	23.75	23.34	22.51	19.87	22	54	113	382
1996	12	4	24.8	24.26	23.17	20.21	15	47	106	375
1996	12	11	23.38	22.93	21.93	18.93	8	40	99	368
1996	12	18	26.16	25.26	24.04	20.45	1	33	92	361
1996	12	25	25.1	24.46	23.19	19.96	27	56	118	386
1997	1	1	25.92	25.24	23.89	20.41	21	50	112	380
1997	1	8	26.62	25.93	24.56	20.82	13	42	104	372
1997	1	15	25.95	25.34	24.22	20.87	6	35	97	365
1997	1	22	24.24	23.76	22.83	20.22	28	58	118	388
1997	1	29	24.47	23.93	22.96	20.4	21	51	111	381
1997	2	5	23.91	23.52	22.73	20.4	15	45	105	375
1997	2	12	21.86	21.63	21.09	19.65	8	38	98	368
1997	2	19	22.79	22.33	21.62	20.23	1	31	91	361
1997	2	26	21.11	20.83	20.44	20.01	24	56	114	384
1997	3	5	20.49	20.37	20.1	19.88	15	47	105	375
1997	3	12	20.62	20.68	20.61	20.36	8	40	98	368
1997	3	19	22.04	21.82	21.46	20.73	1	33	91	361
1997	3	26	20.64	20.63	20.48	20.2	26	54	116	385
1997	4	2	19.47	19.54	19.62	19.77	20	48	110	379
1997	4	9	19.27	19.39	19.47	19.55	13	41	103	372
1997	4	16	19.35	19.3	19.4	19.41	6	34	96	365
1997	4	23	19.73	19.74	19.73	19.69	27	57	117	386
1997	4	30	20.21	20.21	20.12	19.91	20	50	110	379
1997	5	7	19.62	19.73	19.74	19.65	13	43	103	372
1997	5	14	21.39	21.29	21.04	20.46	6	36	96	365
1997	5	21	21.86	21.87	21.64	20.83	29	61	121	391
1997	5	28	20.79	20.9	20.81	20.22	22	54	114	384
1997	6	4	20.12	20.27	20.33	20.14	16	48	108	378
1997	6	11	18.53	18.89	19.27	19.55	9	41	101	371
1997	6	18	18.79	18.96	19.23	19.47	2	34	94	364
1997	6	25	19.52	19.63	19.81	19.94	27	55	116	386
1997	7	2	20.34	20.34	20.28	20.17	20	48	109	379
1997	7	9	19.46	19.59	19.72	19.85	13	41	102	372
1997	7	16	19.65	19.71	19.77	19.82	6	34	95	365
1997	7	23	19.63	19.7	19.79	19.83	27	59	117	387
1997	7	30	20.3	20.31	20.27	20.1	20	52	110	380
1997	8	6	20.46	20.56	20.58	20.18	14	46	104	374
1997	8	13	20.19	20.39	20.5	20.24	7	39	97	367
1997	8	20	20.06	20.21	20.36	20.12	0	32	90	360
1997	8	27	19.73	19.83	19.95	19.81	25	54	112	385
1997	9	3	19.61	19.74	19.86	19.72	19	48	106	379
1997	9	10	19.42	19.57	19.71	19.64	12	41	99	372
1997	9	17	19.42	19.56	19.65	19.58	5	34	92	365
1997	9	24	19.94	20.04	20.08	19.91	27	56	116	386
1997	10	1	21.05	21.02	20.88	20.31	20	49	109	379
1997	10	8	22.18	22.13	21.76	20.44	13	42	102	372
1997	10	15	20.57	20.7	20.65	20	6	35	95	365
1997	10	22	21.42	21.43	21.23	20.35	28	57	118	388
1997	10	29	20.71	20.84	20.77	20.08	21	50	111	381
1997	11	5	20.31	20.51	20.52	19.89	15	44	105	375
1997	11	12	20.49	20.68	20.64	19.77	8	37	98	368
1997	11	19	19.8	20.14	20.25	19.65	1	30	91	361
1997	11	26	19.15	19.35	19.55	19.42	23	54	114	385
1997	12	3	18.8	19.03	19.27	19.35	16	47	107	378
1997	12	10	18.14	18.41	18.76	19.02	9	40	100	371
1997	12	17	18.19	18.39	18.74	19.11	2	33	93	364
1997	12	24	18.35	18.5	18.76	18.98	26	56	117	386
1997	12	31	17.64	17.83	18.21	18.63	20	50	111	380
1998	1	7	16.82	17.01	17.41	18.23	13	43	104	373
1998	1	14	16.45	16.64	17.06	18.15	6	36	97	366
1998	1	21	16.42	16.36	16.81	17.98	29	59	118	391
1998	1	28	17.31	17.48	17.85	18.61	22	52	111	384
1998	2	4	16.37	16.58	17.06	18.07	16	46	105	378
1998	2	11	16.15	16.38	16.88	17.81	9	39	98	371
1998	2	18	16.25	16.45	17.05	18.24	2	32	91	364
1998	2	25	15.45	15.79	16.46	17.66	25	56	117	387
1998	3	4	15.32	15.65	16.37	17.67	16	47	108	378
1998	3	11	14.18	14.56	15.37	17.04	9	40	101	371
1998	3	18	14.34	14.61	15.37	16.97	2	33	94	364
1998	3	25	16.48	16.76	17.19	17.85	26	54	116	385
1998	4	1	15.54	15.86	16.4	17.36	20	48	110	379
1998	4	8	15.55	15.9	16.45	17.45	13	41	103	372
1998	4	15	15.46	15.82	16.4	17.3	6	34	96	365
1998	4	22	15.45	15.54	16.18	17.08	27	60	118	388
1998	4	29	15.32	15.86	16.52	17.37	20	53	111	381
1998	5	6	15.37	16.09	16.87	17.77	13	46	104	374
1998	5	13	14.95	15.68	16.42	17.34	6	39	97	367
1998	5	20	12.96	14.18	15.51	17.01	32	61	122	392
1998	5	27	14.99	15.43	16.16	17.25	25	54	115	385
1998	6	3	14.81	15.43	16.26	17.58	19	48	109	379
1998	6	10	13.48	14.39	15.69	17.51	12	41	102	372
1998	6	17	12.6	13.69	15.08	17.08	5	34	95	365
1998	6	24	14.6	15.03	15.77	17.28	27	56	116	385
1998	7	1	14.37	14.79	15.53	17.06	20	49	109	378
1998	7	8	13.85	14.29	15.03	16.68	13	42	102	371
1998	7	15	14.87	15.02	15.44	16.84	6	35	95	364
1998	7	22	13.79	14.16	14.73	16.43	28	60	118	388
1998	7	29	14.09	14.37	14.97	16.48	21	53	111	381
1998	8	5	13.68	14.06	14.7	16.25	15	47	105	375
1998	8	12	12.71	13.12	13.83	15.61	8	40	98	368
1998	8	19	13.16	13.36	13.97	15.64	1	33	91	361
1998	8	26	13.58	13.8	14.33	15.84	26	54	115	385
1998	9	2	13.67	13.9	14.45	16.02	20	48	109	379
1998	9	9	14.12	14.36	14.85	16.28	13	41	102	372
1998	9	16	14.53	14.67	15.01	16.22	6	34	95	365
1998	9	23	15.67	15.81	16.05	16.91	27	57	117	387
1998	9	30	16.14	16.16	16.34	17.12	20	50	110	380
1998	10	7	15.06	15.23	15.53	16.61	13	43	103	373
1998	10	14	14.05	14.23	14.63	16.03	6	36	96	366
1998	10	21	13.43	14.08	14.45	15.93	29	60	121	388
1998	10	28	14.29	14.46	14.79	16.07	22	53	114	381
1998	11	4	14.14	14.33	14.68	15.9	16	47	108	375
1998	11	11	13.55	13.81	14.22	15.63	9	40	101	368
1998	11	18	12.14	12.76	13.46	15.44	2	33	94	361
1998	11	25	11.86	12.28	13.02	15.09	26	55	117	385
1998	12	2	11.24	11.6	12.39	14.63	19	48	110	378
1998	12	9	11.16	11.57	12.22	14.2	12	41	103	371
1998	12	16	12.38	12.72	13.19	14.7	5	34	96	364
1998	12	23	11.33	11.55	12.07	13.91	27	59	117	387
1998	12	30	11.75	11.93	12.35	13.92	20	52	110	380
1999	1	6	12.8	12.87	13.14	14.4	14	46	104	374
1999	1	13	12.31	12.38	12.62	13.91	7	39	97	367
1999	1	20	11.81	11.87	12.12	13.45	0	32	90	360
1999	1	27	12.32	12.37	12.59	13.78	25	55	113	385
1999	2	3	12.38	12.49	12.74	14	19	49	107	379
1999	2	10	11.75	11.87	12.15	13.27	12	42	100	372
1999	2	17	11.53	11.63	11.92	13.06	5	35	93	365
1999	2	24	12.61	12.72	12.94	13.78	28	56	118	387
1999	3	3	12.93	13.04	13.22	13.94	19	47	109	378
1999	3	10	14.69	14.67	14.63	14.84	12	40	102	371
1999	3	17	15.05	15.15	14.95	14.79	5	33	95	364
1999	3	24	15.34	15.38	15.32	15.13	26	56	115	385
1999	3	31	16.76	16.73	16.5	15.86	20	50	109	379
1999	4	7	16.03	16.04	15.89	15.4	13	43	102	372
1999	4	14	16.47	16.55	16.45	15.9	6	36	95	365
1999	4	21	17.92	17.67	17.17	16.09	29	61	119	391
1999	4	28	18.45	18.09	17.46	16.31	22	54	112	384
1999	5	5	18.98	18.69	18.1	16.95	15	47	105	377
1999	5	12	17.57	17.57	17.4	16.89	8	40	98	370
1999	5	19	16.88	16.89	16.83	16.44	1	33	91	363
1999	5	26	17.35	17.31	17.09	16.51	26	53	115	384
1999	6	2	16.65	16.67	16.58	16.23	20	47	109	378
1999	6	9	17.99	18.07	17.86	17.05	13	40	102	371
1999	6	16	17.94	18.13	18.1	17.23	6	33	95	364
1999	6	23	18.45	18.47	18.34	17.69	26	57	117	387
1999	6	30	19.29	19.3	19.06	18.11	19	50	110	380
1999	7	7	19.77	19.82	19.51	18.36	12	43	103	373
1999	7	14	19.92	20.14	20.06	18.8	5	36	96	366
1999	7	21	19.65	19.74	19.5	18.22	29	60	118	391
1999	7	28	20.54	20.61	20.31	18.69	22	53	111	384
1999	8	4	20.44	20.55	20.37	18.66	16	47	105	378
1999	8	11	21.52	21.61	21.2	18.84	9	40	98	371
1999	8	18	21.52	21.73	21.43	19.01	2	33	91	364
1999	8	25	20.58	20.67	20.38	18.23	26	55	115	385
1999	9	1	21.99	21.99	21.43	18.69	20	49	109	379
1999	9	8	22.66	22.72	22.08	18.88	13	42	102	372
1999	9	15	24.13	23.88	22.86	18.96	6	35	95	365
1999	9	22	24.12	23.61	22.52	19.09	28	57	118	388
1999	9	29	24.69	24.29	23.2	19.59	21	50	111	381
1999	10	6	23.27	23.09	22.43	19.67	14	43	104	374
1999	10	13	23.06	23	22.36	19.97	7	36	97	367
1999	10	20	22.2	22.48	22.28	20.13	0	29	90	360
1999	10	27	22.92	22.92	22.35	19.89	22	53	115	380
1999	11	3	22.56	22.55	21.9	19.27	16	47	109	374
1999	11	10	24.47	24.26	23.18	19.53	9	40	102	367
1999	11	17	26.6	26	24.7	20.31	2	33	95	360
1999	11	24	26.87	25.84	24.01	19.58	26	56	117	385
1999	12	1	25	24.27	22.78	19.01	19	49	110	378
1999	12	8	26.54	25.89	24.15	20.07	12	42	103	371
1999	12	15	26.36	25.83	24.16	20.3	5	35	96	364
1999	12	22	25.5	24.93	23.54	20.08	28	60	117	390
1999	12	29	26.47	25.55	23.94	20.21	21	53	110	383
2000	1	5	24.91	24.27	22.99	19.67	15	47	104	377
2000	1	12	26.28	25.66	24.28	20.65	8	40	97	370
2000	1	19	29.54	27.88	26.1	21.5	1	33	90	363
2000	1	26	27.84	26.86	25.28	21.2	26	55	116	384
2000	2	2	27.55	26.67	25.33	21.48	20	49	110	378
2000	2	9	28.77	27.75	26.16	21.97	13	42	103	371
2000	2	16	30.05	29.33	27.45	22.79	6	35	96	364
2000	2	23	29.39	28.02	26.25	22.07	28	56	117	387
2000	3	1	31.77	30.01	27.66	22.95	20	48	109	379
2000	3	8	31.26	29.47	27.07	22.37	13	41	102	372
2000	3	15	30.72	29.03	26.88	22.88	6	34	95	365
2000	3	22	27.46	26.76	25.69	22.57	27	60	118	388
2000	3	29	26.45	25.87	25.31	22.75	20	53	111	381
2000	4	5	25.83	25.31	24.92	22.92	14	47	105	375
2000	4	12	25.41	24.74	24.43	22.85	7	40	98	368
2000	4	19	27.35	25.8	24.91	22.59	0	33	91	361
2000	4	26	24.65	24.53	24.15	22.27	26	54	116	386
2000	5	3	26.75	26.41	25.46	22.57	19	47	109	379
2000	5	10	28.1	28.05	26.86	23.59	12	40	102	372
2000	5	17	29.32	29.44	28.38	24.56	5	33	95	365
2000	5	24	29.93	29.18	28.09	24.39	26	56	116	386
2000	5	31	29.01	28.42	27.4	23.87	20	50	110	380
2000	6	7	29.95	29.28	28.13	24.68	13	43	103	373
2000	6	14	32.85	31.17	29.33	25.33	6	36	96	366
2000	6	21	31.37	29.9	28.45	24.87	29	61	119	389
2000	6	28	31.9	30.65	29.14	25.26	22	54	112	382
2000	7	5	30.67	29.6	28.35	24.85	15	47	105	375
2000	7	12	30.32	29.64	28.6	25.71	8	40	98	368
2000	7	19	31.42	30.35	29.32	26.21	1	33	91	361
2000	7	26	27.81	27.63	27.2	24.99	26	54	111	385
2000	8	2	28.26	27.97	27.46	25.21	20	48	105	379
2000	8	9	30.35	29.95	28.98	25.95	13	41	98	372
2000	8	16	31.8	30.98	29.79	26.12	6	34	91	365
2000	8	23	32.02	31.56	30.37	26.63	27	57	116	387
2000	8	30	33.32	32.42	31.25	27.54	20	50	109	380
2000	9	6	34.9	33.98	32.52	28.19	14	44	103	374
2000	9	13	33.82	32.68	31.72	27.94	7	37	96	367
2000	9	20	37.2	35.24	33.6	28.56	0	30	89	360
2000	9	27	31.46	31.39	30.91	27.82	23	50	115	385
2000	10	4	31.43	31.24	30.86	28.21	16	43	108	378
2000	10	11	33.25	33.24	32.64	29.57	9	36	101	371
2000	10	18	33.48	32.47	31.48	27.92	2	29	94	364
2000	10	25	32.96	32.19	31.1	27.27	22	54	115	384
2000	11	1	33.25	31.98	30.53	26.41	16	48	109	378
2000	11	8	33.24	32.28	30.68	26.61	9	41	102	371
2000	11	15	35.58	34.99	32.79	26.99	2	34	95	364
2000	11	22	35.4	34.4	32.24	26.6	27	60	118	387
2000	11	29	34.63	33.49	31.57	26.57	20	53	111	380
2000	12	6	29.85	29.31	28.34	25.51	13	46	104	373
2000	12	13	28.74	28.12	27.21	24.65	6	39	97	366
2000	12	20	25.77	25.49	24.89	22.85	32	60	120	392
2000	12	27	26.47	25.86	25.25	23.41	25	53	113	385
2001	1	3	28	27.27	26.35	24.13	19	47	107	379
2001	1	10	29.48	28.21	26.97	24.29	12	40	100	372
2001	1	17	29.6	27.8	26.54	24.14	5	33	93	365
2001	1	24	29.05	28.31	27.19	24.11	26	56	118	386
2001	1	31	28.66	27.96	26.99	24.27	20	50	112	380
2001	2	7	31.27	30.98	29.62	26.14	13	43	105	373
2001	2	14	29.71	29.59	28.77	25.58	6	36	98	366
2001	2	21	28.53	28.13	27.39	24.63	29	59	119	391
2001	2	28	27.39	27.5	27.11	24.68	20	50	110	382
2001	3	7	29	29.16	28.76	26.16	13	43	103	375
2001	3	14	26.41	26.62	26.75	24.75	6	36	96	368
2001	3	21	26.8	26.86	26.72	24.84	29	61	119	391
2001	3	28	26.31	26.49	26.21	24.19	22	54	112	384
2001	4	4	27.12	27.27	27.01	25.08	16	48	106	378
2001	4	11	28.18	28.49	28.49	25.81	9	41	99	371
2001	4	18	27.95	28.55	28.8	26.28	2	34	92	364
2001	4	25	27.29	27.79	27.94	25.71	27	55	116	386
2001	5	2	27.8	28.39	28.36	25.65	20	48	109	379
2001	5	9	28.23	28.94	28.98	26.22	13	41	102	372
2001	5	16	28.86	29.16	28.78	25.78	6	34	95	365
2001	5	23	29.58	29.7	29.06	25.88	27	57	117	387
2001	5	30	28.55	28.69	28.37	25.79	20	50	110	380
2001	6	6	27.72	28.09	28.21	26.05	14	44	104	374
2001	6	13	28.84	29.16	28.75	25.99	7	37	97	367
2001	6	20	26.5	26.48	26.55	24.69	0	30	90	360
2001	6	27	25.61	25.72	25.72	24.3	23	54	115	385
2001	7	4	26.24	26.07	26	24.69	17	48	109	379
2001	7	11	27.11	26.69	26.25	24.51	9	40	101	371
2001	7	18	24.89	24.93	25	24	2	33	94	364
2001	7	25	26.84	26.42	26.09	24.31	26	55	114	385
2001	8	1	26.77	26.13	25.97	24.25	20	49	108	379
2001	8	8	27.54	26.96	26.73	24.52	13	42	101	372
2001	8	15	27.56	26.74	26.58	24.51	6	35	94	365
2001	8	22	26.37	26.35	25.97	24.2	28	60	117	388
2001	8	29	27.05	27.14	26.79	24.43	21	53	110	381
2001	9	5	26.95	27.13	26.83	24.43	15	47	104	375
2001	9	12	27.77	27.98	27.54	24.78	9	41	98	369
2001	9	19	26.72	27.11	27.13	24.7	1	33	90	361
2001	9	26	22.38	22.73	22.88	22.06	26	53	116	386
2001	10	3	22.08	22.44	22.77	22.34	19	46	109	379
2001	10	10	22.53	22.96	23.22	22.77	12	39	102	372
2001	10	17	21.81	22.1	22.33	22.04	5	32	95	365
2001	10	24	22.33	22.5	22.6	22.1	25	55	116	387
2001	10	31	21.18	21.32	21.53	21.32	19	49	110	381
2001	11	7	20.09	20.28	20.49	20.67	12	42	103	374
2001	11	14	19.74	20.01	20.22	20.47	5	35	96	367
2001	11	21	18.96	19.19	19.46	20.33	28	61	121	388
2001	11	28	19.22	19.5	19.76	20.54	21	54	114	381
2001	12	5	19.49	19.84	20.17	20.76	14	47	107	374
2001	12	12	18.36	18.74	19.18	20.04	7	40	100	367
2001	12	19	19.8	20.05	20.26	20.89	0	33	93	360
2001	12	26	21.27	21.45	21.65	21.95	26	54	116	385
2002	1	2	21.01	21.23	21.42	21.61	20	48	110	379
2002	1	9	20.18	20.65	20.93	20.85	13	41	103	372
2002	1	16	18.86	19.48	20.05	20.48	6	34	96	365
2002	1	23	19.5	19.75	20.01	20.33	27	59	118	387
2002	1	30	19.08	19.44	19.86	20.3	20	52	111	380
2002	2	6	19.78	20.14	20.38	20.51	14	46	105	374
2002	2	13	21.18	21.52	21.62	21.32	7	39	98	367
2002	2	20	20.29	20.43	20.7	20.68	0	32	91	360
2002	2	27	21.29	21.51	21.54	21.22	25	55	113	383
2002	3	6	23.15	23.45	23.43	22.73	16	46	104	374
2002	3	13	24.16	24.54	24.6	23.56	9	39	97	367
2002	3	20	24.9	24.95	25.05	23.58	2	32	90	360
2002	3	27	25.87	25.97	25.8	24.08	25	54	115	385
2002	4	3	27.56	27.66	27.22	24.61	19	48	109	379
2002	4	10	26.13	26.3	25.73	23.38	12	41	102	372
2002	4	17	25.94	26.05	25.47	23.78	5	34	95	365
2002	4	24	26.38	26.14	25.57	23.87	27	56	116	386
2002	5	1	26.75	26.43	25.94	24.07	20	49	109	379
2002	5	8	27.85	27.01	26.38	24.54	13	42	102	372
2002	5	15	28.15	27.21	26.6	24.33	6	35	95	365
2002	5	22	26.37	26.37	26.04	24.41	28	60	118	388
2002	5	29	25.76	25.87	25.61	24.14	21	53	111	381
2002	6	5	24.89	25.08	24.95	23.68	15	47	105	375
2002	6	12	24.64	24.87	24.88	23.85	8	40	98	368
2002	6	19	25.31	25.58	25.42	24.03	1	33	91	361
2002	6	26	26.76	26.36	26.01	24.4	26	54	116	386
2002	7	3	26.8	26.68	26.2	24.42	19	47	109	379
2002	7	10	26.77	26.76	26.25	24.53	12	40	102	372
2002	7	17	27.88	28.01	27.22	25.01	5	33	95	365
2002	7	24	26.87	26.36	25.99	24.29	26	56	117	386
2002	7	31	27.02	26.47	26.03	24.25	20	50	111	380
2002	8	7	26.5	26.06	25.67	24.2	13	43	104	373
2002	8	14	28.15	27.51	26.78	24.89	6	36	97	366
2002	8	21	29.24	28.5	27.64	25.1	29	61	118	391
2002	8	28	28.34	28.23	27.84	25.23	22	54	111	384
2002	9	4	28.27	28.27	27.82	25.1	16	48	105	378
2002	9	11	29.77	29.9	29.27	25.38	9	41	98	371
2002	9	18	29.48	29.67	29.04	24.65	2	34	91	364
2002	9	25	30.64	30.29	29.08	24.21	27	56	116	386
2002	10	2	30.49	30.28	29.19	24.57	20	49	109	379
2002	10	9	29.35	29.45	28.67	24.8	13	42	102	372
2002	10	16	29.47	29.49	28.58	24.82	6	35	95	365
2002	10	23	28.18	27.78	27.07	24.37	28	56	117	387
2002	10	30	26.81	26.56	25.95	23.76	21	49	110	380
2002	11	6	25.77	25.28	24.82	23.34	15	43	104	374
2002	11	13	25.19	24.48	24.05	23.04	8	36	97	367
2002	11	20	26.98	26.09	25.64	23.98	1	29	90	360
2002	11	27	26.89	26.71	26.13	23.96	22	54	113	382
2002	12	4	26.71	26.59	25.95	23.77	15	47	106	375
2002	12	11	27.4	27.42	26.65	24.11	8	40	99	368
2002	12	18	30.44	30.43	28.93	24.78	1	33	92	361
2002	12	25	31.97	31.03	29.01	24.19	27	56	118	386
2003	1	1	31.2	30.59	28.5	24.15	21	50	112	380
2003	1	8	30.56	30.06	28.52	24.58	13	42	104	372
2003	1	15	33.21	32.45	30.48	25.27	6	35	97	365
2003	1	22	32.85	31.79	29.78	25.28	28	58	118	388
2003	1	29	33.63	32.71	30.75	26.03	21	51	111	381
2003	2	5	33.93	33.27	31.45	26.63	15	45	105	375
2003	2	12	35.77	34.54	32.15	26.75	8	38	98	368
2003	2	19	37.16	35.66	32.76	26.81	1	31	91	361
2003	2	26	37.7	35.34	32.26	26.79	24	56	114	386
2003	3	5	36.69	34.96	32.11	27.01	15	47	105	377
2003	3	12	37.83	36.35	33.37	27.86	8	40	98	370
2003	3	19	29.88	29.36	28.05	25.27	1	33	91	363
2003	3	26	28.63	26.83	25.91	24.02	26	54	116	384
2003	4	2	28.56	27.21	26.3	24.56	20	48	110	378
2003	4	9	28.85	27.73	26.72	25.1	13	41	103	371
2003	4	16	29.18	27.53	26.69	24.91	6	34	96	364
2003	4	23	26.65	26.33	25.72	24.36	27	57	117	387
2003	4	30	25.8	25.46	25.14	24.22	20	50	110	380
2003	5	7	26.23	26.12	25.72	24.71	13	43	103	373
2003	5	14	29.17	28.78	27.59	25.58	6	36	96	366
2003	5	21	29.03	28.15	27.03	25.12	29	61	121	391
2003	5	28	28.58	27.65	26.63	24.58	22	54	114	384
2003	6	4	30.05	28.95	27.54	24.81	16	48	108	378
2003	6	11	32.36	31.05	29.41	25.58	9	41	101	371
2003	6	18	30.36	28.77	27.79	24.88	2	34	94	364
2003	6	25	29.95	29.34	28.42	25.58	27	55	116	385
2003	7	2	30.15	29.81	28.76	25.76	20	48	109	378
2003	7	9	30.88	30.63	29.65	26.46	13	41	102	371
2003	7	16	31.05	30.41	29.39	26.14	6	34	95	364
2003	7	23	29.67	29.32	28.56	25.9	27	59	117	387
2003	7	30	30.68	30.31	29.35	26.34	20	52	110	380
2003	8	6	31.7	31.46	30.39	26.75	14	46	104	374
2003	8	13	30.78	30.8	29.95	26.57	7	39	97	367
2003	8	20	30.95	31.04	30.18	26.83	0	32	90	360
2003	8	27	31.21	30.93	29.95	26.41	25	54	112	384
2003	9	3	29.49	29.46	28.78	25.95	19	48	106	378
2003	9	10	29.35	29.43	28.73	26.17	12	41	99	371
2003	9	17	27.03	27.16	26.79	25.49	5	34	92	364
2003	9	24	28.24	27.96	27.32	25.71	27	56	116	386
2003	10	1	29.39	29.17	28.32	26.16	20	49	109	379
2003	10	8	29.81	29.9	29.19	26.43	13	42	102	372
2003	10	15	31.77	31.86	30.98	27.35	6	35	95	365
2003	10	22	29.92	29.62	28.86	26.34	28	57	118	387
2003	10	29	28.91	28.72	28.19	26.11	21	50	111	380
2003	11	5	30.3	30.13	29.4	26.95	15	44	105	374
2003	11	12	31.33	30.89	30.05	27	8	37	98	367
2003	11	19	32.92	32.07	31.06	27.45	1	30	91	360
2003	11	26	30.41	30.22	29.45	26.82	23	54	116	384
2003	12	3	31.1	30.93	30.05	27.13	16	47	109	377
2003	12	10	31.88	31.76	30.84	27.86	9	40	102	370
2003	12	17	33.35	33.39	32.22	28.56	2	33	95	363
2003	12	24	32.86	32.42	31.33	28.31	26	56	116	386
2003	12	31	32.52	32.28	31.3	28.25	20	50	110	380
2004	1	7	33.62	33.4	32.42	28.93	13	43	103	373
2004	1	14	34.5	33.79	32.77	29.42	6	36	96	366
2004	1	21	34.58	34	32.83	29.63	29	61	119	391
2004	1	28	33.62	32.81	31.58	28.93	22	54	112	384
2004	2	4	33.1	31.99	30.84	28.3	16	48	106	378
2004	2	11	34	33.21	32.1	29.24	9	41	99	371
2004	2	18	35.45	34.48	33.33	29.92	2	34	92	364
2004	2	25	35.68	34.33	33.01	29.94	27	55	117	386
2004	3	3	35.8	35.05	33.73	30.73	19	47	109	378
2004	3	10	36.1	35.36	33.9	30.86	12	40	102	371
2004	3	17	38.18	37.62	35.95	32.29	5	33	95	364
2004	3	24	37.01	36.29	35.05	31.98	26	56	116	386
2004	3	31	35.76	35.08	34.07	31.31	20	50	110	380
2004	4	7	36.15	35.6	34.57	31.62	13	43	103	373
2004	4	14	36.72	36.42	35.62	32.4	6	36	96	366
2004	4	21	35.73	35.34	34.54	31.45	29	61	119	389
2004	4	28	37.46	37.17	36.22	32.54	22	54	112	382
2004	5	5	39.57	39.36	38.13	33.87	15	47	105	375
2004	5	12	40.77	40.66	39.33	34.8	8	40	98	368
2004	5	19	41.5	41.52	40.34	35.58	1	33	91	361
2004	5	26	40.7	40.38	39.33	35.19	26	54	115	385
2004	6	2	39.96	39.93	39.17	35.32	20	48	109	379
2004	6	9	37.54	37.74	37.45	34.86	13	41	102	372
2004	6	16	37.32	37.65	37.41	34.74	6	34	95	365
2004	6	23	37.57	37.64	37.16	34.54	27	57	117	388
2004	6	30	37.05	37.14	36.84	34.88	20	50	110	381
2004	7	7	39.08	39.2	38.59	35.7	13	43	103	374
2004	7	14	40.97	41.15	40.09	36.69	6	36	96	367
2004	7	21	40.58	40.09	39.26	36.18	29	60	118	391
2004	7	28	42.9	42.28	41.34	38.12	22	53	111	384
2004	8	4	42.83	42.3	41.37	38.24	16	47	105	378
2004	8	11	44.8	44.35	43.31	39.61	9	40	98	371
2004	8	18	47.27	46.35	45.37	41.32	2	33	91	364
2004	8	25	43.47	43.15	42.32	38.92	26	55	115	385
2004	9	1	44	43.96	43.23	39.94	20	49	109	379
2004	9	8	42.77	42.84	42.15	39.15	13	42	102	372
2004	9	15	43.58	43.51	42.6	39.09	6	35	95	365
2004	9	22	48.35	47.58	46.25	41.41	28	57	118	388
2004	9	29	49.51	48.91	47.68	42.72	21	50	111	381
2004	10	6	52.02	51.53	50.25	44.62	14	43	104	374
2004	10	13	53.64	53.14	51.99	46.56	7	36	97	367
2004	10	20	54.92	54.41	53.31	47.73	0	29	90	360
2004	10	27	52.46	52.17	51.29	46.81	22	53	115	381
2004	11	3	50.88	50.82	50.05	45.98	16	47	109	375
2004	11	10	48.86	48.92	48.56	45.04	9	40	102	368
2004	11	17	46.84	47.12	47.12	43.77	2	33	95	361
2004	11	24	49.44	49.45	49.04	45.07	26	56	117	386
2004	12	1	45.49	45.7	45.59	43.02	19	49	110	379
2004	12	8	41.94	42.31	42.38	40.81	12	42	103	372
2004	12	15	44.19	44.69	44.67	42.45	5	35	96	365
2004	12	22	44.24	44.33	43.8	41.53	28	60	118	388
2004	12	29	43.64	43.8	43.51	41.46	21	53	111	381
2005	1	5	43.39	43.61	43.29	41.12	15	47	105	375
2005	1	12	46.37	46.56	45.86	42.85	8	40	98	368
2005	1	19	47.55	47.86	47.4	44.42	1	33	91	361
2005	1	26	48.78	48.94	48.75	45.66	26	55	114	385
2005	2	2	46.69	47.15	47.27	44.66	20	49	108	379
2005	2	9	45.46	46.08	46.37	44.25	13	42	101	372
2005	2	16	48.33	48.86	49.02	45.75	6	35	94	365
2005	2	23	51.17	51.59	51.3	47.48	28	57	118	388
2005	3	2	53.05	53.62	53.59	50	19	48	109	379
2005	3	9	54.77	55.38	55.25	51.82	12	41	102	372
2005	3	16	56.46	57.04	57.53	54.98	5	34	95	365
2005	3	23	53.81	54.74	55.68	54.78	27	57	118	387
2005	3	30	53.99	54.79	55.44	53.78	20	50	111	380
2005	4	6	55.85	56.89	57.86	56.38	14	44	105	374
2005	4	13	50.22	52.13	53.52	52.47	7	37	98	367
2005	4	20	52.44	54.03	55.58	54.16	0	30	91	360
2005	4	27	51.61	53.19	54.4	53.61	23	54	115	385
2005	5	4	50.13	51.9	53.27	52.91	16	47	108	378
2005	5	11	50.45	51.95	52.75	52	9	40	101	371
2005	5	18	47.25	49.13	50.43	50.5	2	33	94	364
2005	5	25	50.98	51.66	52.38	52.04	26	56	115	385
2005	6	1	54.6	55.42	56.01	55.34	20	50	109	379
2005	6	8	52.54	53.85	55.34	55.8	13	43	102	372
2005	6	15	55.57	56.41	57.53	57.67	6	36	95	365
2005	6	22	58.09	58.74	59.32	58.45	29	60	118	388
2005	6	29	57.26	58.23	59.31	59.26	22	53	111	381
2005	7	6	61.28	62.13	63.18	62.74	15	46	104	374
2005	7	13	60.01	60.85	61.87	61.37	8	39	97	367
2005	7	20	56.72	58.02	59.19	59.12	1	32	90	360
2005	7	27	59.11	60.12	61.24	61.17	25	53	111	385
2005	8	3	60.86	61.87	63.17	63.4	19	47	105	379
2005	8	10	64.9	66.06	67.12	66.22	12	40	98	372
2005	8	17	63.25	63.85	64.88	64.42	5	33	91	365
2005	8	24	67.32	68.01	68.89	68.16	26	56	116	386
2005	8	31	68.94	69.41	69.71	68.52	20	50	110	380
2005	9	7	64.37	65.03	66.23	66.07	13	43	103	373
2005	9	14	65.09	65.73	66.7	66.48	6	36	96	366
2005	9	21	66.8	66.79	67.22	66.65	29	57	119	389
2005	9	28	66.35	66.46	67.08	66.9	22	50	112	382
2005	10	5	62.79	62.69	63.64	63.76	15	43	105	375
2005	10	12	64.12	63.61	64.1	64.27	8	36	98	368
2005	10	19	62.41	61.51	61.23	60.57	1	29	91	361
2005	10	26	60.66	61.2	61.82	61.73	22	54	115	381
2005	11	2	59.75	60.49	61.2	61.58	16	48	109	375
2005	11	9	58.93	59.76	60.51	60.66	9	41	102	368
2005	11	16	57.88	58.45	59.22	59.87	2	34	95	361
2005	11	23	58.71	59.25	59.86	60.34	27	57	118	386
2005	11	30	57.32	58.23	59.01	60.06	20	50	111	379
2005	12	7	59.21	60.18	61.21	62.46	13	43	104	372
2005	12	14	60.85	61.87	62.9	64.12	6	36	97	365
2005	12	21	58.56	59.14	59.95	61.42	29	60	119	391
2005	12	28	59.82	60.36	61.12	62.56	22	53	112	384
2006	1	4	63.42	64.2	65	66.19	16	47	106	378
2006	1	11	63.94	64.45	65.33	66.54	9	40	99	371
2006	1	18	65.73	66.25	67.07	68.2	2	33	92	364
2006	1	25	65.85	66.48	67.28	68.24	26	56	117	385
2006	2	1	66.56	67.42	68.47	69.61	20	50	111	379
2006	2	8	62.55	63.53	64.94	67.03	13	43	104	372
2006	2	15	57.65	59.25	61.13	64.02	6	36	97	365
2006	2	22	61.01	62.25	63.79	66.31	29	58	118	388
2006	3	1	61.97	63.62	65.43	68.08	20	49	109	379
2006	3	8	60.02	61.79	63.34	65.62	13	42	102	372
2006	3	15	62.17	63.84	65.23	67.11	6	35	95	365
2006	3	22	61.77	63	64.27	66.03	28	60	118	388
2006	3	29	66.45	67.47	68.42	69.17	21	53	111	381
2006	4	5	67.07	68.36	69.59	70.27	15	47	105	375
2006	4	12	68.62	70.09	71.56	72	8	40	98	368
2006	4	19	72.17	74.12	75.56	75.35	1	33	91	361
2006	4	26	71.93	73.48	74.82	75.09	26	54	116	386
2006	5	3	72.28	73.91	75.24	75.43	19	47	109	379
2006	5	10	72.13	73.57	75.23	76.44	12	40	102	372
2006	5	17	68.69	69.42	71.09	72.99	5	33	95	365
2006	5	24	69.86	70.61	71.68	72.74	26	56	116	386
2006	5	31	71.29	72.29	73.37	74.15	20	50	110	380
2006	6	7	70.82	71.5	73.01	74.5	13	43	103	373
2006	6	14	69.14	69.62	70.87	72.13	6	36	96	366
2006	6	21	70.33	71.03	71.97	72.53	29	61	119	389
2006	6	28	72.19	73.14	74.23	74.78	22	54	112	382
2006	7	5	75.19	76.16	77.23	77.59	15	47	105	375
2006	7	12	74.95	76.06	77.12	77.76	8	40	98	368
2006	7	19	72.66	74.77	76.39	77.34	1	33	91	361
2006	7	26	73.94	74.99	76.27	77.09	26	54	111	385
2006	8	2	75.81	76.9	78.08	79.18	20	48	105	379
2006	8	9	76.35	77.53	78.66	79.36	13	41	98	372
2006	8	16	71.89	73.19	74.96	76.74	6	34	91	365
2006	8	23	71.76	72.86	74.31	76.15	27	57	116	387
2006	8	30	70.03	71.09	72.65	75.11	20	50	109	380
2006	9	6	67.5	68.7	70.37	73.35	14	44	103	374
2006	9	13	63.97	64.98	66.83	70.06	7	37	96	367
2006	9	20	60.46	60.74	62.62	66.48	0	30	89	360
2006	9	27	62.96	63.86	65.28	67.95	23	50	115	385
2006	10	4	59.41	60.74	62.64	66.4	16	43	108	378
2006	10	11	57.59	59.45	61.77	65.71	9	36	101	371
2006	10	18	57.65	59.3	61.88	66.83	2	29	94	364
2006	10	25	61.4	63.07	65.03	68.61	22	54	115	381
2006	11	1	58.71	60.55	62.84	66.82	16	48	109	375
2006	11	8	59.83	61.55	63.71	67.38	9	41	102	368
2006	11	15	58.76	60.72	63.16	67.31	2	34	95	361
2006	11	22	59.24	60.74	62.82	67.41	27	60	118	386
2006	11	29	62.46	63.82	65.46	69.09	20	53	111	379
2006	12	6	62.19	63.52	65.3	68.8	13	46	104	372
2006	12	13	61.37	62.17	63.72	67.28	6	39	97	365
2006	12	20	63.72	64.77	66.12	68.96	32	60	120	392
2006	12	27	60.34	61.56	63.13	66.51	25	53	113	385
2007	1	3	58.32	59.41	61.05	64.38	19	47	107	379
2007	1	10	54.02	54.96	56.72	61.08	12	40	100	372
2007	1	17	52.24	53.13	54.27	57.44	5	33	93	365
2007	1	24	55.37	56.16	57.48	60.68	26	56	118	386
2007	1	31	58.14	58.85	60.14	63.26	20	50	112	380
2007	2	7	57.71	58.35	59.58	62.59	13	43	105	373
2007	2	14	58	58.57	59.82	62.79	6	36	98	366
2007	2	21	60.07	60.89	62.08	64.55	29	59	119	388
2007	2	28	61.79	63.06	64.7	67.66	20	50	110	379
2007	3	7	61.82	63.28	64.91	67.45	13	43	103	372
2007	3	14	58.16	60.47	62.68	65.8	6	36	96	365
2007	3	21	59.61	61.11	62.83	65.59	29	61	119	391
2007	3	28	64.08	65.68	67.45	69.42	22	54	112	384
2007	4	4	64.38	66.29	68.33	70.64	16	48	106	378
2007	4	11	62.01	64.84	67.47	70.51	9	41	99	371
2007	4	18	63.13	64.38	66.46	69.49	2	34	92	364
2007	4	25	65.84	67.2	68.75	71.3	27	55	116	385
2007	5	2	63.68	65.35	67.28	70.52	20	48	109	378
2007	5	9	61.55	63.16	65.24	68.88	13	41	102	371
2007	5	16	62.55	63.95	66.14	69.66	6	34	95	364
2007	5	23	65.77	67.02	68.62	71.18	27	57	117	387
2007	5	30	63.49	64.65	66.28	69.41	20	50	110	380
2007	6	6	65.96	66.99	68.54	71.27	14	44	104	374
2007	6	13	66.26	66.93	68.51	71.47	7	37	97	367
2007	6	20	68.19	68.86	70	72.2	0	30	90	360
2007	6	27	68.97	69.28	69.79	71.35	23	54	115	385
2007	7	4	71.41	71.87	72.25	73.48	17	48	109	379
2007	7	11	72.56	72.94	73.1	73.86	9	40	101	371
2007	7	18	75.05	75.3	74.77	73.06	2	33	94	364
2007	7	25	75.88	75.46	74.77	73.18	26	55	111	385
2007	8	1	76.53	76.21	75.29	73.11	20	49	105	379
2007	8	8	72.15	71.94	71.36	70.24	13	42	98	372
2007	8	15	73.33	73.21	72.31	70.31	6	35	91	365
2007	8	22	69.26	69.03	68.5	67.81	28	60	116	390
2007	8	29	73.51	72.78	71.43	69.74	21	53	109	383
2007	9	5	75.73	74.67	72.7	70.45	15	47	103	377
2007	9	12	79.91	78.54	76.44	73.72	8	40	96	370
2007	9	19	81.93	80.85	78.88	74.99	1	33	89	363
2007	9	26	80.3	78.86	77.37	74.75	26	50	116	385
2007	10	3	79.94	79.02	77.37	74.14	19	43	109	378
2007	10	10	81.3	80.61	79.37	76.6	12	36	102	371
2007	10	17	87.4	86.19	84.08	79.09	5	29	95	364
2007	10	24	87.1	86.13	84.53	80.29	22	54	116	386
2007	10	31	94.53	93.27	91.19	85.38	16	48	110	380
2007	11	7	96.37	95.6	94.03	87.52	9	41	103	373
2007	11	14	94.09	92.83	90.88	85.44	2	34	96	366
2007	11	21	97.29	96.18	94.19	88.43	27	61	118	388
2007	11	28	90.62	90.03	88.85	84.84	20	54	111	381
2007	12	5	87.49	87.29	86.81	85.21	13	47	104	374
2007	12	12	94.39	94.28	93.6	90.21	6	40	97	367
2007	12	19	91.24	91.18	90.63	88.34	33	61	123	391
2007	12	26	95.97	95.44	94.03	89.84	26	54	116	384
2008	1	2	99.62	99.33	98.09	93.04	20	48	110	378
2008	1	9	95.67	95.23	94.13	90.16	13	41	103	371
2008	1	16	90.84	90.36	89.67	87.18	6	34	96	364
2008	1	23	86.99	86.62	85.96	84.11	27	56	117	387
2008	1	30	92.33	92.16	91.63	89.54	20	49	110	380
2008	2	6	87.14	87.22	87.09	85.93	14	43	104	374
2008	2	13	93.27	93.41	93.04	91.2	7	36	97	367
2008	2	20	100.74	99.7	98.85	96.06	0	29	90	360
2008	2	27	99.64	99.38	98.76	96.73	22	55	113	383
2008	3	5	104.52	103.69	102.31	99.88	14	47	105	375
2008	3	12	109.92	108.57	106.07	101.72	7	40	98	368
2008	3	19	104.48	102.54	100.79	97.22	0	33	91	361
2008	3	26	105.9	105.14	103.68	99.9	26	54	116	385
2008	4	2	104.83	104.28	103.18	99.47	20	48	110	379
2008	4	9	110.87	110.19	108.61	103.54	13	41	103	372
2008	4	16	114.93	114.45	113.09	108.25	6	34	96	365
2008	4	23	118.3	117.59	116.27	111.97	27	57	117	386
2008	4	30	113.46	112.73	111.32	107.29	20	50	110	379
2008	5	7	123.53	123.2	122.25	118.3	13	43	103	372
2008	5	14	124.22	124.11	123.9	121.87	6	36	96	365
2008	5	21	133.17	133.54	134.03	134.37	29	61	121	391
2008	5	28	131.03	130.99	130.41	128.54	22	54	114	384
2008	6	4	122.3	122.68	122.91	122.38	16	48	108	378
2008	6	11	136.38	136.98	137.46	135.94	9	41	101	371
2008	6	18	136.68	137.17	137.67	136.8	2	34	94	364
2008	6	25	134.55	135.08	135.52	134.83	27	55	116	386
2008	7	2	143.57	144.14	144.77	144.31	20	48	109	379
2008	7	9	136.05	136.72	137.63	138.35	13	41	102	372
2008	7	16	134.6	135.32	136.3	136.9	6	34	95	365
2008	7	23	124.44	125.04	125.88	126.61	27	59	117	387
2008	7	30	126.77	127.2	127.85	127.25	20	52	110	380
2008	8	6	118.58	118.44	118.81	118.03	14	46	104	374
2008	8	13	116	115.99	116.58	116.24	7	39	97	367
2008	8	20	114.98	115.56	116.51	117.25	0	32	90	360
2008	8	27	118.15	118.44	119.08	119.9	25	54	112	385
2008	9	3	109.35	109.87	110.97	113.37	19	48	106	379
2008	9	10	102.58	102.62	103.25	105.66	12	41	99	372
2008	9	17	97.16	96.96	97	98.55	5	34	92	365
2008	9	24	105.73	105.02	104.95	106.03	27	56	116	386
2008	10	1	98.53	97.92	98.17	100.73	20	49	109	379
2008	10	8	88.95	88.43	88.59	90.92	13	42	102	372
2008	10	15	74.54	74.88	75.71	79.8	6	35	95	365
2008	10	22	66.75	67.16	68.11	72.88	28	57	118	388
2008	10	29	67.5	67.99	69.07	73.55	21	50	111	381
2008	11	5	65.3	66.01	67.77	74.92	15	44	105	375
2008	11	12	56.16	57.03	58.84	66.17	8	37	98	368
2008	11	19	53.62	54.1	55.88	63.83	1	30	91	361
2008	11	26	54.44	55.7	58.04	66.11	23	54	114	385
2008	12	3	46.79	48.32	51.34	60.69	16	47	107	378
2008	12	10	43.52	46.02	49.56	56.21	9	40	100	371
2008	12	17	40.06	44.61	49.16	57.27	2	33	93	364
2008	12	24	35.35	38.23	41.5	50.39	26	56	117	386
2008	12	31	44.6	48.59	51.96	60.24	20	50	111	380
2009	1	7	42.63	47.39	51.95	60.22	13	43	104	373
2009	1	14	37.28	44.19	50.71	59.91	6	36	97	366
2009	1	21	43.55	45.55	48.51	55.61	29	59	118	388
2009	1	28	42.16	46.07	50.11	56.85	22	52	111	381
2009	2	4	40.32	44.24	48.24	55.3	16	46	105	375
2009	2	11	35.94	42.47	47.83	55.67	9	39	98	368
2009	2	18	34.62	37.41	41.15	48.77	2	32	91	361
2009	2	25	42.5	44.66	46.9	53.36	25	56	117	387
2009	3	4	45.38	47.2	48.93	53.56	16	47	108	378
2009	3	11	42.33	43.99	46.42	51.62	9	40	101	371
2009	3	18	48.14	48.9	51.64	58.02	2	33	94	364
2009	3	25	52.77	54.19	56.52	63.29	26	54	116	385
2009	4	1	48.39	50.2	52.84	60.02	20	48	110	379
2009	4	8	49.38	52.07	56.07	63.53	13	41	103	372
2009	4	15	49.25	51.77	55.62	62.79	6	34	96	365
2009	4	22	48.85	50.7	53.49	60.81	27	60	118	388
2009	4	29	50.97	52.21	54.32	61.61	20	53	111	381
2009	5	6	56.34	57.59	59.82	66.12	13	46	104	374
2009	5	13	58.02	58.97	60.73	66.43	6	39	97	367
2009	5	20	62.04	62.62	63.75	67.73	32	61	122	392
2009	5	27	63.45	64.16	65.22	68.86	25	54	115	385
2009	6	3	66.12	67.09	68.86	73.97	19	48	109	379
2009	6	10	71.33	72.03	73.6	77.93	12	41	102	372
2009	6	17	71.03	71.7	73.34	77.09	5	34	95	365
2009	6	24	68.67	69.5	70.86	74.63	27	56	116	386
2009	7	1	69.31	70.27	71.78	75.2	20	49	109	379
2009	7	8	60.14	61.16	63.18	67.8	13	42	102	372
2009	7	15	61.54	62.58	64.86	69.74	6	35	95	365
2009	7	22	65.4	67.04	69.75	75.46	28	60	118	388
2009	7	29	63.35	65.23	68.1	73.72	21	53	111	381
2009	8	5	71.97	73.93	76.33	80.75	15	47	105	375
2009	8	12	70.16	72.01	74.24	79.01	8	40	98	368
2009	8	19	72.42	73.83	75.56	79.89	1	33	91	361
2009	8	26	71.43	72.19	73.68	77.78	26	54	115	385
2009	9	2	68.05	68.68	69.96	74.04	20	48	109	379
2009	9	9	71.31	71.82	72.62	75.93	13	41	102	372
2009	9	16	72.51	72.87	73.65	77.31	6	34	95	365
2009	9	23	68.97	69.51	70.6	74.57	27	57	117	387
2009	9	30	70.61	70.94	71.71	75.64	20	50	110	380
2009	10	7	69.57	69.88	70.8	74.55	13	43	103	373
2009	10	14	75.18	75.6	76.68	80.14	6	36	96	366
2009	10	21	81.37	81.96	83.06	86.07	29	60	118	388
2009	10	28	77.46	78.06	79.14	82.62	22	53	111	381
2009	11	4	80.4	81.07	82.36	85.85	16	47	105	375
2009	11	11	79.28	79.92	81.25	85.02	9	40	98	368
2009	11	18	79.58	80.1	81.57	86.04	2	33	91	361
2009	11	25	77.96	79.19	81.03	85.59	26	55	117	385
2009	12	2	76.6	78.17	80.44	85.44	19	48	110	378
2009	12	9	70.67	72.55	74.9	80.15	12	41	103	371
2009	12	16	72.66	74.38	76.09	80.63	5	34	96	364
2009	12	23	76.67	77.25	78.43	82.52	27	56	117	387
2009	12	30	79.28	80.03	81.29	85.08	20	49	110	380
2010	1	6	83.18	83.75	84.86	88.56	14	43	104	374
2010	1	13	79.65	80.04	81.21	85.52	7	36	97	367
2010	1	20	77.62	77.74	78.85	83.4	0	29	90	360
2010	1	27	73.67	74.15	75.32	79.42	22	55	113	385
2010	2	3	76.98	77.43	78.64	82.58	16	49	107	379
2010	2	10	74.52	74.89	75.83	79.37	9	42	100	372
2010	2	17	77.33	77.73	78.71	81.98	2	35	93	365
2010	2	24	80	80.38	81.17	83.41	28	56	118	388
2010	3	3	80.87	81.26	82	84.08	19	47	109	379
2010	3	10	82.09	82.43	83.19	85.44	12	40	102	372
2010	3	17	82.93	83.21	83.89	85.21	5	33	95	365
2010	3	24	80.61	81.01	81.81	83.43	26	56	116	385
2010	3	31	83.76	84.18	84.84	85.98	20	50	110	379
2010	4	7	85.88	86.51	87.69	89.4	13	43	103	372
2010	4	14	85.84	86.73	88.33	90.71	6	36	96	365
2010	4	21	83.68	85.63	87.51	90.66	29	61	119	389
2010	4	28	83.22	85.67	88.19	91.34	22	54	112	382
2010	5	5	79.97	82.99	85.47	88.78	15	47	105	375
2010	5	12	75.65	80.15	83.74	87.7	8	40	98	368
2010	5	19	69.87	72.48	74.7	78.36	1	33	91	361
2010	5	26	71.51	72.54	74.02	77.42	26	54	115	385
2010	6	2	72.86	74.5	76.67	81.13	20	48	109	379
2010	6	9	74.38	75.44	77.03	81.14	13	41	102	372
2010	6	16	77.67	78.72	80.3	83.77	6	34	95	365
2010	6	23	76.35	77.03	78.28	81.47	27	57	117	387
2010	6	30	75.63	76.16	77.05	79.79	20	50	110	380
2010	7	7	74.07	74.64	75.8	79.34	13	43	103	373
2010	7	14	77.04	77.45	78.29	81.61	6	36	96	366
2010	7	21	76.56	77	78.09	81.23	29	60	118	391
2010	7	28	76.99	77.44	78.59	82.09	22	53	111	384
2010	8	4	82.47	82.91	83.98	86.88	16	47	105	378
2010	8	11	78.02	78.49	79.78	83.32	9	40	98	371
2010	8	18	75.42	75.78	77.3	81.36	2	33	91	364
2010	8	25	72.52	73.24	74.87	78.84	26	55	115	385
2010	9	1	73.91	75.36	77.9	82.11	20	49	109	379
2010	9	8	74.67	76.37	79.04	83.22	13	42	102	372
2010	9	15	76.02	77.12	79.43	83.46	6	35	95	365
2010	9	22	74.71	76.3	78.56	82.13	28	57	118	388
2010	9	29	77.86	79.09	80.97	84.38	21	50	111	381
2010	10	6	83.23	83.99	85.38	88.12	14	43	104	374
2010	10	13	83.01	83.74	85.09	87.85	7	36	97	367
2010	10	20	81.77	82.54	83.84	86.45	0	29	90	360
2010	10	27	81.94	82.67	83.79	86.54	22	53	115	381
2010	11	3	84.69	85.35	86.37	88.82	16	47	109	375
2010	11	10	87.81	88.29	89.05	90.98	9	40	102	368
2010	11	17	80.44	81.04	82.29	84.86	2	33	95	361
2010	11	24	83.86	84.43	85.32	87.22	26	56	118	386
2010	12	1	86.75	87.25	87.91	89.36	19	49	111	379
2010	12	8	88.28	88.82	89.63	90.32	12	42	104	372
2010	12	15	88.62	89.24	90.38	91.45	5	35	97	365
2010	12	22	90.48	91.21	92.25	92.88	28	60	117	388
2010	12	29	91.12	91.9	92.99	93.57	21	53	110	381
2011	1	5	90.3	91.42	93.23	95.16	15	47	104	375
2011	1	12	91.86	92.87	94.48	96.34	8	40	97	368
2011	1	19	90.86	91.81	93.99	96.3	1	33	90	361
2011	1	26	87.33	89.35	92.39	95.74	26	56	114	385
2011	2	2	90.86	93.68	97.01	100.78	20	50	108	379
2011	2	9	86.71	90.1	95.13	99.7	13	43	101	372
2011	2	16	84.99	87.84	92.82	97.65	6	36	94	365
2011	2	23	98.1	99.82	101.22	101.44	29	56	118	387
2011	3	2	102.23	103.48	104.47	104.49	20	47	109	378
2011	3	9	104.38	105.61	106.82	106.58	13	40	102	371
2011	3	16	97.98	98.95	100.15	100.27	6	33	95	364
2011	3	23	105.75	106.21	106.76	105.42	26	57	117	387
2011	3	30	104.27	104.84	105.73	105.39	19	50	110	380
2011	4	6	108.83	109.48	110.39	109.46	13	44	104	374
2011	4	13	107.11	107.71	108.64	108.65	6	37	97	367
2011	4	20	111.45	111.91	112.28	110.74	30	61	122	392
2011	4	27	112.76	113.28	113.69	112.29	23	54	115	385
2011	5	4	109.24	109.73	110.17	109.47	16	47	108	378
2011	5	11	98.21	98.77	99.37	98.96	9	40	101	371
2011	5	18	100.1	100.56	101.16	101.02	2	33	94	364
2011	5	25	101.32	101.82	102.54	103.14	26	55	115	385
2011	6	1	100.29	100.86	101.72	103.07	20	49	109	379
2011	6	8	100.74	101.29	102.22	104.29	13	42	102	372
2011	6	15	94.81	95.26	96.11	98.33	6	35	95	365
2011	6	22	95.41	95.92	96.78	99.22	28	60	118	388
2011	6	29	94.77	95.32	96.36	99.25	21	53	111	381
2011	7	6	96.65	97.13	98.02	101.14	14	46	104	374
2011	7	13	98.05	98.49	99.36	102.7	7	39	97	367
2011	7	20	98.14	98.4	99.22	102.48	0	32	90	360
2011	7	27	97.4	97.84	98.82	101.84	25	53	111	384
2011	8	3	91.93	92.33	93.24	96.77	19	47	105	378
2011	8	10	82.89	83.25	84.14	87.51	12	40	98	371
2011	8	17	87.58	87.73	88.42	91.43	5	33	91	364
2011	8	24	85.16	85.53	86.37	89.81	26	56	116	386
2011	8	31	88.81	89.16	89.88	91.62	20	50	110	380
2011	9	7	89.34	89.55	90.14	91.82	13	43	103	373
2011	9	14	88.91	89.01	89.36	91.11	6	36	96	366
2011	9	21	85.92	86.18	86.73	89.08	29	57	119	391
2011	9	28	81.21	81.46	82	84.4	22	50	112	384
2011	10	5	79.68	79.83	80.11	82.12	15	43	105	377
2011	10	12	85.57	85.78	86.14	87.48	8	36	98	370
2011	10	19	86.11	86.29	86.6	87.54	1	29	91	363
2011	10	26	90.2	90.18	90.08	89.47	22	54	115	380
2011	11	2	92.51	92.35	92.05	91.11	16	48	109	374
2011	11	9	95.74	95.64	95.45	94.06	9	41	102	367
2011	11	16	102.59	102.6	102.38	99.79	2	34	95	360
2011	11	23	96.17	96.37	96.7	95.48	27	57	117	386
2011	11	30	100.36	100.46	100.56	97.62	20	50	110	379
2011	12	7	100.49	100.68	101.03	99.2	13	43	103	372
2011	12	14	94.95	95.14	95.59	94.35	6	36	96	365
2011	12	21	98.67	98.85	99.1	97	29	60	119	391
2011	12	28	99.36	99.51	99.82	97.58	22	53	112	384
2012	1	4	103.22	103.4	103.78	101.41	16	47	106	378
2012	1	11	100.87	101.09	101.57	100.59	9	40	99	371
2012	1	18	100.59	100.76	101.23	100.19	2	33	92	364
2012	1	25	99.4	99.73	100.38	100.14	26	55	117	385
2012	2	1	97.61	97.99	98.79	99.63	20	49	111	379
2012	2	8	98.71	99.1	100.39	102.13	13	42	104	372
2012	2	15	101.8	102.14	103.14	103.63	6	35	97	365
2012	2	22	106.28	106.78	107.58	106.48	28	58	118	388
2012	2	29	107.07	107.52	108.25	106.64	20	50	110	380
2012	3	7	106.16	106.65	107.62	106.84	13	43	103	373
2012	3	14	105.43	105.95	106.98	107.15	6	36	96	366
2012	3	21	107.27	107.75	108.47	107.42	29	61	119	391
2012	3	28	105.41	105.96	106.81	106.67	22	54	112	384
2012	4	4	101.47	102.03	103.08	103.74	16	48	106	378
2012	4	11	102.7	103.18	104.06	104.18	9	41	99	371
2012	4	18	102.67	103.12	103.98	103.95	2	34	92	364
2012	4	25	104.12	104.5	105.06	104.16	27	55	116	386
2012	5	2	105.22	105.58	105.97	104.59	20	48	109	379
2012	5	9	96.81	97.15	97.68	97.57	13	41	102	372
2012	5	16	92.81	93.19	93.78	94.08	6	34	95	365
2012	5	23	89.9	90.2	90.77	90.9	27	57	117	387
2012	5	30	87.82	88.14	88.71	89.28	20	50	110	380
2012	6	6	85.02	85.33	85.95	87.25	14	44	104	374
2012	6	13	82.62	82.92	83.48	85.59	7	37	97	367
2012	6	20	81.8	81.45	82.23	84.67	0	30	90	360
2012	6	27	80.21	80.61	81.46	83.83	23	54	115	385
2012	7	4	87.66	88.03	88.8	90.15	17	48	109	379
2012	7	11	85.81	86.19	87.02	89.11	9	40	101	371
2012	7	18	89.87	90.17	90.82	92.21	2	33	94	364
2012	7	25	88.97	89.25	89.94	90.87	26	55	111	385
2012	8	1	88.91	89.17	89.99	91.22	20	49	105	379
2012	8	8	93.35	93.63	94.39	94.96	13	42	98	372
2012	8	15	94.33	94.62	95.27	95.7	6	35	91	365
2012	8	22	97.26	97.55	98.3	97.22	28	60	117	388
2012	8	29	95.49	95.81	96.55	95.73	21	53	110	381
2012	9	5	95.36	95.69	96.49	96.47	15	47	104	375
2012	9	12	97.01	97.34	98.08	97.6	8	40	97	368
2012	9	19	91.98	92.3	92.91	92.35	1	33	90	361
2012	9	26	89.98	90.34	91.18	91.27	26	50	116	386
2012	10	3	88.14	88.52	89.41	90.08	19	43	109	379
2012	10	10	91.25	91.64	92.58	93.44	12	36	102	372
2012	10	17	92.12	92.59	93.54	94.59	5	29	95	365
2012	10	24	85.73	86.29	87.34	88.35	22	55	116	386
2012	10	31	86.24	86.73	87.83	89.48	16	49	110	380
2012	11	7	84.44	84.91	86.13	88.32	9	42	103	373
2012	11	14	86.32	86.75	87.9	90.12	2	35	96	366
2012	11	21	87.38	87.98	89.19	90.66	28	61	119	388
2012	11	28	86.49	87.13	88.37	89.92	21	54	112	381
2012	12	5	87.88	88.47	89.75	91.43	14	47	105	374
2012	12	12	86.77	87.31	88.44	89.77	7	40	98	367
2012	12	19	89.51	89.98	90.96	91.92	0	33	91	360
2012	12	26	90.98	91.49	92.47	92.46	26	54	116	385
2013	1	2	93.12	93.55	94.33	93.72	20	48	110	379
2013	1	9	93.1	93.56	94.38	93.92	13	41	103	372
2013	1	16	94.24	94.68	95.32	93.83	6	34	96	365
2013	1	23	95.23	95.75	96.54	94.45	27	57	118	387
2013	1	30	97.94	98.38	99.06	95.91	20	50	111	380
2013	2	6	96.62	97.09	97.97	96.49	14	44	105	374
2013	2	13	97.01	97.6	98.57	96.67	7	37	98	367
2013	2	20	94.46	95.22	96.03	94.74	0	30	91	360
2013	2	27	92.76	93.15	93.78	91.94	23	55	113	383
2013	3	6	90.43	90.9	91.57	89.82	14	46	104	374
2013	3	13	92.52	92.88	93.26	90.6	7	39	97	367
2013	3	20	92.96	93.5	93.95	91.13	0	32	90	360
2013	3	27	96.58	96.84	96.91	93.05	25	54	115	385
2013	4	3	94.45	94.77	95.06	91.93	19	48	109	379
2013	4	10	94.64	94.97	95.29	92.26	12	41	102	372
2013	4	17	86.68	86.97	87.28	85.34	5	34	95	365
2013	4	24	91.43	91.69	91.63	89.02	27	56	116	386
2013	5	1	91.03	91.24	90.98	87.84	20	49	109	379
2013	5	8	96.62	96.85	96.47	92.17	13	42	102	372
2013	5	15	94.3	94.56	94.49	91.29	6	35	95	365
2013	5	22	94.28	94.46	94.06	90.68	28	60	118	388
2013	5	29	93.13	93.35	93.15	89.6	21	53	111	381
2013	6	5	93.74	93.96	93.86	90.4	15	47	105	375
2013	6	12	95.88	96.1	95.85	91.73	8	40	98	368
2013	6	19	98.24	98.48	98.31	93.42	1	33	91	361
2013	6	26	95.5	95.41	94.22	89.28	26	54	116	386
2013	7	3	101.24	101.11	98.97	92.12	19	47	109	379
2013	7	10	106.52	105.62	102.29	93.47	12	40	102	372
2013	7	17	106.48	106.35	103.58	94.7	5	33	95	365
2013	7	24	105.39	104.1	101.26	93.12	26	56	116	386
2013	7	31	105.03	104.22	101.65	93.9	20	50	110	380
2013	8	7	104.37	103.91	101.49	93.52	13	43	103	373
2013	8	14	106.85	106.56	103.97	95	6	36	96	366
2013	8	21	103.85	103.37	101.25	94.05	29	61	118	391
2013	8	28	110.1	109.37	106.18	95.87	22	54	111	384
2013	9	4	107.23	106.59	103.92	94.82	16	48	105	378
2013	9	11	107.56	106.64	103.54	94.34	9	41	98	371
2013	9	18	108.07	107.28	104.43	95.38	2	34	91	364
2013	9	25	102.66	102.05	100.13	92.89	27	55	116	386
2013	10	2	104.1	103.64	101.7	94.06	20	48	109	379
2013	10	9	101.61	101.43	100.32	93.87	13	41	102	372
2013	10	16	102.29	102.49	101.9	95.55	6	34	95	365
2013	10	23	96.86	97	96.27	91.29	27	56	117	387
2013	10	30	96.77	97.06	96.8	92.01	20	49	110	380
2013	11	6	94.8	95.13	95.23	90.99	14	43	104	374
2013	11	13	93.88	94.49	94.88	91.44	7	36	97	367
2013	11	20	93.33	93.85	94.24	90.97	0	29	90	360
2013	11	27	92.3	92.63	92.95	90.02	22	54	113	382
2013	12	4	97.2	97.43	97.18	91.57	15	47	106	375
2013	12	11	97.44	97.72	97.39	91.61	8	40	99	368
2013	12	18	97.8	98.06	97.41	90.85	1	33	92	361
2013	12	25	99.22	99.34	98.31	90.7	27	56	118	386
2014	1	1	98.42	98.55	97.99	91.2	21	50	112	380
2014	1	8	92.33	92.53	92.2	86.78	13	42	104	372
2014	1	15	94.17	94.35	93.77	87.41	6	35	97	365
2014	1	22	96.73	96.37	95.09	88.11	28	58	118	388
2014	1	29	97.36	96.88	95.38	88.25	21	51	111	381
2014	2	5	97.38	96.76	95.22	88.82	15	45	105	375
2014	2	12	100.37	99.92	98.37	91.28	8	38	98	368
2014	2	19	103.31	102.84	100.8	92.19	1	31	91	361
2014	2	26	102.59	101.77	99.75	91.28	24	56	114	384
2014	3	5	101.45	100.88	99.03	90.51	15	47	105	375
2014	3	12	97.99	97.68	96.44	90.02	8	40	98	368
2014	3	19	100.37	99.17	97.09	89.74	1	33	91	361
2014	3	26	100.26	99.53	97.71	90.44	26	54	116	385
2014	4	2	99.62	98.9	97.14	90.35	20	48	110	379
2014	4	9	103.6	102.65	100.67	92.6	13	41	103	372
2014	4	16	103.76	103.03	101.25	93.13	6	34	96	365
2014	4	23	101.44	100.85	99.26	92.55	27	57	117	386
2014	4	30	99.74	99.11	97.39	90.98	20	50	110	379
2014	5	7	100.77	99.96	98.03	91.14	13	43	103	372
2014	5	14	102.37	101.74	99.89	92.66	6	36	96	365
2014	5	21	104.07	103.16	100.95	93.11	29	61	121	391
2014	5	28	102.72	101.99	99.99	92.9	22	54	114	384
2014	6	4	102.64	101.93	100.02	92.93	16	48	108	378
2014	6	11	104.4	103.62	101.66	94.13	9	41	101	371
2014	6	18	105.97	105.59	103.85	95.96	2	34	94	364
2014	6	25	106.5	105.72	103.77	96.66	27	55	116	386
2014	7	2	104.48	103.91	102.28	96.32	20	48	109	379
2014	7	9	102.29	101.75	100.28	95.33	13	41	102	372
2014	7	16	101.2	100.6	99.2	94.47	6	34	95	365
2014	7	23	103.12	101.65	99.95	94.9	27	59	117	387
2014	7	30	100.27	99.04	97.56	93.31	20	52	110	380
2014	8	6	96.92	96.24	95.5	92.68	14	46	104	374
2014	8	13	97.59	96.74	95.92	93.38	7	39	97	367
2014	8	20	96.07	93.45	92.57	90.99	0	32	90	360
2014	8	27	93.88	93.34	92.95	91.61	25	54	112	385
2014	9	3	95.54	94.68	93.91	92.05	19	48	106	379
2014	9	10	91.67	90.84	90.26	89.48	12	41	99	372
2014	9	17	94.42	93.2	92.11	90.53	5	34	92	365
2014	9	24	92.8	92.07	91.1	89.58	27	56	116	386
2014	10	1	90.73	89.74	88.66	86.76	20	49	109	379
2014	10	8	87.31	86.59	85.9	84.65	13	42	102	372
2014	10	15	81.78	80.94	79.87	79.06	6	35	95	365
2014	10	22	80.52	80.13	79.54	78.89	28	57	118	388
2014	10	29	82.2	81.96	81.68	81.09	21	50	111	381
2014	11	5	78.68	78.6	78.51	78.79	15	44	105	375
2014	11	12	77.18	77.15	77.13	77.95	8	37	98	368
2014	11	19	74.58	74.5	74.37	75.01	1	30	91	361
2014	11	26	73.69	73.76	73.9	74.67	23	54	114	385
2014	12	3	67.38	67.46	67.76	69.45	16	47	107	378
2014	12	10	60.94	61.16	61.7	64.05	9	40	100	371
2014	12	17	56.47	56.79	57.46	60.34	2	33	93	364
2014	12	24	55.84	56.22	57.14	61.67	26	56	117	386
2014	12	31	53.27	53.7	54.96	60.48	20	50	111	380
2015	1	7	48.65	49.08	50.48	56.18	13	43	104	373
2015	1	14	48.48	48.96	50.36	56.13	6	36	97	366
2015	1	21	47.78	48.43	50.04	55.4	29	59	118	391
2015	1	28	44.45	45.23	47.51	55.15	22	52	111	384
2015	2	4	48.45	49.3	51.89	59.68	16	46	105	378
2015	2	11	48.84	49.78	52.43	60.14	9	39	98	371
2015	2	18	52.14	52.82	55.19	61.24	2	32	91	364
2015	2	25	50.99	52.76	55.77	62.04	25	56	117	386
